"","Alive","Death","ODN","ODF","REL","BUP","BUPC","MET","METC","ABS"
"0",0,0,0,0,0,0,0,1,0,0
"1",0,0.000324118877957358,0.00939942232286302,0.000415844634648457,0.099143314763091,0.0112483036957708,0,0.74239793063041,0.134979645586563,0.0020914194886966
"2",0,0.000671399917677618,0.0232354859588982,0.00144381761400431,0.137082642293297,0.0123268120434216,0.00625740757056652,0.669524767273448,0.146703152361735,0.00275451496695071
"3",0,0.00102946993182651,0.022050980704694,0.00241938629256865,0.17115591761139,0.0153454316946175,0.00911714291334436,0.614966722822424,0.160756927243311,0.00315802078582372
"4",0,0.00139424750095185,0.0226740788776932,0.0034225217750493,0.195281495137742,0.0178738294907727,0.0117416246660176,0.573391268056896,0.17078932599249,0.00343160850238767
"5",0,0.00176396061602002,0.023137244131344,0.00444614838763034,0.214533763570878,0.0202642065761333,0.0139046463218811,0.539697215507632,0.178624870330794,0.00362794455768723
"6",0,0.0021375115922514,0.0236343596592249,0.00549176814170125,0.230225895095958,0.0224885254162439,0.0157661543802477,0.511499957742128,0.184982179693959,0.00377364827828703
"7",0,0.0025141280893598,0.0241390007035313,0.00655971397747057,0.243285733755275,0.0245655249191966,0.0173838964128881,0.487373167151956,0.190294673869614,0.00388416112070825
"8",0,0.00289323268869512,0.0246106583002363,0.0076485266574186,0.254337255706151,0.0265059741893672,0.0188046929114364,0.466394292403727,0.194836110957924,0.00396925618504364
"9",0,0.0032743747535936,0.0250453597107728,0.00875657118407342,0.263792153474161,0.0283199874464073,0.0200616843797478,0.447927604463224,0.198786798516139,0.00403546607188146
"10",0,0.00365719251830199,0.0254398471074462,0.00988206842874731,0.271951275339006,0.0300164851067532,0.0211802856348422,0.431514095639483,0.20227141926416,0.00408733096126022
"11",0,0.00404138933134757,0.0257955694723084,0.0110233033679062,0.279038086910553,0.0316035708505957,0.0221804454069962,0.416810333040373,0.205379201812168,0.00412809980775124
"12",0,0.00442671791948956,0.0261152455306168,0.012178681258526,0.285224426988361,0.033088663873511,0.0230782160655083,0.403551954221557,0.208175943027659,0.00416015111477235
"13",0,0.00483368358951475,0.0264013160133875,0.0133467153392078,0.290637384513821,0.0344779660223201,0.0238862746626571,0.391523885859018,0.210707543436522,0.00418523056355106
"14",0,0.00524142475338985,0.0266576633093632,0.0145260906112923,0.295393537028373,0.0357783606589966,0.0246159925847729,0.380566085154414,0.213016141978149,0.0042047039212487
"15",0,0.00564977963549362,0.0268871900147583,0.0157156204913589,0.299581337743569,0.0369957271084547,0.0252765972353928,0.370542065915616,0.21513208043364,0.00421960142171632
"16",0,0.00605860783692425,0.027092562042899,0.0169142363400176,0.30327383577864,0.0381355224463782,0.0258759321482861,0.361338915880194,0.217079665075589,0.00423072245107231
"17",0,0.00646778671878556,0.027276165029663,0.0181209750620114,0.30653206924261,0.0392028174963786,0.0264207203967993,0.352862112360543,0.218878660004153,0.00423869368905573
"18",0,0.00687720855335339,0.0274401214666938,0.0193349674643179,0.309407539810778,0.0402023268751072,0.0269167660388973,0.345031705976123,0.220545352667746,0.00424401114698382
"19",0,0.00728677824762414,0.0275863140712895,0.0205554276481709,0.311944076679332,0.0411384358636362,0.0273691104484789,0.337779457896871,0.222093328140144,0.0042470710044525
"20",0,0.00769641150128619,0.0277164123350717,0.0217816435756337,0.314179262059151,0.0420152247593148,0.0277821558682659,0.331046655551042,0.223534041832102,0.00424819251813245
"21",0,0.0081060332995655,0.0278318982563993,0.0230129687746146,0.316145538363292,0.0428364911879455,0.0281597644216897,0.324782420764587,0.224877249704873,0.00424763522703361
"22",0,0.00851557666784208,0.0279340897596646,0.024248815079987,0.317871079783054,0.0436057706626359,0.028505338436897,0.318942381602348,0.226131336011773,0.00424561199579787
"23",0,0.00892498163344235,0.0280241614483796,0.0254886462928568,0.319380486501271,0.0443263555854798,0.0288218863044444,0.313487617074136,0.227303566176843,0.00424229898314725
"24",0,0.00933419435323424,0.0281031627121663,0.0267319726409113,0.32069534349934,0.0450013128364849,0.0291120769807428,0.308383809461228,0.228400284201889,0.00423784331400322
"25",0,0.00977008169157911,0.0281710549482636,0.0279783026439932,0.321822953807604,0.0456324200207817,0.0293775303898566,0.303593704047265,0.229421619008524,0.00423233344213338
"26",0,0.0102056530126082,0.0282297163543062,0.0292272279162445,0.322792088069137,0.0462233427558217,0.0296210686437685,0.299097247926288,0.23037775039983,0.00422590492199647
"27",0,0.0106408663472478,0.0282798624618277,0.0304783717280022,0.323617690725268,0.0467765782866817,0.0298446025236404,0.294870266523723,0.231273112601352,0.00421864880225678
"28",0,0.011075683719631,0.0283221759483384,0.0317313875522873,0.324313059414372,0.0472944522225348,0.0300498420171556,0.290891086701836,0.232111668210231,0.00421064421361455
"29",0,0.0115100707231414,0.0283572735968135,0.0329859561495308,0.324890091120308,0.0477791332590355,0.0302383214051911,0.287140215275159,0.232896977955116,0.00420196051570421
"30",0,0.011943996149735,0.0283857162487237,0.034241783092637,0.325359455470282,0.0482326446467512,0.030411421204019,0.283600065709114,0.233632258429877,0.0041926590488614
"31",0,0.01237743166509,0.0284080137189697,0.0354985965094912,0.325730747094223,0.048656874824909,0.0305703862861493,0.280254726603079,0.234320428765201,0.00418279453288771
"32",0,0.0128103515231635,0.0284246301435483,0.036756145062056,0.326012614896933,0.0490535871533268,0.0307163414370809,0.277089764277242,0.23496414932314,0.00417241618350927
"33",0,0.0132427323145335,0.0284359888529754,0.038014196141075,0.326212872799247,0.049424428877676,0.0308503047915679,0.274092053572256,0.235565854045994,0.0041615686046762
"34",0,0.0136745527437988,0.0284424766434255,0.0392725342497386,0.326338595094739,0.0497709394000904,0.0309731995207657,0.271249632115711,0.236127777728561,0.00415029250317087
"35",0,0.0141057934320553,0.0284444475517742,0.0405309595543633,0.326396198848383,0.050094557918345,0.0310858640431576,0.268551574228227,0.236651979161382,0.00413862526231284
"36",0,0.0145364367410954,0.0284422261758661,0.041789286581964,0.326391515388644,0.0503966304869714,0.0311890609792377,0.265987881355618,0.237140360886788,0.00412660140381535
"37",0,0.0150002780818651,0.0284348506111642,0.0430472873034468,0.326314715042895,0.0506768937875146,0.0312824636916668,0.263541805784927,0.237587496877058,0.00411420881946248
"38",0,0.0154634243880137,0.0284239320145513,0.0443048049697307,0.326186147273055,0.0509379665483999,0.0313676685199044,0.261212564367223,0.238001977426992,0.00410151449213068
"39",0,0.0159258614893729,0.0284096657271737,0.045561691473922,0.326010202886437,0.0511809697762174,0.0314452730544762,0.258992410099081,0.238385378736307,0.00408854675701171
"40",0,0.0163875764919624,0.0283922810781864,0.0468178088549951,0.325790868709953,0.051406948721778,0.0315158190705692,0.256874203006364,0.238739161730023,0.004075332336168
"41",0,0.0168485576754962,0.0283719890134967,0.0480730284844898,0.3255318056338,0.0516168814290522,0.0315797992544149,0.254851356057941,0.239064686075356,0.00406189637595331
"42",0,0.0173087943980678,0.0283489869859686,0.0493272304695585,0.325236371495044,0.0518116836613007,0.0316376637888144,0.252917783744302,0.239363222899987,0.0040482625569571
"43",0,0.0177682770084669,0.0283234583370165,0.0505803030286548,0.324907649188676,0.0519922134987017,0.0316898250073459,0.251067856688355,0.239635964043199,0.00403445319958344
"44",0,0.0182269967660633,0.0282955731729844,0.0518321419059939,0.324548471130264,0.0521592754419513,0.0317366613207843,0.249296361158867,0.239884029744522,0.00402048935856914
"45",0,0.0186849457676693,0.0282654894273127,0.0530826498330045,0.324161441293984,0.0523136241567712,0.0317785205751679,0.247598462879583,0.240108475160614,0.00400639090589255
"46",0,0.0191421168807666,0.0282333538291323,0.0543317360326338,0.32374895515868,0.0524559679066553,0.0318157229893489,0.245969674585661,0.240310296013797,0.00399217660332531
"47",0,0.0195985036825002,0.0281993028180474,0.0555793157641231,0.323313217694927,0.0525869717132041,0.0318485637488181,0.244405826869918,0.240490433542232,0.00397786416623036
"48",0,0.0200541004038869,0.0281634633745682,0.0568253099045231,0.322856259613448,0.0527072602728547,0.0318773153112212,0.242903041925699,0.240649778873683,0.00396347032011534
"49",0,0.020543270084679,0.028124661461064,0.0580695873896873,0.322364459534019,0.0528157771967997,0.0319011499812581,0.241450505936094,0.240781621858611,0.003948966557787
"50",0,0.02103156018255,0.0280843819840296,0.0593120828499742,0.321855456443906,0.052914640632053,0.0319213230340045,0.24005205976585,0.240894090252083,0.00393440485554957
"51",0,0.0215189664934647,0.0280426678588035,0.0605527328143818,0.321330807297787,0.0530043872841929,0.0319380696395639,0.238704570744073,0.240987998144174,0.00391979972355994
"52",0,0.0220054852954588,0.0279996113489404,0.0617914778937871,0.320791921056,0.0530855167937814,0.0319516025252714,0.237405112392136,0.241064107707259,0.00390516498736591
"53",0,0.0224911133186911,0.0279552976792306,0.0630282624695404,0.320240111518147,0.0531584977868,0.031962115238471,0.236150952098597,0.241123136202913,0.00389051368760948
"54",0,0.0229758477146479,0.027909809029811,0.0642630345587655,0.319676595651793,0.053223770244239,0.0319697858114697,0.234939536022207,0.241165762881206,0.00387585808586197
"55",0,0.0234596860260775,0.0278632228357362,0.0654957456044296,0.319102500660366,0.053281747741718,0.0319747787208276,0.233768475731801,0.241192632990914,0.00386120968812986
"56",0,0.0239426261585556,0.0278156117584338,0.0667263502641515,0.31851886991652,0.0533328193557221,0.0319772464069287,0.232635536004101,0.241204360861411,0.00384657927417697
"57",0,0.0244246663538323,0.0277670439522151,0.0679548062107994,0.31792666866257,0.0533773513693082,0.0319773304790202,0.231538623681894,0.241201532361994,0.00383197692836564
"58",0,0.0249058051649738,0.0277175833224416,0.0691810739445114,0.317326789509683,0.0534156888139119,0.0319751627289899,0.2304757774706,0.241184706974468,0.00381741207042106
"59",0,0.0253860414332313,0.0276672898076335,0.070405116617196,0.316720057608967,0.0534481568767699,0.0319708660052807,0.229445158579454,0.241154419585973,0.00380289348549577
"60",0,0.0258653742665472,0.0276162196442179,0.0716268998687462,0.316107235501076,0.0534750621929397,0.031964554979508,0.228445042124501,0.241111182069174,0.00378842935328983
"61",0,0.0263819951431586,0.0275629869254727,0.0728463280244493,0.315471814953492,0.0534948034505119,0.0319551079296768,0.227466095197558,0.241046889680957,0.0037739786947234
"62",0,0.0268976161800454,0.0275091741875897,0.0740633754233829,0.314832149108057,0.0535094621583539,0.0319437916714128,0.226514481404256,0.240970360856299,0.00375958901060283
"63",0,0.0274122374083687,0.0274547598061954,0.0752780154479298,0.314188797211675,0.0535193159891433,0.03193072212163,0.225588779826094,0.240882104804099,0.00374526738486537
"64",0,0.0279258590352184,0.0273997832839984,0.076490223228132,0.313542244722514,0.0535246209237987,0.0319160016351397,0.224687651271148,0.240782595356778,0.00373102054327203
"65",0,0.0284384814389472,0.0273442805869632,0.0776999754852204,0.312892955456046,0.0535256168360452,0.0318997215967838,0.223809836932933,0.240672276944984,0.00371685472207735
"66",0,0.0289501051607479,0.0272882883855082,0.0789072505627804,0.312241362262361,0.0535225289155617,0.0318819656654958,0.222954152546493,0.240551570840651,0.00370277566040192
"67",0,0.0294607308946475,0.0272318418096451,0.0801120283586021,0.311587868474866,0.053515569036931,0.0318628111343131,0.222119483471704,0.240420878205263,0.00368878861402813
"68",0,0.0299703594772877,0.0271749741234137,0.0813142902421271,0.310932848715729,0.0535049368273662,0.0318423298731754,0.221304780139784,0.240280582224442,0.00367489837667388
"69",0,0.0304789918778878,0.0271177167578655,0.0825140189733541,0.310276650001153,0.0534908205825302,0.0318205889866096,0.220509053857095,0.240131049659914,0.00366110930359124
"70",0,0.0309866291885941,0.027060099356763,0.0837111986237665,0.309619593115073,0.0534733980668764,0.0317976513207347,0.21973137291641,0.239972632076273,0.00364742533550864
"71",0,0.0314932726152999,0.0270021498706223,0.084905814501421,0.308961974050814,0.0534528372273932,0.0317735758716656,0.218970858987678,0.239805666853013,0.00363385002209302
"72",0,0.0319989234689719,0.0269438946503743,0.0860978530801789,0.308304065480728,0.053429296837717,0.0317484181264672,0.218226683763438,0.239630478047549,0.00362038654457566
"73",0,0.0325420519456834,0.0268839121622895,0.0872872379431035,0.307628823612161,0.0534009813353432,0.0317209721664436,0.217490458580662,0.239438572866855,0.00360698938745816
"74",0,0.0330840902480145,0.0268237689221582,0.0884739619782814,0.306954277473709,0.0533698978209282,0.0316924832308745,0.216769006489322,0.239238812733449,0.00359370110326388
"75",0,0.0336250403568419,0.0267634172445071,0.0896580159641221,0.306280594218222,0.0533362012633178,0.0316630203835096,0.216061640359549,0.239031545727929,0.00358052448200125
"76",0,0.0341649042953109,0.0267028736821938,0.0908393914113585,0.30560789551515,0.0533000318616267,0.0316326422253769,0.21536770740759,0.238817091435514,0.00356746216587989
"77",0,0.0347036841347572,0.0266421526128312,0.0920180804668106,0.304936308712592,0.0532615203465737,0.031601399249094,0.214686591446132,0.238595746523587,0.00355451650762216
"78",0,0.0352413819956388,0.0265812705184104,0.0931940760064869,0.304265955073368,0.0532207890046108,0.0315693369424126,0.214017710128007,0.238367790774794,0.00354168955627177
"79",0,0.0357780000459376,0.0265202436049968,0.0943673716233763,0.303596949309779,0.0531779526763612,0.0315364969573021,0.213360512892481,0.238133489824768,0.00352898306499805
"80",0,0.0363135404986169,0.0264590873859227,0.0955379615968013,0.30292939863855,0.0531331194693476,0.031502917869968,0.212714479044915,0.237893096989361,0.00351639850651814
"81",0,0.0368480056086367,0.026397816635365,0.0967058408597161,0.30226340229625,0.053086391339091,0.0314686356645195,0.212079115987707,0.237646854517861,0.00350393709085402
"82",0,0.037381397669803,0.0263364453598426,0.0978710049647446,0.301599051462954,0.0530378645746013,0.0314336840777968,0.211453957570453,0.237394994536389,0.00349159978341497
"83",0,0.0379137190115963,0.0262749868243491,0.0990334500513737,0.300936429374204,0.0529876302166956,0.0313980948576632,0.210838562548008,0.237137739793523,0.00347938732258729
"84",0,0.0384449719960553,0.0262134535831473,0.10019317281451,0.300275611568421,0.0529357744252395,0.0313618979655547,0.210232513136551,0.23687530427403,0.00346730023649104
"85",0,0.0390182111088433,0.0261502451389191,0.101350099140643,0.299597367538516,0.0528801698893009,0.0313236970701486,0.209627005891674,0.236597918934406,0.0034552852875484
"86",0,0.039590270003341,0.0260870945164687,0.102504231587895,0.298921627927307,0.05282301359444,0.031284874381593,0.209030011301233,0.236315489891048,0.00344338679667357
"87",0,0.0401611516652671,0.0260239334442048,0.103655569693951,0.29824839611988,0.0527644020313138,0.031245480876823,0.208441185343052,0.236028275391393,0.0034316054341157
"88",0,0.040730859055382,0.0259607671928911,0.104804113229681,0.297577638373366,0.0527044191785488,0.0312055572677487,0.207860197349066,0.235736506480683,0.0034199418726335
"89",0,0.0412993951224838,0.0258975993143375,0.105949862123094,0.296909340691562,0.0526431422958516,0.0311651365387503,0.207286734265413,0.23544039302941,0.0034083966190978
"90",0,0.0418667628098809,0.0258344364659726,0.107092816596733,0.296243494449891,0.0525806428561678,0.0311242473836231,0.206720499036676,0.235140130409806,0.00339696999124946
"91",0,0.0424329650583589,0.0257712856847203,0.108232977184466,0.295580094954467,0.0525169874630157,0.0310829154394319,0.206161209690202,0.23483590240572,0.00338566211961802
"92",0,0.0429980048076369,0.025708153877979,0.109370344725753,0.294919139542862,0.0524522384545405,0.0310411640630575,0.20560859847143,0.234527883098505,0.00337447295823674
"93",0,0.0435618849969566,0.0256450477326257,0.110504920355893,0.294260626276915,0.0523864543701028,0.0309990147996742,0.205062411060363,0.23421623810931,0.00336340229816006
"94",0,0.0441246085651668,0.025581973645965,0.111636705493211,0.293604553156636,0.0523196903197311,0.0309564876994428,0.204522405839718,0.233901125498615,0.00335244978151438
"95",0,0.0446861784505039,0.0255189377203683,0.112765701826011,0.292950917599693,0.0522519982882281,0.0309136015414957,0.203988353208381,0.233582696450156,0.00334161491516363
"96",0,0.0452465975901838,0.0254559457653221,0.113891911299614,0.292299716121362,0.0521834273916124,0.0308703739998059,0.203460034934777,0.233261095813709,0.00333089708361282
"97",0,0.0458521299201849,0.025391279573244,0.115015259843249,0.291630263696233,0.0521116265874661,0.0308252774815144,0.20292827796712,0.232925646492846,0.00332023843814272
"98",0,0.0464563874366871,0.0253267864172028,0.116135755112289,0.290963853120253,0.0520389421845729,0.0307797978829151,0.202401777411493,0.232587015358398,0.00330968507618794
"99",0,0.0470593737191179,0.0252623859840063,0.117253401208934,0.290300420953428,0.0519654410406885,0.030733977873091,0.201880358357512,0.232245404028381,0.00329923683484067
"100",0,0.0476610922865723,0.0251980778967403,0.118368202218708,0.289639869433074,0.0518911783246063,0.0306878496207263,0.201363849285338,0.231900987296788,0.003288893637447
"101",0,0.0482615466155961,0.0251338602258276,0.119480162141765,0.288982127556029,0.0518162037196637,0.0306414374964794,0.200852087413119,0.23155391952495,0.00327865530657003
"102",0,0.0488607401501184,0.0250697347114237,0.12058928505525,0.288327135028365,0.0517405623431915,0.0305947617816792,0.200344917558076,0.231204341837112,0.00326852153478489
"103",0,0.0494586763070775,0.0250057038061053,0.12169557514481,0.287674840305839,0.0516642956539859,0.0305478399765525,0.199842191724636,0.230852385198066,0.00325849188292729
"104",0,0.0500553584801107,0.0249417701114333,0.122799036711192,0.287025198184498,0.051587442022719,0.0305006876135546,0.199343768708647,0.230498172379854,0.00324856578799138
"105",0,0.0506507900420782,0.0248779362636996,0.123899674171776,0.286378168068842,0.0515100371571504,0.0304533187373151,0.198849513754872,0.230141819230096,0.00323874257417084
"106",0,0.0512449743468605,0.0248142048438356,0.124997492058124,0.285733712831203,0.051432114425934,0.0304057462212931,0.198359298238209,0.229783435569955,0.00322902146458601
"107",0,0.0518379147306723,0.0247505783566396,0.126092495012616,0.2850917979821,0.0513537051155186,0.0303579819853528,0.197872999364074,0.229423125860322,0.00321940159270488
"108",0,0.0524296145130428,0.0246870592188368,0.127184687784551,0.284452391077994,0.0512748386392217,0.0303100371518002,0.19739049988422,0.229060989717279,0.00320988201305355
"109",0,0.0530694200041549,0.0246218218900223,0.128273994358566,0.283793455471828,0.0511929663832583,0.0302602638491214,0.196902170844936,0.228685506084684,0.0032004011134294
"110",0,0.0537078476644488,0.0245568230170759,0.129360425284308,0.283137630789507,0.0511105898003121,0.0302102513194394,0.196417340548325,0.228308084119702,0.00319100745688268
"111",0,0.0543449015150245,0.0244919734759841,0.130443987168442,0.282484827108099,0.0510277606522797,0.0301600385758123,0.195935920916285,0.227928889856101,0.00318170073197164
"112",0,0.054980585494969,0.0244272698966246,0.131524686468538,0.281834920289584,0.0509445190863216,0.0301096536550062,0.195457822153037,0.227548062196727,0.00317248075919325
"113",0,0.0556149034832009,0.0243627073780442,0.132602529425336,0.281187817138706,0.0508609002634701,0.0300591164962846,0.194982958848262,0.22716571967909,0.00316334728760501
"114",0,0.056247859311086,0.0242982850880341,0.133677522242761,0.280543437946597,0.0507769353051932,0.0300084429212098,0.194511249035374,0.226781968188547,0.0031542999611986
"115",0,0.0568794567699412,0.0242340030981789,0.134749671127902,0.279901714194058,0.0506926522276948,0.0299576460269862,0.194042614019456,0.226396904220899,0.00314533831488478
"116",0,0.0575096996162061,0.024169861777742,0.135818982304188,0.279262585803365,0.050608076514739,0.0299067370481863,0.193576978204268,0.226010616950385,0.00313646178092019
"117",0,0.0581385915751849,0.0241058616644129,0.136885462018834,0.278625999139395,0.0505232315359105,0.0298557258602612,0.193114268961006,0.225623189546213,0.00312766969878264
"118",0,0.0587661363438785,0.0240420033609967,0.137949116545725,0.277991905658689,0.0504381388575079,0.0298046213079582,0.192654416508087,0.225234700091302,0.00311896132585561
"119",0,0.0593923375931963,0.0239782875061799,0.139009952187001,0.277360260903938,0.0503528184832192,0.0297534314277701,0.192197353798104,0.224845222252734,0.0031103358478574
"120",0,0.0600171989697234,0.0239147147550758,0.140067975273788,0.276731023762826,0.0502672890450912,0.0297021636047992,0.19174301640887,0.224454825791244,0.00310179238858146
"121",0,0.0606928563444257,0.0238493667551633,0.141123107266397,0.276080953305517,0.0501788301987024,0.0296490632226123,0.191281318306023,0.224051238383885,0.00309326621727314
"122",0,0.0613670230826916,0.0237842970094927,0.142175360475217,0.275433920915855,0.0500900897205744,0.0295958150021181,0.19082213568277,0.223646549595353,0.00308480851592857
"123",0,0.0620397036138399,0.0237194096690431,0.143224742970129,0.274789826602922,0.0500011116844698,0.0295424564826506,0.190365426647233,0.223240903185747,0.00307641914396659
"124",0,0.0627109022693144,0.0236546997007966,0.144271262598348,0.274148535326755,0.049911928310579,0.0294890137005795,0.189911144802287,0.222834415175396,0.00306809811594432
"125",0,0.0633806233083367,0.0235901605023757,0.145314926914989,0.273509945786763,0.0498225669897064,0.0294355042346628,0.189459245922704,0.222427180956159,0.00305984538430336
"126",0,0.0640488709328904,0.0235257898364689,0.146355743376184,0.272873971776054,0.0497330512707502,0.0293819414337528,0.189009687089566,0.222019283481824,0.00305166080250944
"127",0,0.0647156492967679,0.0234615864869631,0.147393719384264,0.27224053963863,0.0496434018341294,0.0293283358918991,0.188562426639146,0.221610796708472,0.0030435441197283
"128",0,0.0653809625118907,0.023397549619335,0.148428862304639,0.271609585272055,0.0495536370811214,0.0292746963584147,0.188117424101437,0.221201787764468,0.00303549498663943
"129",0,0.0660448146529483,0.0233336786409689,0.149461179476499,0.27098105194157,0.049463773559404,0.0292210302671816,0.187674640175612,0.22079231832086,0.00302751296495504
"130",0,0.0667072097609592,0.0232699730889331,0.150490678218556,0.270354888789471,0.049373826275113,0.0291673440799604,0.187234036710269,0.220382445538898,0.00301959753784025
"131",0,0.0673681518460888,0.0232064325957415,0.151517365833261,0.269731049717759,0.049283808930972,0.029113643517252,0.186795576684899,0.219972222753924,0.00301174812010319
"132",0,0.0680276448899308,0.0231430568655793,0.152541249609981,0.269109492556347,0.0491937341123296,0.0290599337196689,0.186359224189764,0.219561699988705,0.00300396406769455
"133",0,0.0687414294274366,0.0230778075996756,0.153562246660665,0.268465414944052,0.0491006725833899,0.0290043278555811,0.185914248018796,0.219137676311928,0.00299617659847606
"134",0,0.0694535967654025,0.0230128656872017,0.154580370583092,0.267824301946354,0.0490074627409587,0.0289486331068765,0.185471215164629,0.218713113446792,0.00298844055869258
"135",0,0.0701641517836782,0.0229481278790172,0.155595630407146,0.267186048234279,0.0489141454620284,0.0288928873005384,0.185030109537746,0.218288143280292,0.00298075611527391
"136",0,0.0708730992484525,0.0228835880424323,0.156608034891388,0.266550511581366,0.0488207491736987,0.0288371160075884,0.184590908771297,0.217862868678313,0.00297312360546468
"137",0,0.071580443842327,0.0228192383798056,0.157617592449402,0.265917586275129,0.0487272973824352,0.0287813358047275,0.18415359150887,0.217437371054366,0.00296554330293827
"138",0,0.072286190181944,0.0227550757815725,0.158624311357198,0.265287183055264,0.0486338097255732,0.0287255588133986,0.18371813654396,0.21701171916351,0.00295801537758002
"139",0,0.07299034282867,0.0226910982584397,0.159628199802778,0.264659226322158,0.0485403030060692,0.0286697942807674,0.18328452283409,0.216585972777829,0.00295053988919887
"140",0,0.0736929062960817,0.0226273042618215,0.160629265905633,0.264033650879178,0.0484467918147833,0.0286140495537747,0.182852729498354,0.216160184997138,0.00294311679323606
"141",0,0.0743938850554792,0.0225636925335039,0.161627517729587,0.263410399558664,0.0483532889770295,0.0285583306442847,0.182422735850696,0.215734403700269,0.00293574595048688
"142",0,0.0750932835401268,0.0225002619846852,0.162622963290296,0.262789421598139,0.0482598058775545,0.0285026425945182,0.181994521434724,0.215308672542135,0.00292842713782223
"143",0,0.0757911061486177,0.0224370116578349,0.16361561056105,0.262170671421084,0.0481663527064769,0.0284469897218149,0.181568066056533,0.214883031667895,0.00292116005869364
"144",0,0.0764873572476008,0.0223739406997534,0.164605467477395,0.261554107726697,0.0480729386496645,0.0283913757888781,0.18114334981276,0.214457518244326,0.00291394435292549
"145",0,0.0772430335231608,0.0223088334850878,0.165592443952266,0.260912635899517,0.0479763410464902,0.0283337266537595,0.180708661752911,0.214017618550269,0.00290670513653863
"146",0,0.0779969454951764,0.0222440604844616,0.166576554771795,0.260274112091295,0.0478796750865316,0.0282760261047655,0.180275569058396,0.213577554220755,0.00289950268682366
"147",0,0.0787490985970111,0.0221795084675583,0.167557809712638,0.25963842473215,0.0477829816216781,0.0282183139943431,0.179844071263682,0.213137454075074,0.00289233753586599
"148",0,0.0794994981284095,0.0221151703503228,0.168536218238037,0.259005422270926,0.0476862880058751,0.0281606167808341,0.179414160193866,0.212697415630257,0.00288521040147256
"149",0,0.0802481492914588,0.0220510372228307,0.169511789417049,0.258374993286446,0.0475896163502273,0.0281029511042384,0.178985828048645,0.212257513349072,0.00287812193003216
"150",0,0.0809950572116828,0.0219871053006468,0.1704845321513,0.257747044450917,0.0474929846732144,0.0280453287689255,0.178559066493904,0.211817808297466,0.0028710726519432
"151",0,0.0817402269508204,0.0219233720336107,0.171454455229595,0.257121497422171,0.0473964080304237,0.0279877584775981,0.178133866715381,0.21137835216604,0.00286406297436053
"152",0,0.0824836635157804,0.0218598353689494,0.172421567349918,0.256498285244957,0.047299899191477,0.0279302468986616,0.17771021945053,0.210939189792573,0.00285709318715381
"153",0,0.0832253718652269,0.0217964935869336,0.173385877134172,0.255877349733846,0.0472034691240733,0.0278727992846914,0.177288115057383,0.210500360740366,0.00285016347330695
"154",0,0.0839653569146449,0.0217333451687072,0.174347393137064,0.255258639681882,0.047107127344733,0.0278154198716322,0.176867543583089,0.210061900377801,0.00284327392044625
"155",0,0.0847036235403483,0.0216703887539653,0.175306123853117,0.254642109515971,0.047010882182966,0.0277581121455606,0.176448494828452,0.209623840647462,0.00283642453215801
"156",0,0.085440176582728,0.0216076231108276,0.176262077722355,0.254027718292725,0.0469147409846651,0.0277008790276982,0.17603095840558,0.209186210634874,0.00282961523854782
"157",0,0.0862390262814713,0.0215427393437675,0.177215161035778,0.253387075142539,0.0468153078645206,0.0276415360496055,0.175602662228336,0.208733724334377,0.0028227677196053
"158",0,0.0870359503274583,0.0214782079105687,0.178165389381168,0.25274938056739,0.0467158621271146,0.027582171236748,0.175175747538301,0.2082813453845,0.0028159455267521
"159",0,0.0878309547758156,0.0214139100204571,0.179112773090823,0.252114519054321,0.0466164446623746,0.0275228255430481,0.17475022322866,0.207829200112603,0.0028091495118973
"160",0,0.0886240455296364,0.0213498380339591,0.180057322159061,0.251482333653692,0.0465170822296235,0.0274635258559242,0.174326089624495,0.207377382196883,0.002802380716726
"161",0,0.0894152283811886,0.0212859823878076,0.180999046157105,0.250852709725823,0.0464177961363624,0.0274042887581323,0.173903347051157,0.206925961300073,0.00279564010235129
"162",0,0.0902045090361077,0.0212223388804643,0.181937954470296,0.250225551746028,0.0463186034506428,0.027345125770823,0.173481994898207,0.206474993244968,0.00278892850246303
"163",0,0.0909918931280562,0.0211589046054017,0.182874056355387,0.249600779986194,0.0462195181889178,0.0272860451782992,0.173062031697851,0.206024524244127,0.00278224661576552
"164",0,0.0917773862289964,0.0210956771857653,0.183807360963973,0.248978326702398,0.0461205520271682,0.0272270531508596,0.172643455177677,0.205574593550844,0.00277559501231837
"165",0,0.0925609938567432,0.0210326546024009,0.184737877358321,0.248358133367908,0.0460217148087085,0.0271681543952127,0.172226262350876,0.205125235115277,0.00276897414455249
"166",0,0.0933427214807689,0.0209698350557485,0.185665614521081,0.247740148777626,0.0459230149115413,0.027109352574006,0.171810449604836,0.204676478714917,0.00276238435947507
"167",0,0.0941225745267947,0.0209072169211302,0.186590581363026,0.247124327625695,0.0458244595244821,0.0270506505859005,0.171396012784418,0.204228350757901,0.00275582591065318
"168",0,0.094900558380505,0.0208447987167699,0.187512786729372,0.246510629442976,0.0457260548592547,0.0269920507595608,0.17098294726699,0.203780874875173,0.00274929896939893
"169",0,0.0957443640323046,0.0207801563524376,0.188432132219924,0.245869072907185,0.0456241970602626,0.0269312359336721,0.170558283673603,0.203317836971219,0.00274272084939238
"170",0,0.0965860649098591,0.0207158840362942,0.189348634206172,0.24523050703616,0.0455223644221682,0.026870420255421,0.170134865961522,0.202855100107192,0.00273615906521158
"171",0,0.0974256677984127,0.0206518564025418,0.190262303513236,0.244594811241029,0.0454205988810326,0.0268096464216283,0.169712709358205,0.202392791631323,0.00272961475259263
"172",0,0.0982631793091607,0.0205880652922835,0.191173150605271,0.24396182159527,0.0453189274536625,0.0267489422450791,0.169291819735682,0.201931004519277,0.00272308924431408
"173",0,0.0990986059267374,0.0205245004999973,0.192081185494926,0.243331419011313,0.0452173714243983,0.02668832464048,0.168872202742429,0.201469806475945,0.0027165837837736
"174",0,0.0999319540370969,0.0204611574619432,0.192986417992943,0.242703504671317,0.0451159476312602,0.0266278051790314,0.168453862821702,0.201009250729465,0.00271009947524098
"175",0,0.1007632299444,0.0203980329760877,0.193888857768402,0.242077996472158,0.0450146697232764,0.0265673920217755,0.168036803307608,0.200549380510502,0.00270363727579036
"176",0,0.101592439882839,0.0203351244021514,0.194788514373572,0.241454824968422,0.0449135489127425,0.0265070911087837,0.167621026491807,0.200090231857693,0.00269719800198888
"177",0,0.102419590025322,0.0202724294807635,0.195685397260764,0.240833930434748,0.044812594511887,0.0264469068478429,0.167206533729001,0.199631835368112,0.00269078234156062
"178",0,0.103244686490147,0.0202099461885455,0.196579515792772,0.240215260852914,0.044711814320686,0.0263868425584359,0.166793325539912,0.199174217390261,0.00268439086632739
"179",0,0.104067735346267,0.0201476726909161,0.197470879251225,0.23959877040255,0.0446112149179926,0.026326900767934,0.166381401707982,0.198717400870206,0.00267802404492833
"180",0,0.104888742617551,0.0200856073082523,0.198359496843444,0.238984418334031,0.0445108018848259,0.0262670834165639,0.165970761366758,0.19826140597387,0.00267168225470374
"181",0,0.105782262338357,0.0200210999081837,0.199245260530892,0.238339228578881,0.0444065934529342,0.0262048315779402,0.165547121891883,0.197788327274085,0.0026652744468451
"182",0,0.106673466557025,0.0199569874247392,0.200128187785276,0.237697147145303,0.0443024315966985,0.0261425900879971,0.16512463746617,0.197315676629416,0.00265887530737494
"183",0,0.10756236299036,0.019893132246798,0.201008289990181,0.237058043265279,0.0441983615032731,0.0260804055043267,0.164703328890057,0.196843589335365,0.00265248627436044
"184",0,0.108448959147943,0.0198295254174978,0.201885578132925,0.236421738906288,0.0440944119566721,0.0260183079857077,0.164283206467592,0.196372162983589,0.00264610900178495
"185",0,0.109333262389231,0.0197661557099769,0.202760062704134,0.235788105426928,0.043990605458798,0.0259563156892423,0.163864280128365,0.195901467449946,0.00263974504337927
"186",0,0.11021527995706,0.0197030180721899,0.203631753970923,0.235157036499634,0.0438869596484552,0.0258944408951119,0.163446558349011,0.195431556810219,0.0026333957973957
"187",0,0.111095018997914,0.019640108937716,0.204500662042624,0.234528444157104,0.0437834886857243,0.0258326921385054,0.163030048266828,0.194962474276145,0.00262706249743894
"188",0,0.111972486576096,0.0195774253558295,0.205366796898023,0.233902254306654,0.0436802040796541,0.0257710755203528,0.162614755759186,0.194494255284577,0.00262074621962808
"189",0,0.11284768968413,0.0195149647938252,0.206230168403858,0.23327840349076,0.0435771152782069,0.0257095954662311,0.162200685565115,0.194026929422581,0.00261444789529318
"190",0,0.113720635250733,0.0194527249790535,0.207090786326319,0.232656836668,0.0434742300941721,0.0256482552153825,0.161787841403674,0.193560521737547,0.0026081683251194
"191",0,0.114591330147101,0.0193907038473491,0.207948660340274,0.232037505551098,0.0433715550245572,0.0255870571467694,0.161376226085,0.193095053664772,0.00260190819307914
"192",0,0.115459781191985,0.0193288995060223,0.208803800036858,0.23142036736674,0.0432690954952665,0.0255260030045452,0.160965841610799,0.192630543708315,0.00259566807946824
"193",0,0.116402551380276,0.0192646107970779,0.209656095503897,0.230771598803164,0.0431627512536798,0.0254624588476262,0.160542016651447,0.192148562309658,0.00258935445317483
"194",0,0.117342781151544,0.0192007299140606,0.210505564784224,0.230126026060805,0.0430564792211609,0.025398941492173,0.160119298211061,0.191667134785529,0.00258304437944305
"195",0,0.1182804792247,0.0191371159739614,0.211352219687798,0.229483513321909,0.0429503254748375,0.0253354985132682,0.159697710341095,0.191186397957488,0.00257673950494296
"196",0,0.119215654085071,0.0190737597282652,0.212196071615409,0.228843877017892,0.0428443192165633,0.0252721606163326,0.159277266135447,0.190706449893338,0.00257044169168245
"197",0,0.120148314048474,0.0190106495902141,0.213037131455229,0.22820698453867,0.0427384831740076,0.0252089461647648,0.158857978188225,0.190227360147967,0.00256415269244871
"198",0,0.121078467298861,0.018947780277975,0.213875409861757,0.227572726388656,0.0426328350671235,0.0251458674784177,0.158439857491245,0.189749182041655,0.00255787409430935
"199",0,0.122006121911117,0.0188851480251863,0.214710917322861,0.226941012062879,0.0425273890348526,0.0250829330280269,0.158022913559965,0.189271957745641,0.00255160730947185
"200",0,0.122931285867014,0.018822749698614,0.215543664187789,0.226311765402261,0.0424221564890491,0.0250201487842706,0.157607154522166,0.188795721465916,0.00254535358292123
"201",0,0.123853967066929,0.0187605825961427,0.216373660686245,0.225684921245296,0.0423171467232799,0.0249575189992423,0.157192587249109,0.188320501428019,0.0025391140057369
"202",0,0.124774173338832,0.0186986442858046,0.217200916940338,0.225060423131913,0.042212367352522,0.0248950467100834,0.156779217482693,0.187846321227928,0.0025328895298858
"203",0,0.125691912445373,0.0186369325528346,0.218025442974193,0.224438221584006,0.042107824642951,0.0248327340748159,0.156367049954527,0.187373200788514,0.00252668098278488
"204",0,0.126607192089611,0.0185754453615881,0.218847248721876,0.223818272821703,0.0420035237646069,0.0247705826045658,0.155956088493675,0.186901157061446,0.00252048908092885
"205",0,0.127603308684527,0.0185112665282399,0.219666215101075,0.223163826602404,0.0418949920138603,0.0247057205646466,0.155530362091701,0.186410096523685,0.00251421188986246
"206",0,0.128596624015068,0.0184475195684865,0.22048236121853,0.2225127384383,0.0417865459790341,0.0246408922972021,0.155105712592047,0.185919672305293,0.0025079335860386
"207",0,0.129587148064519,0.0183840518783779,0.221295699429552,0.221864861360626,0.0416782352609084,0.0245761493107268,0.154682167905272,0.185430030738418,0.00250165605159987
"208",0,0.130574890539986,0.0183208534879378,0.222106241648366,0.221219997032103,0.0415700911243867,0.0245115247553298,0.15425974392081,0.184941276087092,0.00249538140398917
"209",0,0.131559860948486,0.0182579118682591,0.222913999234897,0.220578002550872,0.0414621378097774,0.0244470383557218,0.153838455941387,0.184453481648364,0.00248911164223588
"210",0,0.13254206864164,0.0181952213001091,0.223718983296044,0.219938760164092,0.0413543941303299,0.0243827032666029,0.153418317482608,0.183966703133589,0.00248284858498505
"211",0,0.133521522842702,0.0181327776938344,0.224521204757772,0.219302172743601,0.0412468750232522,0.0243185284616049,0.152999340413809,0.183480984203236,0.00247659386018799
"212",0,0.134498232665471,0.0180705776425196,0.225320674395323,0.218668158717697,0.0411395924776809,0.0242545202012636,0.152581535056733,0.182996359930186,0.00247034891312699
"213",0,0.135472207128164,0.0180086182040588,0.22611740285377,0.218036648426932,0.0410325561958742,0.0241906828832895,0.152164910330072,0.182512858957159,0.00246411502068048
"214",0,0.136443455164046,0.0179468967280884,0.226911400660934,0.217407581625605,0.0409257740704961,0.024127019590364,0.151749473889378,0.182030504963845,0.00245789330724325
"215",0,0.13741198562981,0.0178854107989849,0.227702678237765,0.216780905612724,0.0408192525423851,0.0240635324552954,0.151335232257991,0.181549317704611,0.00245168476043423
"216",0,0.138377807312341,0.0178241581948528,0.22849124590691,0.216156573837455,0.0407129968744891,0.0240002229134142,0.150922190945496,0.181069313769223,0.00244549024581856
"217",0,0.139427891481712,0.0177601176785171,0.229276980326926,0.215496261918199,0.0406023257292231,0.023934086768789,0.150493660800563,0.180569472155799,0.00243920314027277
"218",0,0.140474888725913,0.0176965262547258,0.230059901366344,0.214839457652991,0.0404917584041932,0.0238679957048248,0.150066202484964,0.180070357676575,0.00243291172946932
"219",0,0.141518810453602,0.0176332252232764,0.23084002187256,0.214186005749621,0.0403813465394645,0.0238020033735338,0.14963984663346,0.179572122071477,0.00242661808300583
"220",0,0.142559667756636,0.0175702041862023,0.231617354232947,0.213535698153841,0.0402711226078389,0.0237361442322949,0.14921461120336,0.179074873114592,0.00242032451228742
"221",0,0.143597471496944,0.0175074500668458,0.232391910256349,0.212888384890224,0.0401611117254898,0.0236704387070204,0.148790513473233,0.1785786861826,0.00241403320129401
"222",0,0.144632232357609,0.0174449568513028,0.233163701485545,0.21224394242426,0.0400513333282585,0.0236049003553637,0.148367568792253,0.178083618263485,0.00240774614192407
"223",0,0.145663960873783,0.017382720211878,0.233932739271848,0.211602268875268,0.0399418027947997,0.0235395383651918,0.147945790734091,0.177589713749799,0.00240146512334161
"224",0,0.146692667454337,0.0173207365316671,0.234699034806557,0.210963278689449,0.0398325324185732,0.0234743590896207,0.147525191204737,0.177097008064573,0.00239519174048598
"225",0,0.147718362397741,0.0172590026783941,0.235462599142392,0.210326898817026,0.0397235321005316,0.0234093669365215,0.147105780597494,0.176605529920791,0.0023889274091084
"226",0,0.148741055904253,0.0171975158254191,0.23622344320702,0.209693066089053,0.0396148098493117,0.0233445649416705,0.146687567942583,0.176115302858148,0.00238267338254156
"227",0,0.14976075808552,0.0171362733924451,0.236981577813951,0.209061725255701,0.0395063721562492,0.0232799551508525,0.146270561046928,0.175626346330106,0.0023764307682479
"228",0,0.150777478972332,0.0170752730027936,0.237737013671546,0.208432827522114,0.0393982242825612,0.0232155388839783,0.145854766620556,0.175138676500783,0.00237020054333615
