"","Alive","Death","ODN","ODF","REL","BUP","BUPC","MET","METC","ABS"
"0",0,1.11022302462516e-16,0,0,0,1,0,0,0,0
"1",0,0.000329161890318841,0.00462235317874617,0.000173794831759692,0.381523766699325,0.603810776594852,0,0,0,0.00954014680499802
"2",0,0.00343074302744506,0.0367178782200815,0.00155434218958035,0.361439316312191,0.486553217811426,0.0172133912660216,0.0417186318760566,0.0412916568047013,0.0100808224924973
"3",0,0.00586359250053292,0.026473421705164,0.00254971049949396,0.401363759819415,0.408588536933949,0.0220614161739175,0.0660073035637031,0.055990542822909,0.0111017159809151
"4",0,0.00825202035201344,0.0261635960738042,0.00353342974422479,0.420795313003906,0.352688615072849,0.0248769898107166,0.0858557382140903,0.066071430305232,0.0117628674231635
"5",0,0.0105774432855933,0.0259308389979141,0.00450839760729332,0.435610021680533,0.309961118699394,0.0264647604618851,0.102082785779601,0.0725875224987362,0.01227711098905
"6",0,0.0128689605491712,0.0257603860102518,0.00547695664629147,0.445568400755663,0.276328288718468,0.0275982647648492,0.116232298841942,0.0774876955739468,0.0126787481394169
"7",0,0.0151380717316607,0.0257205808131284,0.00644401905851324,0.452868111846737,0.249062044621835,0.0283182631529985,0.128487996105636,0.0809490922886703,0.01301182038082
"8",0,0.0173952572709574,0.0257307828881146,0.00741146505628922,0.457901643421337,0.226580728308837,0.0288279471408147,0.139327596346231,0.0835344769641731,0.0132901026032454
"9",0,0.0196457629275194,0.0257455014556865,0.00837946445422221,0.461387195561681,0.207753202628273,0.029178157794526,0.148950894540193,0.0854312557483208,0.0135285648895782
"10",0,0.0218940931450429,0.0257632059636577,0.00934812952002291,0.463658400871726,0.191799423052846,0.0294237569612458,0.157551599373573,0.086826420878992,0.0137349702328941
"11",0,0.0241431401259753,0.0257754071744032,0.0103172533364397,0.465007025015079,0.178143876055629,0.0295940703096258,0.165267521783864,0.08783633537438,0.0139153708246051
"12",0,0.0263949457219383,0.0257804804699075,0.0112865679025688,0.465632847115079,0.166356397419868,0.0297107967028114,0.172212857328515,0.0885511737875653,0.0140739335517467
"13",0,0.0286735092370042,0.0257767481916841,0.0122557421395969,0.465678628677078,0.156103556693627,0.0297874783353956,0.178476110138834,0.089034507474457,0.0142137191123228
"14",0,0.0309568889705252,0.0257650040269247,0.0132244748103795,0.465274608805604,0.147130635806817,0.0298349954338202,0.184137627607135,0.0893385510882712,0.0143372134505234
"15",0,0.0332455072698773,0.0257454749244786,0.0141924732107715,0.464513054712822,0.139232893877795,0.0298604392093662,0.189262275101593,0.0895015453655726,0.0144463363277242
"16",0,0.0355395076214283,0.0257187057404769,0.0151594651225526,0.463466127370209,0.132245816825769,0.0298689479705892,0.193905539270494,0.0895532552843215,0.0145426347941591
"17",0,0.0378388234923165,0.0256852713156627,0.0161251999408121,0.462191343709822,0.126035634469101,0.0298642259246691,0.198115224554915,0.0895168857247256,0.0146273908679767
"18",0,0.0401432346972052,0.0256457659698061,0.0170894494063365,0.460734774315477,0.120492492558421,0.0298489881955155,0.201932905398606,0.0894107037055302,0.0147016857531028
"19",0,0.0424524094497906,0.0256007640328222,0.0180520068540153,0.459133616110041,0.1155253661088,0.029825239321149,0.205394989944615,0.0892491608302239,0.0147664473485425
"20",0,0.0447659368670401,0.0255508068642338,0.0190126859731946,0.45741805482726,0.111058233901802,0.0297944762520812,0.208533568913713,0.0890437530837244,0.0148224833169513
"21",0,0.0470833518425705,0.0254963956098028,0.0199713192956891,0.455612702710806,0.107027151749066,0.0297578281834147,0.211377083310851,0.0888036619388567,0.0148705053589432
"22",0,0.0494041541981874,0.0254379896209077,0.0209277566243637,0.453737698193191,0.103377987711211,0.0297161569898889,0.213950863433013,0.0885362461863666,0.0149111470428714
"23",0,0.0517278233812916,0.0253760070679222,0.0218818634847786,0.451809564796627,0.100064648489344,0.0296701288274249,0.216277566852516,0.0882474198753126,0.0149449772247831
"24",0,0.0540538297251641,0.0253108270482823,0.0228335196560943,0.449841886032103,0.0970476764325424,0.0296202658727297,0.218377538842742,0.0879419461079797,0.0149725102823622
"25",0,0.0564098018063294,0.0252418950396058,0.0237825840681076,0.447830240311221,0.0942907342233552,0.0295660703792564,0.220263505726982,0.0876210951915556,0.0149940732535875
"26",0,0.0587669116313005,0.0251705152271526,0.024728964686387,0.445799569849372,0.0917669744275127,0.0295088169012396,0.22195745847268,0.0872905907619128,0.0150101980424427
"27",0,0.0611246368632881,0.0250968481366094,0.0256725755120712,0.443757790117537,0.0894509115497595,0.0294487386473122,0.223474376808411,0.0869528337665786,0.0150212885984337
"28",0,0.063482474789719,0.0250211801455417,0.0266133413137452,0.441710957256857,0.0873203888101907,0.0293860870822248,0.224827968185305,0.0866098938037896,0.0150277086126276
"29",0,0.0658399401071346,0.0249437312131968,0.0275511951301929,0.439664163814567,0.0853560243899795,0.0293210611139584,0.226030686050579,0.0862634033823659,0.0150297947980268
"30",0,0.068196567128057,0.0248647059860586,0.0284860776946562,0.437621544703142,0.083540821771887,0.0292538373494235,0.227093902186334,0.0859146853144167,0.0150278578660255
"31",0,0.0705519105193062,0.0247842880395836,0.0294179366425897,0.435586475227637,0.0818598254821452,0.029184569960559,0.228028011251572,0.0855647972300925,0.0150221856465154
"32",0,0.0729055458877129,0.024702643116645,0.0303467258411774,0.433561681428386,0.0802998391912458,0.0291133977017065,0.228842535792971,0.085214586003093,0.015013045037063
"33",0,0.0752570699473535,0.0246199205382729,0.0312724047718918,0.431549350451327,0.078849186232306,0.0290404464502611,0.229546212629636,0.0848647250603097,0.0150006839186419
"34",0,0.0776061004518845,0.0245362550713622,0.0321949379832759,0.429551216458315,0.0774975079971122,0.0289658319623162,0.230147070356645,0.0845157469817484,0.0149853327373409
"35",0,0.079952275908483,0.0244517683183887,0.0331142945959772,0.427568634740442,0.076235592583885,0.0288896616134106,0.230652497014712,0.0841680692978349,0.0149672059268662
"36",0,0.0822952551372613,0.0243665700712009,0.0340304478586827,0.425602643233885,0.0750552288734909,0.0288120357775078,0.231069300096918,0.0838220157877731,0.0149465031632804
"37",0,0.0846689325083183,0.0242796614116946,0.0349433334619789,0.423635298451286,0.0739466282123905,0.0287319146123575,0.23139630890555,0.0834746909412034,0.0149232314952216
"38",0,0.0870386069329339,0.0241923536062521,0.0358529363984663,0.421686008790584,0.0729057060875166,0.0286505572882314,0.231646634840057,0.08312949719967,0.0148976988562895
"39",0,0.0894039842649927,0.0241045780708123,0.0367592390820686,0.41975557819775,0.0719265369054004,0.0285679904180777,0.231825578982701,0.0827864322535945,0.0148700818246025
"40",0,0.0917647946251051,0.0240164526863019,0.0376622283588881,0.4178440019839,0.0710038499790085,0.0284843176444792,0.231938171432572,0.0824456488560008,0.0148405344337439
"41",0,0.0941207855078791,0.0239280350755693,0.038561893241576,0.415951349550746,0.0701328816913611,0.028399614617589,0.231989030172168,0.0821072084388445,0.0148092017042673
"42",0,0.0964717215957492,0.0238393857366718,0.0394582250174363,0.414077552953557,0.0693093389479442,0.0283139579388199,0.231982442840448,0.0817711569863476,0.0147762179830258
"43",0,0.0988173834760171,0.0237505582710179,0.0403512169891208,0.412222481612112,0.0685293408815036,0.0282274176233231,0.231922381208635,0.0814375114005974,0.0147417085376729
"44",0,0.101157566794634,0.0236616015109499,0.0412408642953173,0.410385935628551,0.0677893761230774,0.0281400606858157,0.231812532761917,0.0811062721717229,0.014705790028015
"45",0,0.103492081370199,0.0235725594679603,0.0421271637294922,0.40856766448305,0.0670862622067475,0.0280519504173997,0.231656322177,0.0807774249129871,0.0146685712351635
"46",0,0.105820750399003,0.023483472055351,0.0430101135858033,0.406767374991753,0.0664171108880404,0.0279631469898097,0.231456932987248,0.080450944500948,0.0146301536020438
"47",0,0.108143409688272,0.0233943753726641,0.043889713515707,0.404984741008634,0.0657792972468521,0.0278737075356211,0.231217326426346,0.0801267974431594,0.0145906317627448
"48",0,0.110459906932389,0.0233053021011296,0.044765964399434,0.403219410844594,0.0651704325192406,0.0277836863383084,0.230940258765875,0.0798049440849381,0.0145500940140915
"49",0,0.11280393130389,0.0232151939290998,0.0456388273259902,0.401452671735737,0.064586088564449,0.0276920002442491,0.230620619688739,0.0794822258225034,0.014508441385343
"50",0,0.115141338899852,0.0231252901514528,0.0465083099803546,0.399702600927833,0.0640265340150711,0.0275998712964412,0.230268378521749,0.0791617881233704,0.014465888083876
"51",0,0.117471998927586,0.0230354642654536,0.0473744152911579,0.397969251176601,0.0634899216525446,0.0275072868670332,0.229885699120554,0.0788434418103419,0.0144225208887274
"52",0,0.119795796604811,0.0229457833251055,0.0482371487081797,0.39625200646778,0.06297461794936,0.0274143145664189,0.229474726700601,0.0785271957401138,0.0143784099376305
"53",0,0.122112626381621,0.0228562583705364,0.0490965160962945,0.394550453384396,0.0624791081679139,0.0273209953363226,0.229037420934014,0.0782129993322827,0.014333621996619
"54",0,0.124422392014494,0.0227669078867562,0.049952524015391,0.392864146737573,0.0620020068904554,0.0272273726466733,0.2285756179219,0.0779008135271774,0.014288218359579
"55",0,0.12672500555121,0.0226777474121244,0.0508051796095808,0.391192668524754,0.061542040063455,0.0271334847140752,0.228091026086745,0.0775905919502421,0.0142422560878134
"56",0,0.129020386779001,0.022588791307399,0.0516544905629227,0.389535606809597,0.061098037377161,0.027039368040369,0.227585241356746,0.0772822896259919,0.0141957881408124
"57",0,0.131308462643311,0.0225000523431314,0.0525004650396328,0.387892562455915,0.0606689221628151,0.026945056611671,0.227059753820532,0.0769758611270256,0.0141488637959653
"58",0,0.133589166764481,0.0224115421098965,0.0533431116397183,0.386263146785639,0.0602537033076915,0.0268505824598171,0.226515956076818,0.0766712619540265,0.0141015289019128
"59",0,0.135862438983964,0.0223232710180624,0.0541824393546036,0.384646982536652,0.0598514675947949,0.0267559757043081,0.225955150055547,0.0763684486091799,0.0140538261428885
"60",0,0.138128224951533,0.0222352484394325,0.0550184575280817,0.383043703812567,0.0594613728868975,0.0266612647127833,0.225378553492166,0.0760673789118309,0.0140057952647082
"61",0,0.140423138365113,0.0221463039549953,0.0558511314976207,0.38143318080529,0.0590802857269386,0.0265652387540058,0.224778814558573,0.0757646324273665,0.0139572739100968
"62",0,0.142710272157501,0.0220577602733378,0.0566804763329152,0.379834962584847,0.0587098370712923,0.0264692037095709,0.224165402740421,0.0754636369243597,0.0139084482057554
"63",0,0.144989576149519,0.0219694593748141,0.0575065011623145,0.378249208237053,0.0583493277897035,0.0263731181772232,0.223539241699439,0.0751642007161802,0.0138593666937535
"64",0,0.147261011913265,0.0218814567347808,0.0583292171999734,0.376675360035543,0.0579981726726064,0.026277030164263,0.222901336072328,0.0748663525031898,0.0138100627040502
"65",0,0.14952454565335,0.0217937481072873,0.0591486355004043,0.375113095909727,0.0576558084644322,0.0261809596024269,0.222252580289479,0.0745700577584545,0.0137605687144387
"66",0,0.151780148605238,0.0217063389258343,0.0599647673224122,0.373562068933633,0.0573217163498128,0.0260849303968685,0.221593819548055,0.0742752960635977,0.0137109138545493
"67",0,0.154027796217974,0.0216192327397603,0.0607776240582533,0.372021969503257,0.0569954119140276,0.0259889618309664,0.220925838766709,0.0739820398755805,0.0136611250934722
"68",0,0.156267467833065,0.0215324330406378,0.0615872172314624,0.370492499915434,0.0566764453906639,0.0258930724114686,0.220249373287852,0.0736902636689129,0.0136112272205042
"69",0,0.15849914631639,0.0214459426934953,0.0623935584732961,0.368973379888475,0.0563643982466685,0.0257972789499022,0.219565110713552,0.0733999415640342,0.0135612431541863
"70",0,0.160722817784046,0.0213597642841217,0.0631966595122333,0.367464342418199,0.0560588811575133,0.0257015971397684,0.218873695052585,0.073111048572699,0.0135111940788353
"71",0,0.162938471347132,0.0212739000257426,0.0639965321599675,0.365965133513933,0.0557595317213336,0.0256060415637415,0.218175729598348,0.0728235604672661,0.0134610996025355
"72",0,0.165146098888567,0.0211883518301662,0.064793188300074,0.364475511049542,0.0554660124577209,0.0255106258312205,0.217471779797184,0.0725374539637447,0.0134109778817804
"73",0,0.167381747194856,0.0211019632783042,0.0655865963361832,0.362975853199855,0.055175731816768,0.0254141417101335,0.216753938217529,0.0722493803892524,0.0133606478571192
"74",0,0.169609160777988,0.0210160283890639,0.0663767733254554,0.361485438374657,0.0548906621348746,0.0253178655118757,0.216031063306658,0.0719627320471973,0.0133102761322302
"75",0,0.171828327790824,0.0209303856417352,0.0671637302520694,0.360004541892109,0.054610495309734,0.0252217437451742,0.215303546272146,0.0716773357251212,0.0132598933710871
"76",0,0.174039245685704,0.0208450847856762,0.0679474799707194,0.358532727334316,0.0543350051539014,0.0251258121859958,0.214571892608914,0.0713932359690014,0.0132095163057719
"77",0,0.176241914303797,0.0207601169949094,0.0687280350042533,0.357069789236966,0.0540639590007607,0.0250300794045459,0.213836530210126,0.0711104139658749,0.0131591618787658
"78",0,0.178436336409367,0.0206754834454101,0.0695054079197344,0.355615494592155,0.0537971425117877,0.0249345585272862,0.213097867656172,0.0708288642392575,0.0131088446988294
"79",0,0.180622517005688,0.0205911838139145,0.0702796112720717,0.354169644316237,0.0535343519724295,0.0248392586765852,0.212356281220141,0.0705485735675805,0.013058578155353
"80",0,0.182800463136661,0.0205072180635769,0.0710506576147888,0.352732047875916,0.0532753965740226,0.0247441887533662,0.211612123597311,0.0702695300447078,0.0130083743396487
"81",0,0.184970183634013,0.0204235858474476,0.0718185594883642,0.351302528642117,0.053020096870881,0.0246493564993561,0.210865723986452,0.0699917207356295,0.01295824429574
"82",0,0.187131688950944,0.0203402868249571,0.0725833294204719,0.349880919705084,0.0527682844405693,0.0245547690427344,0.210117390589294,0.0697151329221338,0.0129081981038112
"83",0,0.189284991008145,0.0202573205442756,0.0733449799217972,0.348467063568342,0.0525198011293271,0.024460432880146,0.20936741197024,0.0694397539894561,0.0128582449882711
"84",0,0.191430103065547,0.020174686489853,0.0741035234836415,0.34706081099478,0.0522744984393576,0.0243663539889381,0.208616058514849,0.0691655716271335,0.0128083933959006
"85",0,0.193606445622837,0.0200911200813675,0.0748589250506313,0.345640858453467,0.052029770372929,0.0242712009035299,0.207854310290479,0.0688889359170489,0.0127584333077104
"86",0,0.195774406024855,0.0200080320530319,0.0756112026092756,0.344228348220156,0.0517879375651038,0.0241763638705782,0.207091601377514,0.0686135698142184,0.0127085384652673
"87",0,0.197933989023308,0.0199252436924173,0.0763603674267148,0.342823685473983,0.0515488389824447,0.0240817765900178,0.206328071497235,0.0683392941798263,0.0126587331340533
"88",0,0.200085208259927,0.0198428077263431,0.0771064327525528,0.341426489909342,0.0513123909184963,0.0239874712639521,0.205564003796046,0.0680661684508446,0.0126090269224956
"89",0,0.202228078760136,0.0197607128785767,0.0778494114124213,0.340036630614275,0.0510784908540985,0.0238934506023677,0.204799612814021,0.0677941818062188,0.0125594302578846
"90",0,0.20436261760567,0.0196789590099429,0.0785893162267191,0.338653942158069,0.0508470456558929,0.0237997227328261,0.204035107515483,0.0675233375464625,0.012509951548935
"91",0,0.20648884325618,0.0195975444672442,0.0793261599536867,0.337278292352523,0.0506179639354743,0.0237062917564517,0.203270675982469,0.0672536299211273,0.0124605983748438
"92",0,0.208606775401394,0.0195164680429866,0.0800599553061643,0.335909554495489,0.0503911593211495,0.0236131618833783,0.202506494072081,0.0669850541125929,0.0124113773647644
"93",0,0.210716434747953,0.0194357283058118,0.080790714943175,0.334547613397746,0.0501665494619532,0.0235203363817215,0.201742724633951,0.0667176036856062,0.0123622944420823
"94",0,0.212817842897169,0.0193553239380216,0.0815184514741978,0.333192360925616,0.0499440562951583,0.023427818157723,0.200979519444011,0.0664512719811029,0.0123133548870012
"95",0,0.214911022232351,0.0192752535969396,0.0822431774582287,0.331843695803684,0.0497236058048959,0.0233356097179191,0.200217019941152,0.0661860520166814,0.0122645634281488
"96",0,0.216995995830782,0.0191955159584887,0.0829649054044804,0.330501522484333,0.0495051278882684,0.0232437132754666,0.199455358123379,0.0659219367316654,0.0122159243031377
"97",0,0.219114144524702,0.0191147852242403,0.083683597973764,0.329143559561208,0.0492859800566504,0.0231507261454652,0.198684895660237,0.065655099356361,0.0121672114973725
"98",0,0.221223897587548,0.0190345393415608,0.0843992733959063,0.327792032420212,0.0490686589999234,0.0230581057771589,0.197915432804866,0.0653894549550342,0.0121186047177908
"99",0,0.223325267335843,0.0189545901714427,0.0851119428269369,0.326447420824559,0.0488530653547898,0.022965778913423,0.19714698924454,0.0651248196573554,0.01207012567111
"100",0,0.225418274880839,0.0188749925734897,0.0858216194855398,0.325109375353018,0.048639176619727,0.0228737762583466,0.196379743327078,0.0648612605953034,0.0120217809066585
"101",0,0.227502942256807,0.018795734225315,0.0865283161270921,0.32377780682165,0.0484269461732957,0.0227820976141933,0.195613808156501,0.0645987705429471,0.0119735780821994
"102",0,0.229579293170997,0.0187168145785332,0.0872320454863524,0.322452587220412,0.0482163333224895,0.02269074869164,0.194849297641855,0.0643373569331998,0.0119255229545216
"103",0,0.231647352319645,0.0186382315256944,0.0879328202188415,0.321133621311817,0.0480072955215328,0.0225997311309957,0.194086309935239,0.064077017418139,0.0118776206180958
"104",0,0.233707145262881,0.01855998347202,0.0886306529201189,0.319820817470299,0.0477997920800156,0.0225090468503455,0.193324936174558,0.0638177504061593,0.0118298753636032
"105",0,0.235758698227675,0.0184820686232459,0.0893255561182815,0.318514094138141,0.0475937833532072,0.0224186969278718,0.192565259301837,0.063559552387404,0.0117822909223368
"106",0,0.237802038004901,0.0184044853381723,0.0900175422797196,0.317213375226591,0.0473892312454451,0.0223286822036639,0.191807355766574,0.0633024194148356,0.0117348705200977
"107",0,0.239837191854672,0.0183272319796516,0.0907066238092682,0.315918590001168,0.0471860991606557,0.0222390032311756,0.191051295989291,0.0630463470116166,0.0116876169625006
"108",0,0.24186418743608,0.0182503069577256,0.0913928130519822,0.314629671979885,0.0469843520507467,0.0221496603811635,0.190297145013049,0.0627913304410371,0.0116405326883297
"109",0,0.243926133878872,0.0181723313311642,0.092076070506411,0.313323453182589,0.0467812800253985,0.0220591897549639,0.189534777466363,0.0625333846147588,0.011593379239479
"110",0,0.245979725195367,0.0180948422056391,0.0927564144643992,0.312023105468218,0.0465795098322263,0.0219691091880542,0.188774357922357,0.0622765923052282,0.01154634341851
"111",0,0.248024977050577,0.0180176435740773,0.0934338558481647,0.310729158173655,0.0463789692379688,0.0218793405263189,0.188015845779607,0.0620207635691083,0.0114994462405227
"112",0,0.250061914031733,0.017940792456469,0.0941084077238077,0.309441273674317,0.0461796644158776,0.0217899143289579,0.187259369771182,0.0617659705711953,0.0114526930264608
"113",0,0.252090561438477,0.0178642758901025,0.0947800826700461,0.30815938487299,0.0459815745204769,0.0217008289302889,0.186504993719939,0.0615122075880155,0.011406090369664
"114",0,0.25411094609112,0.0177880932221662,0.0954488932410529,0.306883382688947,0.0457846832415157,0.0216120889459327,0.185752785444559,0.0612594841456446,0.0113596429790625
"115",0,0.256123095629855,0.0177122421760255,0.0961148519054023,0.305613191053673,0.0455889707678608,0.0215236948204623,0.185002799236707,0.0610077994427319,0.0113133549672828
"116",0,0.258127038399267,0.0176367210264394,0.0967779710668019,0.304348736479566,0.0453944177652376,0.021435647367859,0.18425508482666,0.0607571533726105,0.0112672296955577
"117",0,0.260122803255307,0.0175615278508936,0.0974382630566747,0.303089954874419,0.0452010046240626,0.0213479465980305,0.183509685984844,0.0605075437327608,0.0112212700230078
"118",0,0.262110419469878,0.0174866608972301,0.0980957401405649,0.301836786794586,0.0450087120731476,0.0212605923409034,0.182766642148818,0.0602589677775305,0.0111754783573422
"119",0,0.26408991664308,0.0174121184270177,0.0987504145186539,0.300589177380742,0.0448175212096631,0.0211735841913551,0.182025988764265,0.0600114221264004,0.0111298567388225
"120",0,0,0,0,0,0,0,0,0,0
