"","Alive","Death","ODN","ODF","REL","BUP","BUPC","MET","METC","ABS"
"0",0,1.11022302462516e-16,0,0,0,0,0,1,0,0
"1",0,0.000404258265598867,0.0725962400932447,0.0048115188993524,0.0504409520674836,0.00824719901189934,0,0.65157330761988,0.153238372963158,0.0586881510793829
"2",0,0.000844028146227305,0.113214943118652,0.00807488732773851,0.0645675273005312,0.0135555100607694,0.00719321837735549,0.623980881377136,0.118336779031559,0.0502322252600311
"3",0,0.00130935132979282,0.119057412753628,0.00940715699505249,0.0691148466070046,0.0173891741404356,0.0102913697844015,0.595483973014923,0.123247613102791,0.0546991022719715
"4",0,0.00177727258828519,0.122400862887428,0.0104858501550716,0.0727823327323576,0.0202433753278704,0.0123327625812024,0.577016531709759,0.125501312724449,0.0574596992935771
"5",0,0.0022468887084941,0.124535748726256,0.0114245537196217,0.0753707013738038,0.0225540890153865,0.013862005419059,0.561951808971976,0.128042103549851,0.0600121005155511
"6",0,0.00271729304419122,0.126030473662077,0.0122819532908915,0.0773349813157804,0.0244978080166397,0.0151428283754344,0.549467559863304,0.130300116047217,0.0622269863844648
"7",0,0.00318805265481736,0.127065157147734,0.013084939717348,0.078862310348432,0.0262043649908683,0.0162572145194788,0.538735343120027,0.132382563676393,0.0642200538249019
"8",0,0.00365885392618992,0.127753538645939,0.0138492292362838,0.0800820228104135,0.0277396270963457,0.0172545573260686,0.529322463282679,0.134300818959744,0.0660388887163364
"9",0,0.00412947171497247,0.128172658047421,0.0145845480439682,0.0810749603751473,0.0291453360774491,0.0181616630693739,0.520932023377252,0.136078248269871,0.0677210910245457
"10",0,0.00459973654556511,0.128380588596521,0.0152973440134936,0.0818956808204557,0.0304483203751337,0.0189957134693854,0.513359786892152,0.137730605443728,0.069292223843566
"11",0,0.00506951923006516,0.128422111208487,0.0159920888498481,0.0825818578129063,0.0316670018349018,0.0197684440169233,0.506457061212697,0.139270888810028,0.070771027024143
"12",0,0.00553872016670476,0.12833224418843,0.01667200278937,0.0831603760691207,0.0328146206736657,0.0204884336811265,0.500112461303391,0.140709657789708,0.072171483338484
"13",0,0.00603238729346989,0.128132897982769,0.0173394583546264,0.0836472630700265,0.0339003285670239,0.0211617376168643,0.494229541211273,0.142052562105049,0.0735038237988977
"14",0,0.00652528156042165,0.127851701520807,0.0179962703661069,0.0840610263648643,0.0349324891030664,0.0217940600904143,0.488751867496267,0.143310349166766,0.0747769543312866
"15",0,0.00701735346447341,0.127506049570132,0.0186438530192824,0.0844130190176356,0.0359172094742851,0.0223896806627762,0.483625497799309,0.144489664153135,0.0759976728389714
"16",0,0.00750856434593405,0.127109884416272,0.019283326304949,0.0847121306707742,0.0368594503583281,0.0229521680024892,0.478806579027975,0.145596361187723,0.0771715356855547
"17",0,0.00799888410728244,0.126674432979499,0.0199155913273714,0.0849654435828446,0.0377633187946346,0.0234845474917015,0.474258983717596,0.146635644927886,0.0783031530711854
"18",0,0.0084882894656122,0.126208773417194,0.0205413832305556,0.0851786877812497,0.0386322680553026,0.0239894187042006,0.469952596084003,0.147612181045411,0.0793964022164708
"19",0,0.00897676259857061,0.125720272119766,0.0211613092089704,0.0853565640768992,0.0394692401319343,0.0244690400193179,0.465862049513106,0.148530180096821,0.0804545822346144
"20",0,0.00946429008474947,0.125214922653272,0.0217758763335951,0.0855029775179027,0.0402767698384654,0.0249253915805327,0.461965778934407,0.149393463593661,0.081480529463414
"21",0,0.00995086206660434,0.124697610694277,0.0223855122824372,0.0856212091555894,0.0410570625869297,0.0253602232428335,0.458245298460526,0.150205516715474,0.0824767047953288
"22",0,0.0104364715835767,0.124172322714663,0.0229905810274359,0.0857140444377448,0.0418120536268128,0.0257750918244601,0.454684642852553,0.150969531056009,0.0834452608767458
"23",0,0.0109211140367975,0.123642311605432,0.0235913948722135,0.0857838705719567,0.0425434539364413,0.0261713905485435,0.451269930137665,0.151688439741401,0.0843880945495488
"24",0,0.0114047867565313,0.123110229071568,0.02418822380681,0.0858327513252155,0.0432527863119818,0.0265503726598637,0.447989015128691,0.152364946636702,0.0853068883026373
"25",0,0.0119192537659437,0.122571212466566,0.0247812829704725,0.0858575583892671,0.043940155275675,0.0269123429773287,0.444818728482104,0.152997065532704,0.0862024001399393
"26",0,0.0124326660972617,0.122034199042429,0.0253707722977895,0.085864873848228,0.0446079854554127,0.0272591123057211,0.441762253442409,0.15359149053069,0.0870766469800587
"27",0,0.012945025282993,0.12150057796786,0.0259568730414581,0.0858560827326694,0.0452573948621191,0.0275916228881815,0.438811190775251,0.154150383768869,0.0879308486805997
"28",0,0.0134563337544964,0.120971467305035,0.0265397461072653,0.0858324195722437,0.0458893950252989,0.0279107340182456,0.435958037315003,0.154675756448921,0.0887661104534911
"29",0,0.0139665946773592,0.120447755161704,0.0271195349355782,0.0857949903134875,0.046504908144128,0.0282172320233758,0.433196069090129,0.155169479520365,0.0895834361338735
"30",0,0.0144758118128108,0.119930136916374,0.0276963679710981,0.085744790342863,0.0471047780606458,0.0285118389579279,0.430519236593683,0.155633297516169,0.0903837418284283
"31",0,0.0149839894012898,0.119419147172932,0.0282703607454596,0.0856827198155113,0.0476897795522207,0.0287952195689473,0.427922077999942,0.156068839210732,0.0911678665329658
"32",0,0.0154911320653388,0.118915186494703,0.0288416176157952,0.0856095963510027,0.0482606261745861,0.0290679872738845,0.425399645615777,0.156477627233301,0.0919365811756119
"33",0,0.015997244728549,0.118418543801273,0.0294102332235047,0.0855261656484041,0.0488179769536159,0.0293307093252254,0.422947443505285,0.156861086535101,0.0926905962790422
"34",0,0.0165023325479108,0.11792941514338,0.0299762937238053,0.085433110391065,0.0493624421371187,0.0295839113060048,0.420561374252903,0.157220551973361,0.0934305685244512
"35",0,0.0170064008573521,0.117447919468997,0.0305398778272643,0.0853310577569961,0.0498945881672468,0.0298280810679525,0.418237693321371,0.157557275129492,0.0941571064033292
"36",0,0.0175094551206372,0.116974111883344,0.0311010576862909,0.0852205857854809,0.0504149420029551,0.0300636721987245,0.415972969739425,0.157872430471685,0.0948707751114568
"37",0,0.0180509714252982,0.116499495797275,0.031659875745337,0.0850959875470083,0.0509221467469912,0.0302899402664151,0.413749265408698,0.158161241237763,0.0955710758252144
"38",0,0.0185913790549788,0.116032723201861,0.032216385632208,0.0849641044793571,0.0514184468541733,0.0305084015415869,0.411578596271916,0.158430519293805,0.0962594436701139
"39",0,0.0191306843539769,0.115573692569325,0.032770643613291,0.0848253842049442,0.0519042801284917,0.0307194309403302,0.409458288325661,0.158681252874105,0.0969363429898754
"40",0,0.0196688936527935,0.115122284884077,0.0333227022403009,0.0846802470084761,0.0523800522324469,0.0309233772259808,0.407385861840748,0.158914371888572,0.0976022090266046
"41",0,0.0202060132562843,0.114678362179321,0.0338726105163593,0.0845290870914706,0.0528461437078735,0.0311205657358546,0.405359019978083,0.159130748958128,0.098257448576626
"42",0,0.0207420494313759,0.114241770103623,0.0344204141798696,0.0843722739757883,0.0533029121503087,0.0313113010162282,0.403375630327171,0.159331205283384,0.0989024435322509
"43",0,0.0212770083955183,0.113812341364584,0.0349661560056106,0.0842101544156714,0.0537506941835519,0.031495868596127,0.401433709840279,0.159516514192688,0.0995375530059698
"44",0,0.0218108963071322,0.113389898807093,0.0355098760769097,0.08404305414232,0.0541898071648782,0.0316745365383479,0.39953141114051,0.159687404549829,0.100163115272979
"45",0,0.0223437192578361,0.112974258101148,0.0360516120296748,0.0838712794864228,0.0546205506976562,0.0318475568098685,0.397667010414036,0.159844563750559,0.100779449452799
"46",0,0.0228754832662832,0.112565230035425,0.0365913992697949,0.0836951188524395,0.055043207987756,0.0320151665078753,0.395838896601428,0.159988640467905,0.101386857011093
"47",0,0.0234061942733924,0.112162622457917,0.0371292711668427,0.0835148440544073,0.055458047064801,0.0321775889666658,0.39404556174386,0.160120247168347,0.101985623103767
"48",0,0.023935858138773,0.111766241906022,0.0376652592268541,0.0833307115239739,0.0558653218866609,0.0323350347614198,0.392285592336544,0.16023996243253,0.102576017787221
"49",0,0.0245044238801403,0.111367471382917,0.0381993695145517,0.0831366305401502,0.0562631624908596,0.032486417345531,0.390543191463235,0.160342169720074,0.103157163662541
"50",0,0.0250718464843476,0.110974724645657,0.0387316225899992,0.0829392732305592,0.056653853831909,0.032633171045358,0.388831685500585,0.160433460623368,0.103730362048217
"51",0,0.025638132250546,0.110587787378686,0.0392620448540555,0.0827388437462271,0.0570376209629794,0.0327754797987804,0.387149905497364,0.160514336711614,0.104295848799748
"52",0,0.0262032873610477,0.11020645892502,0.0397906617660396,0.0825355387271583,0.0574146733932392,0.0329135158276954,0.385496743007909,0.160585272405981,0.104853848585909
"53",0,0.0267673178898922,0.109830545972301,0.0403174976847706,0.0823295463858856,0.0577852102936324,0.0330474410269661,0.383871152861879,0.160646714048743,0.10540457383593
"54",0,0.027330229807669,0.109459860883721,0.0408425758742086,0.0821210460298478,0.0581494212502842,0.0331774084037684,0.382272147550969,0.160699083571684,0.105948226627847
"55",0,0.0278920289843536,0.109094221491435,0.0413659185632939,0.0819102083193045,0.0585074869847458,0.0333035628055032,0.380698793312768,0.160742780121582,0.106484999417014
"56",0,0.0284527211918556,0.10873345106414,0.0418875470088581,0.0816971955786503,0.058859579952141,0.0334260415350935,0.379150206236405,0.160778181689568,0.107015075743288
"57",0,0.0290123121064177,0.108377378342204,0.0424074815573876,0.0814821621691413,0.0592058648713282,0.0335449748828381,0.377625548767624,0.160805646480682,0.107538630822377
"58",0,0.0295708073109883,0.108025837570314,0.0429257417031761,0.0812652548709241,0.0595464992063784,0.0336604865985722,0.376124026496775,0.160825514162835,0.108055832080037
"59",0,0.0301282122975916,0.107678668511553,0.0434423461424676,0.0810466132609645,0.0598816336063291,0.0337726943190103,0.37464488522176,0.160838107005308,0.108566839635016
"60",0,0.0306845324697091,0.107335716436679,0.0439573128235822,0.0808263700782479,0.0602114123096614,0.0338817099575349,0.373187408255247,0.160843730928758,0.10907180674058
"61",0,0.0312840930059124,0.106987636674697,0.0444706330418444,0.0805976685929818,0.0605333978240631,0.0339861216185542,0.371735263656582,0.160835664425988,0.109569521159377
"62",0,0.0318824587006968,0.106643673190669,0.0449823149255925,0.08036773614147,0.0608502445554014,0.0340875110150708,0.370303548368976,0.160821108798726,0.110061404303397
"63",0,0.0324796354365344,0.10630366185618,0.0454923740141963,0.0801366736813703,0.0611620875482932,0.0341859816653418,0.368891650202878,0.160800339425728,0.110547596169478
"64",0,0.0330756289837952,0.105967455399501,0.0460008257003089,0.0799045809535438,0.0614690514923941,0.0342816303283977,0.367498978031858,0.160773617644246,0.111028231465956
"65",0,0.0336704450130093,0.105634915819061,0.0465076849759168,0.0796715549949997,0.0617712558058914,0.0343745480663928,0.366124968353547,0.160741188970886,0.111503438000297
"66",0,0.0342640891022115,0.105305911943971,0.047012966370018,0.0794376891664843,0.0620688150120755,0.0344648213971602,0.364769082672928,0.160703286112603,0.111973338222549
"67",0,0.0348565667415298,0.104980318666888,0.0475166839525187,0.079203073008091,0.0623618391203883,0.034552532717007,0.36343080633333,0.160660129873107,0.112438049587141
"68",0,0.0354478833370451,0.104658016457807,0.0480188513479918,0.0789677921936575,0.0626504339119027,0.0346377606317711,0.362109647080558,0.16061193011163,0.112897684927637
"69",0,0.0360380442141468,0.104338891028601,0.048519481753753,0.0787319285856291,0.0629347011829083,0.0347205802254333,0.360805133789974,0.160558886477525,0.11335235274203
"70",0,0.0366270546205804,0.104022833061917,0.0490185879588914,0.0784955603308659,0.0632147389639773,0.0348010632891621,0.359516815262909,0.160501189064726,0.113802157446971
"71",0,0.0372149197292632,0.103709737977378,0.04951618236324,0.0782587619794572,0.0634906417191288,0.0348792785244667,0.358244259109014,0.160439018993852,0.1142471996042
"72",0,0.0378016446409204,0.103399505720101,0.0500122769957814,0.0780216046142709,0.0637625005295148,0.0349552917262177,0.356987050704149,0.160372548942153,0.114687576126893
"73",0,0.0384318679742885,0.103082904266144,0.0505068577250145,0.0777772034530592,0.0640275977110806,0.0350275593598255,0.355729348849333,0.160294747100732,0.115121913560523
"74",0,0.0390608373916959,0.102769165768027,0.0509999274347999,0.0775327008813654,0.0642887747134062,0.0350977133703708,0.354486298488558,0.160212887964034,0.115551693987743
"75",0,0.0396885585059727,0.102458177672707,0.0514914967109854,0.0772881452810815,0.0645461210116371,0.0351658182754914,0.353257539116588,0.160127134193399,0.115977009232138
"76",0,0.0403150368341134,0.102149842653809,0.0519815762711228,0.0770435863292123,0.0647997181697328,0.0352319340195928,0.352042716998636,0.16003764043877,0.116397948285011
"77",0,0.0409402778097574,0.101844071076269,0.0524701766898389,0.0767990734004547,0.0650496446648158,0.0352961168836018,0.350841492489542,0.159944551391141,0.116814595594579
"78",0,0.041564286790397,0.101540778565028,0.0529573083191797,0.0765546544810955,0.0652959761226393,0.0353584204912124,0.349653538412909,0.159848004391468,0.117227032426072
"79",0,0.0421870690616429,0.101239885226283,0.0534429812760781,0.0763103759008353,0.0655387855688132,0.0354188961084498,0.348478539754256,0.159748130015361,0.117635337088281
"80",0,0.0428086298406857,0.100941315159409,0.0539272054411389,0.0760662821719575,0.0657781435959499,0.0354775928611379,0.347316193027753,0.159645052721103,0.118039585180865
"81",0,0.0434289742792048,0.100644996127737,0.0544099904629695,0.0758224159348742,0.0660141184981887,0.0355345578988271,0.346166205738078,0.159538891296657,0.118439849763464
"82",0,0.0440481074659379,0.100350859301563,0.0548913457645837,0.0755788179512192,0.0662467763892878,0.0355898365270294,0.345028295853201,0.159429759244792,0.118836201502386
"83",0,0.0446660344289982,0.100058839045145,0.0553712805507539,0.0753355271261926,0.066476181308137,0.0356434723205971,0.343902191309375,0.159317765113335,0.119228708797466
"84",0,0.0452827601379993,0.0997688727316324,0.0558498038157089,0.0750925805475682,0.0667023953154251,0.0356955072233891,0.342787629543005,0.159203012789309,0.119617437895962
"85",0,0.0459482664781745,0.0994707922523265,0.0563268957906808,0.0748423406911209,0.0669221198975801,0.0357441083778591,0.341667350668527,0.159077422244361,0.12000070359937
"86",0,0.0466124393315418,0.0991748542840865,0.0568025556855286,0.0745926535428657,0.0671387221138421,0.0357911516195388,0.340558199909082,0.158949186448507,0.120380237065008
"87",0,0.0472752843027977,0.0988809770650016,0.0572767914284869,0.0743435366459973,0.0673522667495289,0.0358366815396339,0.339459947993416,0.158818410488486,0.120756103786652
"88",0,0.0479368069079997,0.0985890938105278,0.0577496112536024,0.0740950105756678,0.0675628113258927,0.0358807389372992,0.338372365394823,0.158685194167497,0.12112836762669
"89",0,0.0485970125884304,0.0982991444794264,0.0582210233858525,0.0738470971143689,0.0677704112954825,0.0359233617492883,0.337295230702907,0.158549629802416,0.121497088881828
"90",0,0.0492559067182107,0.0980110731672301,0.058691035944942,0.0735998179900883,0.0679751202284601,0.0359645860873356,0.336228329296875,0.158411804880142,0.121862325686716
"91",0,0.0499134946084708,0.0977248273072601,0.0591596569236698,0.0733531945114758,0.0681769900220827,0.0360044465054668,0.335171453403292,0.158271802525056,0.122224134193226
"92",0,0.0505697815105964,0.0974403571920557,0.0596268941794305,0.0731072473257986,0.0683760710226062,0.0360429761809871,0.334124401773178,0.158129702039876,0.122582568775471
"93",0,0.0512247726188513,0.0971576156687945,0.0600927554323335,0.0728619962967545,0.0685724121154652,0.0360802070404698,0.333086979436626,0.15798557923683,0.122937682153875
"94",0,0.0518784730726275,0.0968765579134449,0.0605572482660617,0.0726174604376767,0.0687660608010405,0.0361161698544603,0.332058997446186,0.157839506710027,0.123289525498475
"95",0,0.0525308879584293,0.0965971412523271,0.0610203801301779,0.0723736578798238,0.068957063259955,0.0361508943147038,0.331040272633917,0.1576915540566,0.123638148514066
"96",0,0.0531820223116579,0.0963193250132726,0.0614821583431851,0.0721306058617953,0.06914546441173,0.0361844090993129,0.330030627378032,0.157541788066599,0.123983599514415
"97",0,0.053885629423711,0.0960323212127357,0.0619425597263517,0.0718802028186088,0.0693274786383266,0.0362146572419889,0.329011851656817,0.157381367746218,0.124323931535242
"98",0,0.0545878083904421,0.0957470599545508,0.0624015813472219,0.0716307309165516,0.0695069284349981,0.0362437137414747,0.328001898600907,0.157219177768056,0.124661100845799
"99",0,0.0552885649821191,0.0954634771487525,0.0628592296443999,0.0713821895198866,0.0696838637342284,0.0362716119209505,0.32700061391802,0.157055291857216,0.124995157274427
"100",0,0.0559879048821728,0.0951815235478923,0.063315511458803,0.0711345820398406,0.0698583274987756,0.0362983816701211,0.326007839508272,0.156889779745397,0.125326149648725
"101",0,0.0566858337024899,0.0949011560682082,0.0637704336934154,0.0708879139700088,0.0700303611599365,0.0363240504002189,0.325023422396835,0.156722704872892,0.125654123735995
"102",0,0.0573823569915575,0.0946223350799726,0.0642240032077,0.0706421915184805,0.0702000047816863,0.036348644111615,0.324047213528049,0.156554127099253,0.125979123681686
"103",0,0.0580774802387028,0.094345023601083,0.0646762267912456,0.0703974211865357,0.0703672972523564,0.0363721876500527,0.323079067988501,0.156384103123359,0.126301192168164
"104",0,0.0587712088772996,0.094069186829237,0.0651271111516387,0.0701536094801124,0.070532276385759,0.036394704873052,0.322118844822178,0.156212686979587,0.126620370601136
"105",0,0.059463548287282,0.0937947918567525,0.0655766629095534,0.06991076274937,0.0706949789905184,0.036416218759633,0.321166406916949,0.156039930317142,0.1269366992128
"106",0,0.0601545037972562,0.0935218074674188,0.0660248885969206,0.0696688870883262,0.0708554409256516,0.0364367514883688,0.320221620870636,0.155865882620814,0.127250217144607
"107",0,0.0608440806863265,0.0932502039821931,0.0664717946567914,0.0694279882729699,0.071013697146457,0.036456324498243,0.319284356863329,0.155690591381344,0.127560962512346
"108",0,0.0615322841857151,0.0929799531349095,0.0669173874441434,0.0691880717230312,0.0711697817446494,0.0364749585379619,0.318354488532267,0.155514102236282,0.127868972461041
"109",0,0.062276509499958,0.0926996770292684,0.0673616411610597,0.0689406249253442,0.0713194214247958,0.0364903811570936,0.317412856694493,0.155326852338163,0.128172035769824
"110",0,0.0630191974753064,0.0924209315473295,0.0678045514230336,0.0686943273691471,0.0714669065961197,0.0365048678027649,0.316478460254971,0.15513840844704,0.128472349084288
"111",0,0.0637603541816419,0.092143661932304,0.0682461237992711,0.0684491672613838,0.0716122777951159,0.0365184450781224,0.315551191070172,0.15494882645849,0.128769952423498
"112",0,0.0644999855994973,0.0918678284671915,0.0686863643267703,0.0682051375487166,0.0717555686407365,0.0365311362867624,0.314630935098562,0.15475815886866,0.129064885163103
"113",0,0.0652380976371288,0.091593397361536,0.0691252791478403,0.0679622338309124,0.0718968115180135,0.0365429624243355,0.313717581793726,0.154566452417331,0.129357183869177
"114",0,0.0659746961394385,0.091320337932349,0.0695628743970845,0.0677204529040789,0.0720360377331198,0.0365539432864014,0.312811022939034,0.154373750885293,0.129646883783201
"115",0,0.0667097868924789,0.0910486217792192,0.0699991561718854,0.0674797922975134,0.0721732776994031,0.0365640977247863,0.311911152959895,0.154180095501643,0.129934018973176
"116",0,0.067443375626792,0.0907782223152746,0.0704341305180374,0.0672402499522083,0.0723085610292253,0.0365734438101641,0.311017868806617,0.153985525428144,0.130218622513537
"117",0,0.0681754680199769,0.0905091144891809,0.0708678034230753,0.067001824034758,0.0724419165932726,0.0365819989357013,0.310131069907138,0.153790078018064,0.130500726578833
"118",0,0.0689060696988104,0.0902412745925262,0.0713001808129294,0.066764512815251,0.0725733725661172,0.0365897798880636,0.309250658094608,0.153593789014958,0.130780362516737
"119",0,0.069635186241058,0.089974680117677,0.0717312685504367,0.0665283145863508,0.0727029564622557,0.036596802900934,0.308376537537871,0.153396692700192,0.131057560903225
"120",0,0.070362823177061,0.0897093096463264,0.0721610724349125,0.0662932276079461,0.0728306951667042,0.0366030836969527,0.307508614671261,0.1531988220111,0.131332351587736
"121",0,0.0711496923233116,0.0894332695934546,0.0725895646624442,0.0660504027902016,0.0729518415215935,0.0366061490014729,0.306626860656983,0.152989957044986,0.131602262405553
"122",0,0.0719349011457449,0.0891586562183917,0.0730167398508226,0.065808850182096,0.0730711471854769,0.0366084656675332,0.305751206867763,0.152780298052164,0.131869734830007
"123",0,0.0727184561209255,0.0888854194200357,0.0734426030642788,0.0655685510042812,0.0731886464400088,0.0366100560563103,0.304881575167071,0.152569890278254,0.132134802448835
"124",0,0.0735003636307164,0.0886135244716425,0.0738671598811858,0.0653294917068151,0.0733043666026847,0.0366109392644087,0.304017880193103,0.152358775830345,0.132397498419098
"125",0,0.0742806299813711,0.0883429425186536,0.0742904160127888,0.0650916617792404,0.0734183339306535,0.0366111321523895,0.303160039127312,0.15214699128465,0.132657853212941
"126",0,0.0750592614134008,0.0880736476574014,0.074712377184286,0.0648550522204759,0.0735305737724146,0.0366106504921872,0.302307970538187,0.151934570573245,0.132915896148402
"127",0,0.0758362641064738,0.0878056160874829,0.0751330491030585,0.0646196550436841,0.0736411107533269,0.0366095092275967,0.301461594746793,0.151721545393075,0.133171655538509
"128",0,0.0766116441830018,0.0875388256352696,0.0755524374428104,0.064385462930455,0.0737499688634058,0.0366077226373533,0.300620833745656,0.151507945692147,0.133425158869901
"129",0,0.0773854077108649,0.0872732554760206,0.0759705478357895,0.0641524690266397,0.0738571715116997,0.0366053044370563,0.299785611187691,0.151293799921871,0.133676432892367
"130",0,0.0781575607056388,0.0870088859445579,0.0763873858685213,0.0639206668054264,0.0739627415666878,0.0366022678473909,0.29895585234719,0.15107913522737,0.133925503687217
"131",0,0.0789281091324801,0.0867456983980793,0.0768029570795158,0.0636900499737979,0.0740667013870856,0.036598625644398,0.298131484082034,0.150863977585151,0.134172396717458
"132",0,0.0796970589077648,0.0864836751104973,0.0772172669581145,0.0634606124060627,0.0741690728472818,0.0365943901979433,0.297312434793559,0.150648351910897,0.13441713686788
"133",0,0.0805294026131782,0.0862102340244675,0.0776302854459191,0.0632230517359221,0.0742645450603737,0.0365868476962542,0.296477470931232,0.150421223767378,0.134656938725275
"134",0,0.0813599454064539,0.0859381828798306,0.0780420062372194,0.0629868329826198,0.0743584243804994,0.0365786987418056,0.295647773328997,0.150193592070443,0.134894543972131
"135",0,0.0821886942888849,0.0856674729887446,0.078452434103894,0.0627519325547881,0.0744507409375127,0.0365699630512143,0.294823284417,0.14996549572661,0.135129981931352
"136",0,0.0830156561584569,0.0853980717189462,0.0788615743778861,0.0625183325622479,0.074541517676272,0.0365606570072398,0.294003938309442,0.149736970558608,0.135363281630901
"137",0,0.0838408378315896,0.0851299524533776,0.0792694325461223,0.0622860184927472,0.0746307765754248,0.0365507947424038,0.29318967108899,0.14950804684064,0.135594469428705
"138",0,0.0846642460542885,0.0848630915175497,0.0796760141243419,0.0620549775888416,0.0747185388011536,0.0365403893459293,0.292380419623912,0.149278752327176,0.135823570616808
"139",0,0.0854858875076224,0.0845974672919012,0.0800813246229639,0.0618251983171936,0.0748048248979047,0.0365294531346573,0.291576121977154,0.14904911267692,0.136050609573683
"140",0,0.0863057688117024,0.084333059716193,0.080485369529824,0.0615966699968621,0.0748896548761765,0.0365179978214029,0.290776717345149,0.148819151955468,0.136275609947222
"141",0,0.0871238965286781,0.0840698500032239,0.0808881543014707,0.0613693825775154,0.074973048265331,0.0365060346188911,0.289982146068832,0.148588892891843,0.136498594744214
"142",0,0.0879402771651708,0.0838078204457764,0.0812896843581949,0.0611433264890091,0.0750550241518404,0.036493574308303,0.289192349614255,0.148358357069745,0.136719586397706
"143",0,0.0887549171743175,0.0835469542783168,0.081689965081161,0.0609184925370522,0.075135601207597,0.0364806272890243,0.28840727055349,0.148127565063649,0.136938606815393
"144",0,0.0895678229575397,0.0832872355717012,0.08208900181076,0.0606948718277126,0.0752147977127269,0.03646720361609,0.287626852542162,0.147896536543736,0.137155677417571
"145",0,0.0904502115399134,0.0830150434248238,0.0824867613970087,0.0604624597087664,0.075286555396059,0.0364502640808842,0.286828017037357,0.147653091681418,0.13736759573377
"146",0,0.0913306330787623,0.0827442519490986,0.0828832364417196,0.0602314334218812,0.0753569206736306,0.0364328289560512,0.286033825399114,0.147409362291354,0.137577507788389
"147",0,0.0922090952585924,0.0824748112523393,0.0832784315564515,0.0600017654730207,0.0754259210765827,0.0364149164765787,0.28524423489341,0.147165383851057,0.137785440161968
"148",0,0.0930856056475917,0.0822066886944206,0.083672351970441,0.0597734346482471,0.0754935764906094,0.0363965413530442,0.284459193315104,0.146921188647411,0.137991419233131
"149",0,0.0939601717231083,0.081939858018729,0.084065003090628,0.0595464234921766,0.0755599058702934,0.0363777159423301,0.283678650080939,0.146676803166829,0.138195468614967
"150",0,0.0948328008846474,0.081674296038366,0.0844563903649166,0.0593207165472031,0.0756249274008249,0.0363584515496198,0.282902554977106,0.146432251356655,0.138397610880661
"151",0,0.0957035004602032,0.0814099816811483,0.0848465192449196,0.0590962997741944,0.0756886587008736,0.0363387587184857,0.282130858616231,0.146187555079146,0.138597867724798
"152",0,0.0965722777108324,0.0811468954586376,0.0852353951669776,0.0588731601462569,0.0757511169142125,0.0363186474103745,0.281363512387088,0.14594273464823,0.13879626015739
"153",0,0.097439139834077,0.0808850191612199,0.0856230235424455,0.0586512854049441,0.0758123187637298,0.0362981271145273,0.280600468481207,0.145697809100656,0.138992808597193
"154",0,0.0983040939667255,0.080624335653794,0.0860094097520224,0.0584306638939178,0.0758722805898027,0.0362772069197685,0.279841679886057,0.145452796396657,0.139187532941255
"155",0,0.0991671471871221,0.080364828730468,0.0863945591423641,0.0582112844426497,0.0759310183780426,0.0362558955660724,0.279087100377968,0.145207713561204,0.13938045261411
"156",0,0.100028306517156,0.0801064830047511,0.0867784770240241,0.057993136281478,0.0759885477812021,0.0362342014829254,0.278336684510835,0.144962576791814,0.139571586605814
"157",0,0.100962411323142,0.0798351623153347,0.0871611287439983,0.057765903425375,0.0760382632517975,0.0362088686202385,0.277566342226739,0.144704506493423,0.139757413599951
"158",0,0.101894365181961,0.0795652711446589,0.0875425064172649,0.0575400791995388,0.0760867551624987,0.0361831312707783,0.276800171233794,0.144446328869397,0.139941391520108
"159",0,0.10282417656824,0.0792967586519224,0.0879226146300813,0.0573156337133744,0.0761340489372559,0.0361570064611271,0.276038139298298,0.144188076839938,0.140123544899763
"160",0,0.103751853827124,0.0790295918651119,0.0883014586151711,0.0570925436757438,0.0761801621398166,0.0361305076044559,0.27528020407851,0.143929780068469,0.140303898125597
"161",0,0.104677405203025,0.0787637443893935,0.088679043793901,0.056870789769447,0.0762251114334669,0.0361036457155262,0.274526324610141,0.143671462302675,0.140482472782425
"162",0,0.10560083885425,0.0784991929736131,0.0890553756343747,0.0566503548187754,0.0762689127462555,0.0360764307599827,0.273776460024468,0.1434131447503,0.140659289437981
"163",0,0.106522162860125,0.078235916520758,0.0894304596126389,0.0564312231836951,0.0763115814798991,0.0360488719539108,0.273030570030739,0.143154846549389,0.140834367808845
"164",0,0.107441385226133,0.0779738955385199,0.0898043011928546,0.0562133803347234,0.0763531326031744,0.0360209779489169,0.272288614873263,0.142896585322523,0.141007726959893
"165",0,0.108358513887743,0.0777131118242977,0.0901769058170782,0.0559968125967825,0.0763935807063951,0.0359927569450408,0.271550555367485,0.142638377455688,0.141179385399489
"166",0,0.109273556713507,0.0774535482545763,0.0905482788992378,0.0557815069737598,0.0764329400396856,0.0359642167641617,0.270816352901081,0.142380238303941,0.14134936115005
"167",0,0.110186521507636,0.077195188635512,0.0909184258214795,0.0555674510252347,0.0764712245402702,0.0359353649024507,0.270085969434419,0.142122182335449,0.141517671797549
"168",0,0.111097416012216,0.0769380175903322,0.0912873519318954,0.0553546327759331,0.0765084478537387,0.0359062085691558,0.269359367496355,0.141864223240876,0.141684334529498
"169",0,0.112085495258947,0.0766672581818283,0.091655020775032,0.0551323355099429,0.0765373709426695,0.0358732388501922,0.268611179595245,0.141592646257736,0.141845454628407
"170",0,0.113071217547387,0.0763979731036493,0.0920214239306002,0.054911461499286,0.0765652154213287,0.0358399406297851,0.267866802136539,0.141321108941973,0.142004856789452
"171",0,0.114054592284828,0.0761301097057549,0.0923865660172947,0.054691978824754,0.0765920052859934,0.0358063301908068,0.267126210830529,0.141049642711252,0.142162564148786
"172",0,0.115035628733037,0.0758636340079393,0.0927504523329668,0.0544738625236235,0.0766177563658964,0.0357724200709211,0.26638937061159,0.14077827561675,0.142318599737276
"173",0,0.116014336040944,0.0755985188753676,0.0931130883749518,0.0542570918359152,0.0766424835981217,0.0357382203333597,0.265656247634797,0.140507029600128,0.142472983706415
"174",0,0.11699072326125,0.075334740432371,0.0934744796918201,0.0540416482834461,0.0766662011984778,0.0357037399765788,0.264926807947664,0.140235924017422,0.14262573519097
"175",0,0.117964799358509,0.075072277029131,0.0938346318427999,0.0538275150329446,0.0766889228789768,0.0356689872462066,0.264201018000339,0.139964976129709,0.142776872481384
"176",0,0.11893657321493,0.0748111086685044,0.0941935503770071,0.0536146764490157,0.0767106619443419,0.0356339698276507,0.263478844606987,0.139694201680542,0.142926413231022
"177",0,0.119906053634723,0.0745512166778305,0.0945512408227038,0.0534031178242041,0.0767314313478952,0.035598694963267,0.262760254989217,0.139423615185633,0.143074374554526
"178",0,0.120873249347586,0.0742925834898026,0.0949077086809358,0.0531928251937272,0.0767512437305017,0.0355631695282825,0.262045216782744,0.139153230145979,0.143220773100442
"179",0,0.121838169011609,0.0740351924872865,0.0952629594216413,0.05298378520494,0.0767701114480472,0.035527400084842,0.261333698043134,0.138883059196617,0.143365625101882
"180",0,0.122800821215777,0.0737790278865877,0.0956169984812035,0.0527759850211652,0.0767880465926391,0.0354913929217969,0.260625667246492,0.138613114219177,0.143508946415161
"181",0,0.123848621414905,0.0735080112663312,0.095969785768234,0.0525578323569225,0.0767968045576968,0.035451215527894,0.259893278547675,0.138328194006787,0.143646256553555
"182",0,0.124893819351555,0.0732385386712831,0.0963213117691945,0.0523411240088408,0.0768046097797979,0.0354107732510658,0.259164430157454,0.138043437280219,0.14378195573059
"183",0,0.12593642562375,0.0729705534593172,0.0966715811583224,0.052125825348953,0.0768114857572617,0.0353700823482822,0.258439104395,0.137758875465715,0.143916066443399
"184",0,0.126976450660424,0.0727040193028331,0.0970205993523121,0.0519119093594302,0.0768174471385359,0.0353291550298601,0.257717271663634,0.137474536370175,0.144048611122796
"185",0,0.128013904760249,0.0724389072912114,0.0973683719872652,0.0516993536255026,0.0768225076461164,0.0352880008434273,0.256998903514568,0.1371904412203,0.144179609111361
"186",0,0.129048798111302,0.072175192029549,0.0977149047575026,0.0514881382387896,0.0768266802610118,0.0352466282079056,0.256283971208894,0.136906608495245,0.1443090786898
"187",0,0.130081140800602,0.071912850515645,0.0980602033714456,0.0512782451012464,0.0768299774588896,0.0352050447517679,0.25557244627804,0.136623054458818,0.144437037263545
"188",0,0.131110942820951,0.0716518615178193,0.098404273529015,0.0510696574366287,0.0768324113142024,0.0351632575218003,0.254864300486407,0.136339793785925,0.144563501587251
"189",0,0.132138214076034,0.0713922052192691,0.0987471209099202,0.0508623594952398,0.0768339935601222,0.0351212731097578,0.25415950588305,0.136056839875838,0.144688487870769
"190",0,0.133162964384504,0.0711338629810273,0.0990887511666991,0.0506563363511258,0.0768347356300111,0.0350790977341853,0.253458034813117,0.135774205082187,0.144812011857144
"191",0,0.134185203483381,0.0708768171744326,0.0994291699204394,0.0504515737590259,0.0768346486864147,0.0350367372984652,0.252759859928143,0.135491900872971,0.144934088876727
"192",0,0.135204941030973,0.070621051055364,0.0997683827580662,0.0502480580488449,0.076833743643236,0.0349941974333826,0.252064954190671,0.135209937951233,0.14505473388823
"193",0,0.13631207556391,0.0703502618955201,0.100106349049843,0.0500340994308659,0.0768232831845363,0.0349473747695404,0.251344792444143,0.134912615963101,0.145169147698539
"194",0,0.137416344681832,0.0700810786170365,0.100443059253707,0.0498215966175929,0.0768119859064582,0.0349003457195985,0.25062796670393,0.13461557517943,0.145282047320416
"195",0,0.138517760292023,0.0698134429376435,0.100778518206068,0.0496105138074102,0.0767998743539157,0.0348531260394889,0.249914463708128,0.13431884614888,0.145393454506442
"196",0,0.139616334112257,0.0695473172496552,0.101112731495585,0.0494008229828172,0.0767869620984161,0.0348057273848652,0.249204257979855,0.134022455740677,0.145503390955872
"197",0,0.140712077713858,0.0692826714973385,0.101445704931727,0.0491925008456384,0.0767732617894423,0.0347581587176869,0.248497325102716,0.133726424157204,0.145611875244388
"198",0,0.141805002543545,0.0690194792150959,0.101777444381478,0.0489855266803519,0.0767587853414,0.0347104278641075,0.247793640265286,0.133430768826088,0.145718924882648
"199",0,0.142895119934054,0.0687577163859042,0.102107955724691,0.0487798816429122,0.0767435441738119,0.0346625418576249,0.24709317883384,0.133135504941166,0.145824556505995
"200",0,0.143982441111789,0.068497360808272,0.102437244831226,0.0485755482612715,0.0767275493170317,0.0346145071511421,0.246395916317335,0.132840646099286,0.145928786102647
"201",0,0.145066977202518,0.0682383917339096,0.102765317549112,0.0483725101329119,0.0767108114730352,0.0345663297455958,0.245701828422651,0.132546204618883,0.146031629121383
"202",0,0.146148739235964,0.0679807896259252,0.10309217969751,0.0481707517167254,0.0766933410573812,0.0345180152730473,0.245010891068788,0.132252191773891,0.146133100550769
"203",0,0.147227738149618,0.0677245359877143,0.10341783706239,0.0479702581859134,0.0766751482284575,0.0344695690556025,0.244323080399768,0.13195861795647,0.146233214974065
"204",0,0.148303984792017,0.06746961323436,0.103742295393796,0.0477710153192427,0.0766562429097678,0.0344209961485877,0.243638372791678,0.131665492799716,0.146331986610834
"205",0,0.149475421412265,0.0671985221908008,0.104065510761775,0.0475605389940647,0.0766268313848091,0.0343677653857847,0.242925791957957,0.131355644610394,0.14642397330215
"206",0,0.150643684676853,0.0669291194112189,0.104387472714573,0.0473515420307683,0.0765966887133179,0.0343143793716817,0.242216402329998,0.131046183857371,0.146514526894218
"207",0,0.151808788130866,0.06666134237416,0.104708186226865,0.0471439862221563,0.0765658374168699,0.0342608541023416,0.241510194849649,0.130737141645093,0.146603669031999
"208",0,0.152970745099003,0.0663951508007766,0.105027657081821,0.0469378417581259,0.0765342903820666,0.0342072011836126,0.240807147200496,0.130428545160667,0.146691421333431
"209",0,0.154129568736158,0.0661305125146854,0.105345891299514,0.0467330839203144,0.0765020595289922,0.0341534293437998,0.240107238111232,0.130120414464393,0.146777802080911
"210",0,0.155285272053027,0.065867399183503,0.105662894961808,0.0465296907780619,0.0764691560115864,0.0340995461086048,0.239410445791839,0.129812766674622,0.146862828436948
"211",0,0.15643786792855,0.0656057850932889,0.105978674164584,0.0463276424213873,0.0764355904761214,0.0340455581688682,0.238716748553203,0.129505616546524,0.146946516647473
"212",0,0.157587369118856,0.0653456464693299,0.106293234993288,0.0461269204222184,0.0764013731745663,0.0339914716079532,0.238026124771645,0.129198977155296,0.147028882286847
"213",0,0.158733788263923,0.0650869610877983,0.106606583510272,0.0459275075080789,0.0763665140296074,0.0339372920394507,0.237338552950593,0.128892860237145,0.147109940373133
"214",0,0.15987713789293,0.0648297080168177,0.106918725747284,0.0457293873375242,0.0763310226793605,0.0338830246959872,0.236654011737904,0.128587276439436,0.147189705452757
"215",0,0.16101743042871,0.064573867433416,0.107229667700849,0.0455325443413875,0.0762949085083841,0.0338286744920852,0.235972479941729,0.12828223549441,0.147268191659029
"216",0,0.162154678191564,0.0643194204860834,0.107539415329342,0.0453369636053868,0.0762581806712005,0.0337742460701279,0.235293936539987,0.127977746349953,0.147345412756356
"217",0,0.163391284608135,0.0640483532556954,0.107847923363767,0.045129853765697,0.0762103198601157,0.0337149426669122,0.234586078514669,0.127655793408718,0.147415450556291
"218",0,0.164624378721393,0.0637790535891082,0.108155181124267,0.0449242454887013,0.0761618295222529,0.0336555330074875,0.233881313547839,0.127334334923646,0.147484130075306
"219",0,0.165853975951649,0.0635114561392986,0.108461193798275,0.0447200989845551,0.076112731856419,0.0335960330218844,0.233179635490636,0.127013401962946,0.147551472794338
"220",0,0.167080091467741,0.0632455185680047,0.108765967404123,0.0445173831800798,0.0760630391147539,0.0335364541148906,0.232481024410061,0.126693021563609,0.147617500176737
"221",0,0.168302740244159,0.0629812069201947,0.109069508201431,0.0443160722949405,0.0760127625618285,0.0334768047279061,0.231785461389202,0.126373213414568,0.147682230245771
"222",0,0.169521937089998,0.0627184912280194,0.109371822510993,0.0441161434545897,0.0759619126816387,0.0334170920680433,0.231092926912293,0.126053994178851,0.147745679875574
"223",0,0.170737696663058,0.0624573442455581,0.109672916665777,0.0439175758944994,0.0759104994452853,0.0333573224871314,0.230403401507858,0.125735378089625,0.147807865001208
"224",0,0.171950033480007,0.0621977407470086,0.10997279698586,0.0437203504007555,0.0758585324282679,0.0332975017164624,0.229716865713664,0.125417377655843,0.147868800872132
"225",0,0.173158961923966,0.0619396571250519,0.110271469765484,0.0435244489708195,0.0758060208777764,0.03323763500895,0.229033300142116,0.125100004014389,0.147928502171448
"226",0,0.174364496250611,0.0616830711227645,0.110568941265386,0.0433298545798143,0.0757529737589094,0.0331777272308264,0.228352685499655,0.124783267188542,0.14798698310349
"227",0,0.175566650593252,0.061427961643899,0.110865217708101,0.0431365510151006,0.0756993997866855,0.033117782926542,0.22767500260458,0.124467176267491,0.148044257454349
"228",0,0.176765438967202,0.0611743086102802,0.111160305274989,0.0429445227538058,0.075645307450274,0.0330578063662115,0.22700023239818,0.124151739541482,0.148100338637576
"229",0,0.17807174716841,0.0609029222189683,0.111454155468895,0.0427402019009463,0.0755790099213472,0.0329925429565441,0.226293468179842,0.12381738898991,0.148148563195138
