"","Alive","Death","ODN","ODF","REL","BUP","BUPC","MET","METC","ABS"
"0",0,0,0,0,0,1,0,0,0,0
"1",0,0.000319561861595874,0.0023661854488103,0.000142497490884217,0.179516335794409,0.561681359605085,0.231701357987466,0.0109428000481851,0.0102493201680529,0.00308058159551126
"2",0,0.000680349954240267,0.0315587507206076,0.00204304285827634,0.222465932053414,0.481911180928557,0.183372758150063,0.0163797688675926,0.0585419619841372,0.00304625448311204
"3",0,0.00105708829466589,0.0237316202097392,0.00347221922997845,0.266868364011168,0.409613533209083,0.175556227399528,0.0282172646932134,0.0883343428348428,0.00314934011778081
"4",0,0.00144167572500298,0.0236835864959033,0.0048985028936289,0.290917901931019,0.359682343309695,0.163327256646875,0.0395819803539323,0.11329930592995,0.003167446713994
"5",0,0.00183122396496505,0.0229081579923945,0.00627808835103113,0.3084915142478,0.320589548300273,0.152500181448614,0.0508209705754766,0.13341240454799,0.00316791057145551
"6",0,0.0022240861161511,0.0225027167880901,0.00763325714475068,0.320724505577668,0.289169600255963,0.142633963748131,0.0615890768365477,0.150365167042774,0.00315762648992481
"7",0,0.0026191230291267,0.022203722429498,0.00897041976490114,0.329426966168834,0.263230799334917,0.133790330812394,0.0718669990419232,0.16474798214533,0.00314365727307605
"8",0,0.0030155496497638,0.021971679129085,0.010293608168406,0.335558597141686,0.241428287392962,0.125895315701525,0.0816275415761686,0.1770805896669,0.00312883157350373
"9",0,0.00341279185896326,0.021779254158545,0.0116052082682556,0.339786099634032,0.222846816404612,0.11885890895157,0.0908749632516579,0.18772135912425,0.00311459834811366
"10",0,0.0038104223444827,0.0216119866854068,0.0129067351106432,0.342573935969371,0.206837498691199,0.112588118275637,0.0996214347237896,0.196948265499164,0.00310160270030559
"11",0,0.00420811725624359,0.0214621268044798,0.0141992370234646,0.344258159295736,0.192922609000827,0.106995386000098,0.107884811129625,0.204979479174799,0.00309007431472756
"12",0,0.00460562829706901,0.0213250817296657,0.0154834857457725,0.345088273944583,0.180740083955954,0.102001389821758,0.115685612825116,0.211990417457018,0.00308002622306311
"13",0,0.00502406120120991,0.0211975146696429,0.0167600520668629,0.345243715184043,0.170005952675938,0.0975338280423501,0.12304341790616,0.218120118411508,0.00307133984228602
"14",0,0.00544193157615103,0.0210780601202943,0.0180294245420249,0.344879742083885,0.160501126551646,0.0935325988134143,0.129982068587985,0.223491160230277,0.00306388749432248
"15",0,0.00585911736609379,0.0209654759693961,0.019292016923503,0.344109688123993,0.152046699657182,0.0899433516235342,0.136523418957959,0.22820272375458,0.00305750762375891
"16",0,0.00627552372991436,0.0208588262463087,0.0205481865970945,0.343022859234084,0.144496739656362,0.086718579201563,0.14268870752944,0.232338538770289,0.00305203903494432
"17",0,0.00669107727789153,0.0207574138929446,0.0217982489700488,0.341690222044692,0.13773078895311,0.0838167566761218,0.148498403997063,0.235969758013574,0.00304733017455305
"18",0,0.00710572167150814,0.0206606902566379,0.0230424864084065,0.340168563864515,0.131648389058309,0.081201564942186,0.153972092789156,0.239157247544458,0.00304324346482383
"19",0,0.00751941421117575,0.0205682101741339,0.0242811544693849,0.338503573666698,0.126165004781669,0.078841198148891,0.159128421623611,0.241953366084808,0.00303965683962749
"20",0,0.007932123161563,0.0204796019625372,0.0255144863265461,0.336732166737635,0.12120893693709,0.07670775835193,0.163985085307036,0.244403377481552,0.00303646373411081
"21",0,0.00834382563478242,0.0203945481028225,0.0267426960316776,0.334884260956577,0.116718947392115,0.0747767317576709,0.168558833405228,0.246546584466692,0.00303357225243453
"22",0,0.00875450590096094,0.0203127723262095,0.0279659809989834,0.332984150770868,0.112642406841521,0.0730265378490932,0.172865493097724,0.248417248278166,0.00303090393647343
"23",0,0.00916415403004844,0.0202340307425291,0.0291845239550032,0.331051581339556,0.108933832355881,0.0714381422322542,0.176920001490538,0.250045341472138,0.00302839238205271
"24",0,0.00957276479297886,0.0201581055818054,0.0303984945116351,0.329102596295479,0.105553719829613,0.0699947244364602,0.180736443515258,0.251457169193891,0.00302598184288057
"25",0,0.0100071599008166,0.0200841863552701,0.0316080134711553,0.327138569822806,0.102465231625717,0.0686796832273678,0.184323949956396,0.252669608282202,0.00302359735826979
"26",0,0.0104404368386304,0.0200126889973968,0.0328132266844346,0.325182169279799,0.099640605212692,0.0674815400941501,0.187698870395406,0.253709239547221,0.00302122295026963
"27",0,0.0108726001766217,0.0199434968756617,0.0340142729784467,0.323241791958856,0.0970532921253267,0.0663885536850727,0.190873057177566,0.254594106462986,0.00301882855946248
"28",0,0.0113036565872083,0.0198764446831073,0.0352112812249752,0.321324169197413,0.0946798592496998,0.0653902861153411,0.193857617447792,0.255340295807101,0.00301638968736233
"29",0,0.0117336144018755,0.0198113962503012,0.0364043720953465,0.319434641176166,0.0924995628720284,0.0644774282757287,0.196663018680413,0.255962079500068,0.0030138867480734
"30",0,0.0121624832591561,0.019748223985036,0.0375936585769712,0.317577396262957,0.0904939870532088,0.0636416675798416,0.199299116286154,0.256472162607553,0.00301130438912245
"31",0,0.0125902738094558,0.0196868105209746,0.0387792465891713,0.315755661379873,0.0886467387660301,0.0628755707839725,0.201775192565226,0.256881874714064,0.00300863087123318
"32",0,0.0130169974697069,0.0196270472648368,0.0399612355115152,0.31397186326767,0.0869431895503935,0.062172481664013,0.204099991441748,0.257201336311913,0.00300585751820335
"33",0,0.0134426662195007,0.0195688335488487,0.0411397186611111,0.312227762525789,0.085370255439948,0.0615264318475081,0.206281751410009,0.257439602109381,0.00300297823790359
"34",0,0.0138672924317755,0.019512075897492,0.042314783725742,0.310524565709153,0.0839162087029465,0.0609320628591698,0.208328236497716,0.257604785069321,0.00299998910668364
"35",0,0.0142908887323915,0.0194566873879234,0.0434865131584844,0.308863019210275,0.0825705161040603,0.0603845578849348,0.210246765338376,0.257704164172779,0.00299688801077562
"36",0,0.0147134678838797,0.0194025870909511,0.0446549845386601,0.307243488051811,0.0813236994045523,0.0598795819270201,0.212044238438398,0.257744278326923,0.00299367433780538
"37",0,0.0151681894610513,0.0193489518581525,0.0458202258735742,0.305652259256503,0.0801648238391429,0.0594113128612749,0.213721057992501,0.257722866494617,0.00299031236318319
"38",0,0.0156218246342514,0.019296432089525,0.046982304339215,0.304103458933524,0.0790885474282412,0.0589781300880717,0.215289188236886,0.257653282116778,0.00298683213350779
"39",0,0.016074387270525,0.0192450203763353,0.0481412866653984,0.30259655900321,0.0780879129724237,0.0585768497009914,0.21675451642602,0.257540229751265,0.00298323783383125
"40",0,0.016525891054162,0.019194633608748,0.0492972345768623,0.301130889881935,0.0771566092456372,0.0582046101000424,0.218122523274925,0.257388074581883,0.00297953367580566
"41",0,0.016976349427983,0.0191452153245022,0.0504502063980487,0.299705659375082,0.0762889096507736,0.0578588164984758,0.21939839308753,0.257200726148682,0.00297572408892218
"42",0,0.0174257755678807,0.0190967099444731,0.0516002571062885,0.298319981507881,0.0754796118810489,0.0575371176792063,0.220587017386701,0.256981715216247,0.00297181371027344
"43",0,0.0178741823582119,0.0190490661948615,0.0527474385910787,0.296972892248455,0.0747239843754265,0.0572373820270552,0.221693015552373,0.256734231308499,0.00296780734403907
"44",0,0.0183215823724613,0.0190022361641165,0.0538917998565651,0.29566336758861,0.0740177188797122,0.0569576756349068,0.222720751061129,0.256461158533209,0.00296370990929089
"45",0,0.0187679878586405,0.018956175028165,0.0550333872074778,0.29439033879573,0.0733568882443406,0.0566962428015359,0.22367434688214,0.256165106790724,0.00295952639124721
"46",0,0.0192134107288222,0.0189108408024365,0.0561722444201333,0.293152705691811,0.0727379089237405,0.0564514885160596,0.224557699787017,0.255848439333345,0.00295526179663547
"47",0,0.0196578625522662,0.0188661941221739,0.0573084129002057,0.291949347997665,0.0721575075865401,0.0562219627839156,0.225374493703035,0.255513297239415,0.00295092111478446
"48",0,0.0201013545516089,0.0188221980508979,0.0584419318289639,0.290779134955939,0.0716126913444939,0.056006346587776,0.226128212193366,0.25516162120258,0.00294650928437419
"49",0,0.0205773396548533,0.0187780698985669,0.0595727932521629,0.289627485135661,0.0710985076318153,0.0558015583795359,0.226815436968303,0.254786815400237,0.00294199367886404
"50",0,0.0210522972588785,0.0187344968902826,0.0607010306019385,0.288507260168838,0.070614608988254,0.0556083593955712,0.22744576108603,0.254398777276,0.00293740833420756
"51",0,0.021526238530393,0.0186915086154899,0.0618266790923758,0.287417235583855,0.0701587198534493,0.0554257508312719,0.22802223100701,0.253998876732297,0.00293275975385881
"52",0,0.0219991742550867,0.0186490534619703,0.0629497708293454,0.286356231417144,0.0697287412730455,0.0552528389247082,0.22854764806976,0.253588488155259,0.00292805361368064
"53",0,0.0224711148283049,0.0186071054293703,0.0640703363529126,0.285323103771534,0.0693227428416493,0.0550888017049747,0.229024674838272,0.253168825104933,0.00292329512804993
"54",0,0.022942070274569,0.0185656371558795,0.0651884045553478,0.284316747918351,0.0689389486979732,0.0549328869363271,0.229455827737367,0.25274098756802,0.00291848915616584
"55",0,0.0234120502599111,0.0185246237241266,0.0663040028283359,0.283336092135472,0.0685757244291276,0.0547844066556402,0.229843488766116,0.25230597093879,0.00291364026247975
"56",0,0.0238810641034156,0.0184840418178479,0.0674171571593992,0.282380097370183,0.0682315650998227,0.0546427316148307,0.230189913128637,0.251864676957447,0.00290875274841706
"57",0,0.0243491207883494,0.0184438695821052,0.0685278922199023,0.281447756788874,0.067905084215174,0.054507286248248,0.230497236614443,0.251417922868046,0.00290383067485862
"58",0,0.0248162289730668,0.0184040864967098,0.0696362314454333,0.280538095685187,0.0675950036763239,0.0543775439840912,0.230767482415633,0.250966449445636,0.00289887787791976
"59",0,0.0252823970018052,0.0183646732682944,0.0707421971096868,0.279650171421475,0.0673001446325284,0.054253022961815,0.231002567482497,0.25051092814054,0.00289389798135789
"60",0,0.0257476329153911,0.0183256117414277,0.0718458103929926,0.278783073324037,0.067019419159533,0.0541332821235621,0.231204308468748,0.250051967467426,0.00288889440688232
"61",0,0.0262490099050098,0.0182860601225288,0.0729470417808064,0.277921313098775,0.0667494528454529,0.0540158417211094,0.231366648540151,0.249580803718668,0.00288382826749847
"62",0,0.0267493751554758,0.0182467951144419,0.0740459085335344,0.277079228453358,0.066491614766727,0.053902374744681,0.231498763430659,0.249107204327336,0.00287873547378732
"63",0,0.0272487366801227,0.0182078692913779,0.0751424310777304,0.276255886902147,0.0662450765523721,0.0537925401007408,0.231602310054865,0.248631528297913,0.00287362104273084
"64",0,0.0277471021918951,0.0181692423915921,0.0762366274152875,0.275450418520414,0.0660090593453738,0.0536860446971893,0.231678765019569,0.248154251410032,0.00286848900864678
"65",0,0.0282444790950601,0.0181309021838807,0.0773285148115054,0.274662003588738,0.0657828388781693,0.0535826123484166,0.231729541077099,0.247675765135204,0.00286334288192714
"66",0,0.0287408745112633,0.0180928338353379,0.07841810963841,0.273889871617156,0.065565742436092,0.0534819876162024,0.231755973008932,0.247196421550526,0.00285818578608046
"67",0,0.0292362952953356,0.018055024325214,0.0795054274838858,0.273133290885629,0.0653571454749859,0.053383935124301,0.231759325876448,0.246716534991932,0.0028530205422682
"68",0,0.029730748049053,0.0180174615405474,0.0805904832063448,0.272391565149589,0.0651564683439149,0.0532882382059913,0.231740798866143,0.246236386921115,0.00284784971730053
"69",0,0.0302242391334854,0.0179801341776235,0.0816732909834618,0.271664030704625,0.0649631730225434,0.0531946976507004,0.231701529158958,0.245756229509929,0.00284267565867291
"70",0,0.0307167746803215,0.0179430316528047,0.082753864355539,0.27095005427862,0.0647767600596578,0.0531031303966243,0.23164259543671,0.245276288619818,0.00283750051990485
"71",0,0.0312083606024471,0.0179061440310927,0.0838322162645683,0.270249031320509,0.064596765705525,0.0530133682878205,0.23156502112581,0.2447967663819,0.00283232628032678
"72",0,0.0316990026039146,0.0178694619726792,0.0849083590900759,0.269560384544857,0.0644227592482637,0.0529252569014411,0.23146977741942,0.244317843458305,0.00282715476104317
"73",0,0.032226035233609,0.0178321491967323,0.0859822548487051,0.268869023588367,0.0642519839966684,0.0528365575920566,0.231349766441967,0.243830284233162,0.00282194486873191
"74",0,0.0327520402360115,0.0177949924759018,0.0870539129384776,0.268189526671639,0.0640863450089795,0.0527492025471792,0.231213660863579,0.243343587757074,0.00281673150115709
"75",0,0.0332770233951798,0.0177580528823791,0.0881233464353324,0.267521274675944,0.0639255274292519,0.0526630699171628,0.231062402645267,0.242857784324256,0.00281151829522776
"76",0,0.0338009902896247,0.0177212965151188,0.0891905663736045,0.266863702578732,0.0637692253260157,0.0525780678292282,0.230896788344046,0.24237305481923,0.0028063079243997
"77",0,0.0343239462794399,0.0176847177465292,0.0902555834487214,0.266216287877859,0.0636171503453282,0.0524941041880073,0.230717586985402,0.241889520543849,0.00280110258486403
"78",0,0.0348458965314842,0.0176483078958006,0.0913184078333309,0.265578549020738,0.063469031863939,0.0524110921574499,0.230525523351241,0.24140728721148,0.00279590413453655
"79",0,0.0353668460330959,0.0176120597778044,0.0923790492673748,0.264950034522085,0.0633246164552939,0.0523289508553978,0.230321284507031,0.240926444401443,0.00279071418047358
"80",0,0.0358867996035137,0.0175759667928933,0.093437517093348,0.264330319478141,0.0631836671996773,0.0522476052362589,0.230105521877404,0.240447068591053,0.00278553412771128
"81",0,0.0364057619037199,0.0175400228467388,0.0944938202867299,0.263719002521802,0.0630459627674959,0.0521669859591503,0.229878853460254,0.239969225039656,0.00278036521445383
"82",0,0.0369237374451614,0.0175042222775449,0.0955479674820327,0.263115703685588,0.0629112964919085,0.052087029095537,0.229641865768614,0.239492969216606,0.00277520853700725
"83",0,0.0374407305976713,0.0174685598006275,0.096599966995512,0.262520062720045,0.0627794754444337,0.0520076758080661,0.229395115598867,0.239018347965988,0.00277006506878973
"84",0,0.0379567455967623,0.0174330304703212,0.0976498268455833,0.261931737715194,0.0626503195429069,0.0519288720154674,0.229139131661824,0.238545400476694,0.00276493567524784
"85",0,0.0385136091533242,0.0173967052917041,0.0986974991043095,0.261334226902897,0.0625210292627648,0.0518482076965073,0.228865320485319,0.238063629155261,0.00275977294791306
"86",0,0.0390693955802073,0.0173604677705931,0.0997429890506405,0.260744024312903,0.0623939867205858,0.0517679588369546,0.228583015290718,0.237583547309921,0.0027546151274766
"87",0,0.0396241093761205,0.0173243914005172,0.100786306389487,0.260160706654875,0.0622690805703339,0.0516880809541943,0.228292795009017,0.237105064303555,0.0027494653419
"88",0,0.0401777548989382,0.017288442308209,0.101827458785828,0.259583899514169,0.0621461918904383,0.0516085559266772,0.227995098195612,0.236628272804533,0.00274432567559503
"89",0,0.0407303363451192,0.0172526183586676,0.102866453776068,0.259013265833321,0.0620252052491582,0.0515293583995493,0.227690355891689,0.236153208415556,0.00273919773087105
"90",0,0.041281857776148,0.0172169137278173,0.103903298545872,0.25844850421445,0.0619060101679319,0.0514504625698023,0.2273789713153,0.235679898902149,0.00273408278052977
"91",0,0.0418323231309963,0.0171813240697847,0.104938000019183,0.257889336955398,0.0617885016691539,0.0513718434987136,0.227061326118947,0.235208362672794,0.00272898186502915
"92",0,0.0423817362359261,0.0171458454943524,0.10597056488567,0.257335506440303,0.0616725805563012,0.0512934774597053,0.226737781624669,0.234738611457627,0.0027238958454457
"93",0,0.0429301008125039,0.0171104744882088,0.107000999623418,0.256786772033336,0.0615581533493914,0.0512153422293399,0.22640868028199,0.234270651740766,0.00271882544104556
"94",0,0.0434774204843805,0.0170752078429806,0.108029310517298,0.256242908000385,0.0614451321295534,0.0511374171592904,0.226074346873185,0.233804485737648,0.00271377125527853
"95",0,0.0440236987832356,0.0170400426026214,0.109055503674159,0.255703701943445,0.0613334343150157,0.0510596831818448,0.225735089576042,0.233340112128519,0.00270873379511652
"96",0,0.0445689391540929,0.0170049760298366,0.110079585036005,0.255168953573911,0.0612229824080819,0.0509821227687026,0.225391200922529,0.232877526621023,0.00270371348581763
"97",0,0.0451581602546658,0.0169690132916943,0.11110150063356,0.254621131280052,0.0611108694724133,0.0509021672057609,0.225033108206135,0.232405391032538,0.00269865862317959
"98",0,0.0457462318206253,0.0169331050008982,0.112121253745777,0.25407806806784,0.060999760663602,0.0508223129501731,0.224670673751387,0.231934983922515,0.00269361007718117
"99",0,0.046333157694733,0.0168973327003152,0.11313885256232,0.253539455054851,0.0608896302682255,0.0507425436621622,0.224304284564286,0.231466172664195,0.00268857082891111
"100",0,0.0469189416187067,0.0168616618182707,0.114154303190863,0.253005028728526,0.0607804379127551,0.0506628690040485,0.223934186925038,0.2309990280538,0.00268354274799152
"101",0,0.04750358720595,0.0168260920299121,0.115167611719514,0.252474559845013,0.0606721409227721,0.0505832884275178,0.223560630410548,0.230533562227057,0.00267852721171549
"102",0,0.0480870979698629,0.0167906189050742,0.116178783969588,0.25194785160806,0.0605646963758867,0.0505037987155397,0.223183845177724,0.230069782011953,0.0026735252663115
"103",0,0.0486694773357805,0.0167552395162847,0.1171878255861,0.251424726968797,0.060458062096575,0.0504243955790508,0.222804048237064,0.229607686949076,0.00266853773127259
"104",0,0.0492507286499091,0.0167199513328426,0.118194742061659,0.250905024951443,0.060352197333743,0.0503450741929353,0.222421444269728,0.229147271952366,0.00266356525537399
"105",0,0.049830855186265,0.0166847521411423,0.119199538755567,0.250388597521936,0.0602470630349756,0.0502658296577989,0.222036226717643,0.22868852862856,0.00265860835611227
"106",0,0.0504098601522703,0.0166496399712126,0.120202220908488,0.249875307565287,0.0601426219961082,0.0501866572124411,0.221648578623469,0.228231446124082,0.00265366744664233
"107",0,0.0509877466934689,0.0166146130442505,0.121202793653963,0.249365027411707,0.0600388389124207,0.0501075523635073,0.221258673340132,0.227776011725002,0.00264874285554852
"108",0,0.0515645178975986,0.0165796697405389,0.122201262027988,0.248857637722979,0.0599356803763637,0.0500285109546056,0.22086667515037,0.227322211287849,0.00264383484170657
"109",0,0.0521882832502327,0.0165437508505389,0.123197567278365,0.24833453693569,0.0598300787492413,0.0499467894070612,0.22046218295541,0.22685792277936,0.0026388877941013
"110",0,0.0528108084424138,0.0165078708024691,0.12419171174425,0.247814823865415,0.059724931869635,0.0498650801111948,0.220055635679652,0.226395192118511,0.00263394536645894
"111",0,0.0534320970781271,0.0164721179648532,0.125183703086569,0.247298250688761,0.0596202526696716,0.0497833768084022,0.219647320219087,0.225933870869972,0.00262901061455661
"112",0,0.0540521526824337,0.0164364563171667,0.126173546797002,0.246784613535684,0.0595160357468678,0.0497017002099235,0.219237378144196,0.225474031159926,0.00262408540679948
"113",0,0.0546709786676967,0.0164008865064239,0.127161248406197,0.246273741802298,0.059412270705684,0.0496200591952975,0.218825960623617,0.22501568299327,0.00261917109951576
"114",0,0.0552885783648456,0.0163654047174767,0.12814681321504,0.245765496131326,0.0593089445616291,0.0495384589746751,0.218413203615159,0.224558831713629,0.00261426870621899
"115",0,0.0559049550355918,0.0163300086980109,0.129130246388782,0.245259754952054,0.0592060429651905,0.0494569028674068,0.217999234358045,0.22410347572584,0.00260937900907858
"116",0,0.0565201118812321,0.0162946965715541,0.130111552979663,0.244756410682218,0.059103551077816,0.049375392935199,0.217584171981624,0.223649609272509,0.00260450261818433
"117",0,0.0571340520491977,0.0162594667551889,0.131090737944601,0.24425536651153,0.0590014540030347,0.0492939305313834,0.217168128424936,0.223197223766986,0.00259964001314142
"118",0,0.0577467786381093,0.016224317882921,0.132067806158247,0.243756534371461,0.0588997370738753,0.049212516578244,0.216751209098592,0.222746308627255,0.00259479157129505
"119",0,0.058358294701873,0.0161892487516904,0.133042762422802,0.243259833488931,0.0587983860255424,0.0491311517516177,0.216333513418352,0.222296851850886,0.00258995758830557
"120",0,0.0589686032530962,0.0161542582891243,0.134015611475886,0.242765189321525,0.0586973871023267,0.0490498365969755,0.215915135253355,0.22184884041422,0.00258513829349177
"121",0,0.0596286343839032,0.0161182286511781,0.134986290735809,0.242252987379733,0.0585935031813025,0.0489656599636638,0.215484975811174,0.221389445284383,0.00258027460885384
"122",0,0.0602873197162636,0.0160822315978661,0.135954802164897,0.241743465352347,0.0584898306312661,0.0488814878519881,0.21505402756398,0.22093142226285,0.00257541285854234
"123",0,0.060944662888559,0.0160463612491121,0.13692115339361,0.24123640581646,0.0583864009428232,0.0487973173232186,0.214622526052976,0.220474616067124,0.00257055626611708
"124",0,0.0616006674709524,0.0160105799099845,0.137885349782325,0.240731635038158,0.058283225076571,0.0487131737230811,0.214190555301683,0.220019106904829,0.00256570679241621
"125",0,0.0622553369251908,0.0159748887511965,0.138847396761925,0.240229012759049,0.058180307591006,0.0486290695131774,0.213758212790195,0.219564909044712,0.0025608658635485
"126",0,0.0629086746396241,0.0159392841769235,0.13980729954674,0.239728429916976,0.0580776492956561,0.0485450129603164,0.213325582829983,0.219112032086858,0.00255603454692379
"127",0,0.0635606839422628,0.0159037642255926,0.140765063232972,0.23922979445778,0.0579752486136508,0.0484610100510056,0.212892743349766,0.218660478457564,0.00255121366940755
"128",0,0.0642113681099635,0.0158683273087173,0.141720692821159,0.238733027381443,0.0578731025746927,0.0483770651855051,0.212459766401424,0.21821024633738,0.00254640387971532
"129",0,0.0648607303750603,0.0158329721255754,0.142674193233508,0.238238059407333,0.0577712073301135,0.0482931817814006,0.21202671900713,0.217761331047701,0.00254160569217922
"130",0,0.0655087739303163,0.0157976975829169,0.143625569326386,0.237744828897544,0.0576695585113419,0.0482093625866679,0.211593663737375,0.217313725911088,0.00253681951636322
"131",0,0.0661555019328138,0.015762502738861,0.144574825899438,0.237253280397461,0.0575681514627834,0.0481256098928376,0.211160659158491,0.216867422838725,0.00253204567858947
"132",0,0.0668009175070988,0.0157273867697857,0.145521967702709,0.236763363578596,0.0574669814014587,0.0480419256740593,0.21072776019506,0.216422412733298,0.00252728443793554
"133",0,0.0674995801595758,0.0156911556054105,0.146466927576403,0.236254114559282,0.057362578474465,0.0479551817884317,0.210283032613574,0.215964956872073,0.00252247235078481
"134",0,0.0681967750977719,0.0156549547433189,0.147409707345398,0.235747221239558,0.0572582799774479,0.0478684608082715,0.209838213685157,0.215508727888148,0.00251765921492911
"135",0,0.0688925061964557,0.0156188852388528,0.148350314920373,0.235242476288812,0.057154127883444,0.0477817605167358,0.209393517170815,0.215053563267359,0.00251284851715392
"136",0,0.0695867772647777,0.0155829069216625,0.149288755792848,0.234739717194163,0.0570501416946679,0.0476951089240862,0.208948995502871,0.214599554321455,0.00250804238346884
"137",0,0.0702795919985084,0.0155470212848157,0.150225035544261,0.234238816415612,0.0569463335201629,0.047608520093476,0.208504717450509,0.21414672132063,0.00250324237202555
"138",0,0.0709709540202647,0.0155112246887187,0.151159159536865,0.233739678759446,0.0568427109859891,0.047522003474319,0.208060739317828,0.213695079558322,0.00249844965824731
"139",0,0.0716608668940941,0.0154755152347433,0.152091133018571,0.233242226215345,0.0567392787238985,0.0474355659693836,0.207617112186072,0.213244636596333,0.00249366516155874
"140",0,0.0723493341355891,0.0154398914102025,0.153020961146195,0.232746393755084,0.0566360394661734,0.0473492126883113,0.207173882377532,0.212795395408973,0.00248888961193953
"141",0,0.0730363592190474,0.0154043519983342,0.153948649003275,0.232252125798912,0.0565329946243027,0.0472629476036423,0.206731092294066,0.212347355861789,0.0024841235966324
"142",0,0.0737219455827047,0.0153688959926822,0.154874201612737,0.231759374032284,0.0564301446978232,0.0471767738941614,0.206288780968334,0.211900515627562,0.00247936759171159
"143",0,0.074406096632756,0.0153335225376028,0.15579762394598,0.231268095883672,0.0563274895466681,0.0470906941804234,0.205846984477881,0.211454870810014,0.00247462198500224
"144",0,0.0750888157465306,0.0152982308933732,0.156718920929853,0.230778253432641,0.0562250285833946,0.0470047106801887,0.20540573627075,0.21101041637018,0.00246988709308957
"145",0,0.0758299235178937,0.0152617155262438,0.157638018868762,0.230266894414584,0.0561189490727922,0.0469153828990388,0.204951930952578,0.210552091545423,0.0024650932026835
"146",0,0.0765694203092746,0.0152252292742002,0.158554919516089,0.229757799473487,0.0560129272611636,0.0468261018866978,0.204498409815337,0.210094897342865,0.00246029512088581
"147",0,0.0773073104107809,0.0151888829677855,0.159469631299703,0.229250756251462,0.0559070130303614,0.0467368651303178,0.2040453849821,0.209638659209469,0.00245549671802055
"148",0,0.0780435980428984,0.0151526326645633,0.160382160001152,0.228745599979686,0.0558012314417395,0.046647703253732,0.203592891934553,0.209183482318565,0.00245070036311088
"149",0,0.0787782872986889,0.015116480114175,0.161292511507352,0.228242203835664,0.0556955991737618,0.0465586315303285,0.203140985251299,0.208729393481819,0.00244590780691249
"150",0,0.0795113821915386,0.0150804214212737,0.162200691470629,0.227740475839858,0.0555901277651248,0.0464696601296404,0.202689706787187,0.208276414013701,0.00244112038104787
"151",0,0.0802428866721846,0.0150444545949084,0.163106705423413,0.227240342254393,0.055484825259171,0.0463807963938173,0.202239093619648,0.207824556645369,0.00243633913709589
"152",0,0.0809728046404276,0.0150085780592413,0.16401055880323,0.226741742991862,0.0553796974204119,0.0462920456682986,0.201789178510987,0.207373828986268,0.00243156491927285
"153",0,0.0817011399533324,0.0149727905560949,0.164912256971838,0.226244627761662,0.0552747483820943,0.0462034120254813,0.201339990789172,0.206924235144834,0.00242679841549147
"154",0,0.0824278964311386,0.0149370910512554,0.16581180522871,0.225748953699816,0.0551699811064882,0.0461148986445734,0.20089155691317,0.206475776732995,0.00242204019185402
"155",0,0.0831530778617408,0.0149014786696381,0.16670920882062,0.225254683723994,0.0550653976944879,0.0460265080728033,0.200443900889206,0.206028453549824,0.00241729071768579
"156",0,0.0838766880041759,0.0148659526573841,0.167604472948943,0.224761785360201,0.054960999606539,0.0459382423984495,0.199997044591389,0.205582264048813,0.00241255038410466
"157",0,0.0846616219110111,0.0148291442294153,0.168497520383461,0.22424614902796,0.054852766878085,0.0458464736503575,0.199537204690359,0.205121373475575,0.002407745753776
"158",0,0.0854447865236915,0.0147923671328134,0.169388353011023,0.223732772580631,0.0547445802328701,0.0457547778638457,0.19907786363699,0.204661564329433,0.00240293468870146
"159",0,0.0862261866562613,0.0147557377685881,0.170276979728437,0.223221439548335,0.0546364937740742,0.0456631521005701,0.198619233729357,0.204202655376438,0.00239812131793889
"160",0,0.0870058270469828,0.0147192099529182,0.171163406651206,0.222711982372867,0.0545285354640595,0.0455716282660704,0.198161341248098,0.203744760817946,0.00239330817985195
"161",0,0.0877837122916773,0.0146827855415702,0.172047640006591,0.222204273429706,0.0544207242945184,0.0454802220975327,0.197704233187276,0.203287911986235,0.00238849716489412
"162",0,0.0885598468983245,0.0146464604463372,0.172929685775652,0.221698221500281,0.0543130737434987,0.0453889439448932,0.197247943590854,0.202832134378961,0.00238368972119839
"163",0,0.08933423530638,0.0146102325818819,0.173809549813866,0.221193754319862,0.0542055935101012,0.0452978011727626,0.196792501938879,0.20237744435507,0.00237888700119673
"164",0,0.0901068819000262,0.0145741002964277,0.174687237877234,0.220690813741664,0.0540982908037578,0.0452067990367934,0.196337933612251,0.201923852793891,0.00237408993795427
"165",0,0.0908777910174,0.0145380622702207,0.17556275564228,0.220189351684493,0.0539911710325553,0.0451159414474093,0.195884260803792,0.20147136680296,0.0023692992988897
"166",0,0.0916469669572035,0.0145021174168769,0.1764361087201,0.21968932764466,0.0538842382938223,0.0450252313711531,0.195431503095837,0.201019990778254,0.0023645157220919
"167",0,0.0924144139836836,0.0144662648153165,0.177307302666325,0.219190706972293,0.0537774957054928,0.044934671106917,0.194979677881125,0.200569727126152,0.00235973974269553
"168",0,0.0931801363304773,0.0144305036699899,0.178176342988673,0.218693459644844,0.0536709456436481,0.04484426246915,0.194528800683362,0.200120576757396,0.00235497181246004
"169",0,0.0940107680685361,0.0143933879847205,0.179043148113427,0.218172062175483,0.0535603161613566,0.0447501511057273,0.194064271208943,0.199655761226543,0.00235013395526389
"170",0,0.0948394540996295,0.014356305818827,0.179907720059205,0.217652991248837,0.0534497338645005,0.0446561362361057,0.193600358511884,0.199192012451221,0.00234528770979101
"171",0,0.095666199885848,0.0143193803052052,0.180770068259991,0.217136021549669,0.0533392567210067,0.0445622143806448,0.193137281739758,0.198729139663004,0.00234043749487323
"172",0,0.0964910108041955,0.0142825625229165,0.181630199203631,0.216620978502016,0.0532289150411108,0.044468418984978,0.192675062456028,0.198267266452389,0.00233558603273516
"173",0,0.0973138920692312,0.0142458544317683,0.182488119495994,0.216107729983773,0.0531187295373744,0.0443747663547899,0.192213744594504,0.197806428169936,0.00233073536262911
"174",0,0.0981348487960524,0.0142092516876963,0.18334383548134,0.215596182311273,0.0530087150306307,0.0442812670805719,0.191753358594804,0.1973466539632,0.00232588705443182
"175",0,0.0989538860224582,0.0141727520694778,0.18419735337016,0.215086261756891,0.052898882288366,0.0441879285889651,0.191293930326831,0.196887963212633,0.00232104236421872
"176",0,0.099771008724134,0.0141363538130602,0.18504867926671,0.214577909416121,0.0527892393966361,0.0440947560727056,0.190835481569639,0.196430369426067,0.00231620231492655
"177",0,0.100586221825193,0.0141000555050331,0.185897819190128,0.214071076912501,0.0526797924930189,0.0440017533013253,0.190378030969414,0.195973882050178,0.00231136775320932
"178",0,0.101399530205701,0.0140638559780091,0.186744779089248,0.213565723763574,0.0525705462896349,0.0439089230472544,0.189921594642112,0.195518507596576,0.00230653938789062
"179",0,0.102210938707328,0.0140277542386428,0.187589564853082,0.213061815558171,0.0524615044270172,0.0438162673791396,0.189466186609917,0.1950642504088,0.00230171781790367
"180",0,0.103020452137687,0.0139917494255745,0.18843218231877,0.212559322661397,0.0523526697282701,0.0437237878564248,0.189011819131384,0.194611113187451,0.00229690355304223
"181",0,0.103901591558132,0.0139542508014754,0.189272541525349,0.212030103710023,0.0522393139552094,0.0436272205193618,0.188542388705958,0.194140578887049,0.00229201033744293
"182",0,0.104780577829491,0.0139167856521142,0.190110644488748,0.211503363029744,0.0521260062606294,0.0435307684841878,0.18807362659235,0.193671121350776,0.00228710631196013
"183",0,0.105657417257051,0.0138794896111902,0.190946501393093,0.210978855091652,0.0520128107612846,0.0434344275538541,0.187605771374188,0.193202530579254,0.00228219637843392
"184",0,0.106532116045684,0.0138423087276574,0.191780119173443,0.210456389186663,0.0518997611470831,0.0433382342820731,0.187138842983396,0.19273494489795,0.00227728355604996
"185",0,0.107404680206078,0.013805245161917,0.192611504894966,0.209935821639756,0.0517868804551759,0.0432422063097338,0.186672886374883,0.192268404841708,0.00227237011578333
"186",0,0.108275115630682,0.0137682941131412,0.193440665333707,0.20941705107637,0.051674185202793,0.0431463549696584,0.186207931746901,0.191802944115525,0.00226745781122168
"187",0,0.109143428120308,0.0137314531230644,0.194267607117672,0.208899998044185,0.05156168741285,0.0430506881075525,0.185744004433637,0.191338585590415,0.00226254805031601
"188",0,0.110009623402343,0.0136947202353105,0.195092336757047,0.208384599341616,0.0514493961313387,0.0429552111087495,0.185281125422575,0.190875345617005,0.00225764198401462
"189",0,0.110873707143365,0.0136580938791086,0.195914860667425,0.207870803278526,0.0513373182376281,0.0428599277936043,0.184819312407344,0.190413236024181,0.00225274056881789
"190",0,0.111735684958132,0.0136215727538359,0.196735185186069,0.207358566772942,0.0512254590229424,0.0427648408879879,0.184358580446294,0.189952265362713,0.00224784460908344
"191",0,0.112595562416306,0.0135851557498041,0.197553316583417,0.206847853343948,0.051113822581945,0.0426699523471303,0.18389894243751,0.189492439752171,0.00224295478776848
"192",0,0.113453345047618,0.013548841901992,0.198369261071788,0.206338631687451,0.0510024120941675,0.0425752635704065,0.183440409476457,0.189033763460856,0.00223807168926422
"193",0,0.114384666133216,0.0135109996523648,0.199182926607077,0.205801969822101,0.0508863485437536,0.0424763771917236,0.182966423649599,0.188557182010221,0.00223310638994327
"194",0,0.115313611740928,0.0134731956511013,0.199994315492694,0.20526789783829,0.0507703487061659,0.0423776284273337,0.182493159510732,0.188081713356659,0.00222812927609547
"195",0,0.116240189094175,0.0134355691090909,0.200803438415671,0.204736163144949,0.0506544786375365,0.0422790127477031,0.182020861952392,0.187607141452652,0.00222314544583083
"196",0,0.11716440530261,0.0133980645002767,0.201610302719124,0.204206568636966,0.0505387731684745,0.042180567528155,0.181549550104854,0.187133609994734,0.00221815804480607
"197",0,0.118086267256673,0.0133606839902012,0.202414915876583,0.203678966041127,0.0504232560922171,0.0420823106748669,0.181079269008803,0.186661161609012,0.0022131694505163
"198",0,0.119005781712965,0.0133234225832184,0.203217285060728,0.203153250700594,0.0503079444657982,0.0419842535920902,0.180610048498691,0.18618983188057,0.00220818150534619
"199",0,0.119922955324131,0.0132862776975789,0.204017417288761,0.202629340601653,0.0501928506943783,0.0418864040922759,0.180141913437574,0.185719645169807,0.00220319569383981
"200",0,0.120837794659346,0.0132492472687122,0.20481531945355,0.202107170508881,0.0500779840986244,0.0417887674546853,0.179674884249068,0.185250619073226,0.00219821323390878
"201",0,0.121750306218499,0.0132123296304578,0.20561099834762,0.201586687070985,0.0499633517519635,0.0416913473486696,0.179208978005897,0.184782766484568,0.00219323514133945
"202",0,0.122660496442305,0.0131755233959057,0.206404460679978,0.201067845821462,0.0498489590786667,0.0415941463190058,0.178744209109666,0.184316096879536,0.00218826227347416
"203",0,0.123568371719867,0.0131388273758167,0.207195713088007,0.200550609104454,0.0497348102590271,0.0414971661199937,0.178280589780762,0.183850617191081,0.0021832953609917
"204",0,0.124473938394484,0.0131022405309015,0.207984762146504,0.200034944602698,0.0496209085207735,0.0414004079370741,0.177818130426724,0.183386332409298,0.00217833503154237
"205",0,0.12545962056423,0.0130639903099437,0.208771507682886,0.199489345339467,0.0495019202395796,0.0412990679597161,0.177338794056857,0.182902469744365,0.00217328410295599
"206",0,0.126442669463163,0.0130257791292515,0.209555952048252,0.198946524718545,0.0493830030938207,0.0411978827441541,0.176860200021367,0.182419769239013,0.00216821954243405
"207",0,0.127423093479327,0.0129877584000043,0.210338106712056,0.198406209006581,0.0492642288763959,0.0410968471309067,0.176382614822011,0.18193799465595,0.00216314691676784
"208",0,0.128400900866133,0.0129498676485366,0.211117979501877,0.197868183717367,0.0491456354863353,0.0409960016235082,0.175906058096791,0.181457303406119,0.00215806965333152
"209",0,0.129376099616224,0.0129121092257728,0.211895578386876,0.197332287880702,0.0490272487503271,0.0408953655110164,0.175430577941161,0.180977742339132,0.00215299034878931
"210",0,0.13034869756324,0.0128744776752005,0.212670911007607,0.196798408011898,0.0489090871569544,0.0407949509946438,0.174956205884144,0.180499350688697,0.00214791101761541
"211",0,0.131318702417326,0.0128369701712821,0.213443984834463,0.196266455273248,0.048791164122913,0.0406947663649309,0.174482968097204,0.18002215543326,0.0021428332853729
"212",0,0.132286121789474,0.0127995844498117,0.214214807201483,0.195736359070824,0.0486734897033904,0.0405948171557263,0.174010885967902,0.179546176173703,0.00213775848768578
"213",0,0.133250963208369,0.0127623186798825,0.214983385332441,0.195208061718136,0.0485560715047173,0.0404951071509409,0.173539977287336,0.179071427377853,0.0021326877403233
"214",0,0.134213234132375,0.0127251713339953,0.215749726359125,0.194681515168065,0.0484389153363157,0.0403956389135619,0.173070256989483,0.178597919780425,0.00212762198665381
"215",0,0.135172941958507,0.0126881410993782,0.216513837334263,0.194156678754115,0.0483220256522719,0.0402964141497482,0.172601737683204,0.178125661336342,0.00212256203217136
"216",0,0.136130094029303,0.0126512268261105,0.21727572524133,0.193633517588497,0.0482054058688886,0.0401974339502706,0.172134430051516,0.17765465787391,0.00211750857017428
"217",0,0.137170892907525,0.012612580501376,0.218035285771941,0.193079103245818,0.0480834609359738,0.0400936625731941,0.171649477949796,0.177163176402755,0.00211235971162107
"218",0,0.138208775492925,0.0125739773428592,0.21879252152567,0.19252763194342,0.047961603332847,0.0399900663303192,0.171165304024906,0.176672923742689,0.00210719626436501
"219",0,0.139243751493265,0.0125355753240094,0.219547444615641,0.191978817017025,0.0478399080662956,0.0398866397014428,0.170682187728368,0.176183651963119,0.00210202409083476
"220",0,0.140275830460664,0.0124973111979323,0.220300063346096,0.191432432712491,0.0477184148069414,0.0397834248938894,0.170200149368834,0.175695526413856,0.00209684679929519
"221",0,0.141305021647172,0.0124591873723772,0.221050386166276,0.190888309749399,0.0475971505284624,0.0396804419175943,0.169719239148546,0.175208596337882,0.00209166713229119
"222",0,0.142331334121269,0.0124211980911509,0.22179842117877,0.190346328619159,0.0474761345133397,0.0395777033564464,0.169239489863819,0.174722903034624,0.0020864872214213
"223",0,0.143354776808481,0.0123833403530415,0.222544176305428,0.189806395695905,0.047355380721578,0.0394752176994634,0.168760928693204,0.174238474932862,0.0020813087900363
"224",0,0.144375358519264,0.0123456117442545,0.223287659322734,0.189268436508153,0.047234899585102,0.0393729905498571,0.168283577798508,0.173755332715447,0.00207613325668001
"225",0,0.145393087968298,0.0123080103055847,0.224028877889185,0.188732390139286,0.0471146989650631,0.0392710256799164,0.167807455574202,0.173273491669992,0.00207096180847278
"226",0,0.146407973788232,0.0122705343962193,0.224767839564462,0.188198205797261,0.046994784835896,0.0391693255854516,0.167332577424659,0.172792963156975,0.00206579545084421
"227",0,0.147420024539962,0.0122331826009625,0.225504551823022,0.187665840443125,0.0468751617487893,0.0390678918674085,0.166858956323456,0.172313755609525,0.00206063504374913
"228",0,0.148429248720523,0.0121959536758969,0.22623902206441,0.187135257108881,0.046755833165078,0.038966725484939,0.166386603232982,0.171835875218664,0.00205548132862659
