"","Alive","Death","ODN","ODF","REL","BUP","BUPC","MET","METC","ABS"
"0",0,0,0,0,0,0,0,1,0,0
"1",0,0.000325712302492565,0.00202920530461554,0.000119449059468325,0.0797397393099864,0.0119881289991696,0,0.782578695459729,0.121599135558728,0.00161993400581039
"2",0,0.00066881500854854,0.0111053934455021,0.000773167438320216,0.11599228609621,0.0137905222256761,0.0052029177652095,0.713498301133863,0.136828783857957,0.00213981302871406
"3",0,0.0010214032829009,0.011564326642873,0.00145390089477911,0.145211401472712,0.0166801662260665,0.00832613510073276,0.662316697406011,0.150953387799608,0.00247258117431779
"4",0,0.00138007972423904,0.0126365958407767,0.00219775341903028,0.167139859722135,0.0192449715728302,0.0112328075002407,0.622475131605629,0.160986242147007,0.00270655846811229
"5",0,0.00174338195692714,0.0134824497843862,0.0029913970894912,0.185062207865053,0.0216943971378407,0.0138158018009572,0.589667965713335,0.168661877496802,0.00288052115520761
"6",0,0.00211037898071675,0.0142127370934416,0.00382802908252841,0.200089753798929,0.0240339978254531,0.0161548030168235,0.561792881611037,0.174763320558613,0.0030140980324575
"7",0,0.00248040549853801,0.0148411226245986,0.00470165095554941,0.212944742219385,0.0262777207542516,0.0182847220539354,0.537595711962282,0.179755069177179,0.00311885475428077
"8",0,0.00285295691400067,0.0153883114467492,0.00560748306871161,0.224090899738379,0.028432306840596,0.020233641195074,0.516262628519494,0.183929551759575,0.00320222051742078
"9",0,0.00322763475064269,0.0158691599668713,0.00654162030375808,0.233853695747413,0.0305024012506093,0.0220233801722219,0.497231156262074,0.187481706367747,0.00326924517866279
"10",0,0.00360411531516402,0.0162950276689177,0.00750082621783453,0.242471850292529,0.0324915172736791,0.0236717488056284,0.480094134413468,0.190547273616553,0.00332350639622633
"11",0,0.00398213002655468,0.0166746327214549,0.00848237756260342,0.250126795680772,0.0344026308805363,0.0251936160475009,0.464546109746296,0.193224088283665,0.00336761905061768
"12",0,0.00436145232572527,0.0170148016985491,0.00948395293563686,0.256960199064595,0.0362384474373042,0.0266016173207885,0.450351323169481,0.195584664445125,0.00340354160279554
"13",0,0.00476229092323588,0.0173205546650693,0.0105035264403514,0.26307769172033,0.0380008320999297,0.0279060765728637,0.437315887470879,0.197680390674803,0.00343274943253766
"14",0,0.00516411806985451,0.0175967157344024,0.0115393561513348,0.268578427548385,0.0396928727558783,0.0291169369874775,0.42529788283335,0.199557268602041,0.00345642131727662
"15",0,0.00556678001684319,0.0178469079450322,0.0125899134131372,0.273538099052136,0.0413170047037865,0.030242514337791,0.414174518192732,0.201248790439132,0.00347547189941056
"16",0,0.00597014167469601,0.0180741473394028,0.0136538471094828,0.278019903803222,0.0428756141650912,0.0312901511853736,0.403843884005915,0.202781680820434,0.00349062989638238
"17",0,0.00637408356727598,0.0182809729282393,0.0147299555828232,0.282077180598963,0.0443710405864299,0.0322663687839028,0.394220378856732,0.204177537079333,0.0035024820163013
"18",0,0.00677849942436393,0.0184695423772019,0.0158171641864815,0.285755375432104,0.0458055742597333,0.0331769879059863,0.385231340761693,0.205454010536697,0.00351150511573907
"19",0,0.00718329425073749,0.0186417051632827,0.016914507143143,0.289093532746863,0.0471814527366903,0.0340272263621588,0.376814518362047,0.206625673105292,0.00351809012978512
"20",0,0.00758838275737383,0.0187990588097583,0.0180211127136132,0.292125445505138,0.0485008571555275,0.0348217789542653,0.36891614019597,0.207704663772365,0.00352256013598921
"21",0,0.00799368807229239,0.0189429927367599,0.0191361909468381,0.294880554829626,0.04976590904021,0.0355648838373071,0.361489418318019,0.208701178058544,0.00352518416040269
"22",0,0.00839914067043412,0.0190747228779645,0.020259023467633,0.297384662740542,0.0509786677890871,0.0362603781808735,0.354493372901034,0.209623843528178,0.00352618784425368
"23",0,0.00880467747729841,0.0191953193208811,0.021388954891456,0.299660503258756,0.0521411288992861,0.0369117452808753,0.347891897773621,0.210480011334007,0.00352576176381868
"24",0,0.00921024111199009,0.0193057286063113,0.0225253855518378,0.301728204716988,0.0532552228884603,0.0375221547526483,0.341653009367546,0.211275985029758,0.00352406797445979
"25",0,0.00964246866319662,0.0194061725184347,0.0236677288376229,0.30359454244376,0.05432153575313,0.0380935344926502,0.335740631149399,0.212012168365622,0.00352121777618496
"26",0,0.0100746054109051,0.0194980240343705,0.0248154789578788,0.305286810949107,0.0553430496808051,0.0386294133018912,0.330137126227357,0.212698137265501,0.00351735417218495
"27",0,0.0105066047294903,0.019581954346633,0.0259681696313837,0.306819296240723,0.0563215112333054,0.0391322253750729,0.324819622134585,0.213338035326163,0.00351258098264389
"28",0,0.0109384238330024,0.0196585669240287,0.0271253701000742,0.308204858418099,0.0572585997578642,0.0396041991413057,0.319767504971834,0.213935487961737,0.00350698889205433
"29",0,0.0113700233968326,0.0197284074391434,0.0282866817268739,0.309455103747607,0.0581559306328576,0.0400473790750001,0.314962132954073,0.214493683468386,0.00350065755922557
"30",0,0.0118013672249765,0.0197919697523983,0.029451734945773,0.31058053665313,0.0590150568915732,0.0404636445489675,0.310386593409273,0.215015439199576,0.00349365737433248
"31",0,0.0122324219569327,0.0198497021260871,0.0306201865776973,0.311590689124385,0.0598374709985373,0.0408547259503725,0.30602549665024,0.215503255715969,0.00348605089977907
"32",0,0.0126631568086709,0.019902012505513,0.0317917174572506,0.312494231973347,0.0606246066733415,0.0412222188030503,0.301864800066685,0.215959361657412,0.00347789405472855
"33",0,0.013093543342917,0.0199492730724793,0.032966030327498,0.313299070727058,0.061377840765915,0.0415675962482885,0.297891657211738,0.216385751212409,0.00346923709169751
"34",0,0.0135235552647426,0.0199918241747521,0.0341428479660576,0.314012428602083,0.0620984951642886,0.0418922201381208,0.294094287689763,0.216784215595988,0.00346012540420434
"35",0,0.0139531682390771,0.020029977731988,0.0353219115116808,0.314640918576314,0.0627878387172047,0.0421973509360926,0.290461864458081,0.217156369632782,0.00345060019677922
"36",0,0.0143823597272873,0.0200640201996556,0.0365029789653047,0.315190606227732,0.0634470891556569,0.0424841565828938,0.286984415787154,0.217503674311795,0.00344069904252021
"37",0,0.0148448196953067,0.0200933952990047,0.037685775582548,0.315652323889783,0.0640755013069712,0.0427523518686329,0.283644551674654,0.217820859025699,0.00343042165740037
"38",0,0.0153067642054213,0.0201191746778969,0.0388700897015223,0.316046301337286,0.0646760072031996,0.0430042290564757,0.280442083675928,0.218115520736453,0.00341982940581706
"39",0,0.0157681740106294,0.0201415806796272,0.0400557227485651,0.316377198804183,0.0652496972779953,0.0432407439690203,0.27736912574711,0.218388805063514,0.00340895169935534
"40",0,0.0162290312373004,0.0201608186588174,0.0412424882382027,0.316649337079179,0.0657976137616373,0.0434627805007139,0.274418361008121,0.218641753645752,0.00339781587027714
"41",0,0.0166893192858925,0.0201770804959805,0.042430210979997,0.31686671696701,0.0663207553797911,0.0436711584789614,0.271582991952887,0.218875319141436,0.00338644731804389
"42",0,0.0171490227380726,0.0201905442544409,0.043618726265198,0.317033045929221,0.0668200793823361,0.0438666402830489,0.26885669420533,0.219090377250146,0.00337486969220745
"43",0,0.0176081272711176,0.0202013754164242,0.0448078791261579,0.317151762047396,0.0672965034995806,0.0440499360298855,0.266233575452757,0.219287736101795,0.00336310505488492
"44",0,0.01806661957928,0.0202097279433454,0.0459975236581589,0.317226056237581,0.0677509077319082,0.0442217080240409,0.263708138764535,0.219468144038229,0.0033511740229223
"45",0,0.0185244873015854,0.0202157452500992,0.0471875223985934,0.317258892500681,0.0681841360316659,0.0443825746744882,0.261275249733062,0.219632296218219,0.00333909589160579
"46",0,0.018981718955499,0.0202195610807951,0.0483777457576936,0.317253026321459,0.0685969978939552,0.0445331139931329,0.258930106958579,0.219780840296518,0.00332688874236756
"47",0,0.0194383038759254,0.0202213002978491,0.0495680714957106,0.317211021361942,0.0689902698675145,0.0446738667460783,0.256668215470703,0.219914381347454,0.00331456953682255
"48",0,0.0198942321590483,0.0202210795939886,0.050758384242007,0.31713526460895,0.0693646969929058,0.044805339307503,0.254485362737975,0.220033486158417,0.00330215419920435
"49",0,0.0203838977205851,0.0202181521653968,0.0519485246653791,0.317012637198052,0.0697188395728766,0.0449265177932508,0.252370040378273,0.220131768013234,0.00328962249295275
"50",0,0.0208728187648002,0.0202134878107176,0.0531383905217677,0.316860983144662,0.0700554453265294,0.0450392574362168,0.250326159104521,0.22021643936689,0.00327701852389572
"51",0,0.0213609869564569,0.0202071800920779,0.054327885074643,0.316682159211861,0.0703751879416198,0.0451439978176634,0.248350230003604,0.220288017130128,0.00326435577194474
"52",0,0.0218483945576873,0.02019931642476,0.0555169167331709,0.316477920815375,0.0706787097479172,0.0452411458796258,0.246438969433442,0.220346979386251,0.0032516470217701
"53",0,0.0223350343950874,0.0201899806264431,0.0567053988404406,0.316249916329463,0.0709666261044573,0.045331080490958,0.244589286352055,0.220393772546498,0.0032389043145972
"54",0,0.0228208998260324,0.0201792515202754,0.0578932493794615,0.315999692320924,0.0712395268396367,0.0454141560946458,0.242798268502703,0.220428816541955,0.00322613897436651
"55",0,0.0233059847062149,0.0201672033028936,0.059080390700824,0.315728698731808,0.0714979776227357,0.0454907051317681,0.24106316994326,0.220452508220864,0.00321336163963106
"56",0,0.0237902833588883,0.0201539058333386,0.0602667492673672,0.315438294559626,0.0717425211637734,0.0455610399711517,0.239381399644096,0.220465223905205,0.00320058229655341
"57",0,0.0242737905459239,0.0201394249250501,0.0614522554160346,0.31512975348031,0.071973678310929,0.0456254545314519,0.237750511037535,0.220467321441714,0.00318781031105206
"58",0,0.024756501440659,0.0201238226158619,0.0626368431356234,0.314804269263096,0.0721919490665819,0.0456842256923346,0.236168192418478,0.220459141907873,0.00317505445949196
"59",0,0.0252384116024644,0.0201071574180822,0.0638204498592548,0.314462960904426,0.0723978135363239,0.045737614546644,0.234632258110927,0.220441011064116,0.00316232295776211
"60",0,0.0257195169529374,0.0200894845497312,0.0650030162704556,0.314106877456722,0.0725917328202947,0.0457858675254718,0.233140640326474,0.220413240609157,0.00314962348875659
"61",0,0.0262381550580792,0.0200698909301133,0.0661844293043074,0.313719760127053,0.0727715970118372,0.0458274931627536,0.231683496025152,0.220368253992136,0.00313692438856824
"62",0,0.0267558932326044,0.0200494056268687,0.0673646364719021,0.313320285997139,0.0729402893223756,0.045864351569446,0.230266886987153,0.220313985460322,0.00312426533218949
"63",0,0.0272727283379084,0.0200280725392958,0.0685435878684615,0.312909227124782,0.0730982359114573,0.0458966757598545,0.228889057995284,0.220250761581791,0.00311165288116605
"64",0,0.0277886575092285,0.0200059327947401,0.0697212360101664,0.312487334159757,0.0732458411922337,0.0459246791484019,0.227548342665068,0.220178883253734,0.0030990932666702
"65",0,0.0283036781470609,0.0199830273007126,0.0708975358212159,0.312055322064776,0.0733834923455991,0.0459485594535336,0.226243160484088,0.220098632081909,0.00308659230110559
"66",0,0.0288177879050009,0.0199593948649723,0.0720724445102258,0.311613869178677,0.0735115603871818,0.0459685016795246,0.224972011398425,0.220010274695159,0.00307415538083423
"67",0,0.0293309846767763,0.0199350723352899,0.073245921454854,0.311163616938405,0.0736304011803512,0.0459846797718199,0.223733470980868,0.219914065162919,0.00306178749871751
"68",0,0.0298432665832928,0.0199100946739646,0.0744179280908119,0.310705170757361,0.0737403562711556,0.0459972577925936,0.222526185966067,0.219810246604137,0.00304949326061636
"69",0,0.0303546319600242,0.0198844950587473,0.0755884278068176,0.310239101350794,0.0738417536269438,0.0460063908252252,0.221348870109691,0.219699052358609,0.00303727690314765
"70",0,0.0308650793448904,0.019858304979507,0.0767573858452388,0.30976594627657,0.0739349083029132,0.046012225712831,0.220200300336453,0.219580706889959,0.0030251423116378
"71",0,0.031374607466686,0.0198315543308502,0.0779247692081873,0.309286211558629,0.0740201230528524,0.046014901684324,0.219079313149692,0.219455426510984,0.00301309303779493
"72",0,0.0318832152340792,0.0198042714999986,0.0790905465687873,0.308800373323229,0.0740976888943528,0.0460145508988407,0.21798480127992,0.21932341998392,0.00300113231687212
"73",0,0.0324296012815024,0.0197755033931724,0.0802546304963496,0.308291417714318,0.0741652042993906,0.0460095141090648,0.216908095437991,0.219176808956062,0.00298922431214942
"74",0,0.0329749698453405,0.0197462714542662,0.0814169936874242,0.307777765620281,0.074225529066099,0.0460016122877523,0.215855812092607,0.219023641524694,0.00297740442153609
"75",0,0.0335193205276767,0.019716597228748,0.0825776101068337,0.307259714672169,0.0742789396975174,0.0459909846514551,0.214826998323474,0.218864159406442,0.00296567538568429
"76",0,0.0340626530486974,0.0196865008349285,0.0837364549036642,0.306737572477059,0.0743256967424441,0.045977756149652,0.213820743598361,0.218698582447861,0.00295403979733246
"77",0,0.0346049672489339,0.0196560034520111,0.0848935044737144,0.306211639531947,0.0743660492454561,0.0459620410981555,0.21283618006117,0.21852711488674,0.00294250000187225
"78",0,0.0351462630866627,0.0196251253196915,0.0860487364041913,0.305682206123868,0.0744002355870425,0.0459439459037549,0.211872479987278,0.218349949493981,0.00293105809353018
"79",0,0.0356865406336445,0.0195938857999694,0.0872021294220455,0.305149550139093,0.0744284842791533,0.0459235704298054,0.210928853604005,0.218167269770353,0.00291971592193081
"80",0,0.0362258000701817,0.0195623033781442,0.0883536633423632,0.3046139362288,0.0744510145843484,0.0459010088881494,0.210004547074601,0.217979251330438,0.00290847510297434
"81",0,0.0367640416799248,0.0195303956965661,0.0895033190187468,0.304075615576775,0.0744680370447304,0.0458763504727781,0.20909884062075,0.21778606285853,0.00289733703119917
"82",0,0.037301265844635,0.0194981795894305,0.0906510782957428,0.303534826013575,0.0744797539458802,0.045849679843175,0.208211046764619,0.217587866810425,0.00288630289251741
"83",0,0.0378374730390187,0.0194656711183329,0.0917969239633625,0.302991792327521,0.0744863597325823,0.0458210775113908,0.20734050867775,0.217384819953226,0.00287537367681611
"84",0,0.038372663825697,0.0194328856074299,0.0929408397136728,0.302446726689742,0.0744880413867703,0.0457906201633957,0.206486598627436,0.217177073795676,0.00286455019018022
"85",0,0.0389502148130059,0.0193987362424644,0.0940827452634789,0.301880235663923,0.0744818923871482,0.0457563458152188,0.205640437275639,0.216955602479441,0.00285379005968093
"86",0,0.0395266378402354,0.0193643568555719,0.0952226270725526,0.301312719132705,0.0744710746401451,0.0457202672869022,0.204809718689941,0.216729468577655,0.00284312990429169
"87",0,0.040101934095074,0.0193297575194387,0.0963604721935938,0.300744240982561,0.074455774818978,0.0456824804320893,0.20399389936462,0.216498870121057,0.00283257047258929
"88",0,0.0406761047978501,0.019294947478585,0.0974962682234807,0.300174893490763,0.0744361662862837,0.0456430680373005,0.203192456579399,0.216263982615545,0.00282211249079216
"89",0,0.0412491512111144,0.0192599378821616,0.0986300034153855,0.299604776691907,0.0744124140228972,0.0456021037770404,0.202404890356641,0.216024966100012,0.00281175654284046
"90",0,0.0418210746427804,0.0192247394881457,0.0997616666557483,0.299033993771877,0.0743846753975768,0.0455596551577374,0.201630722048472,0.215781969777136,0.00280150306052569
"91",0,0.0423918764468053,0.0191893626938145,0.100891247443044,0.298462647625301,0.0743531008937729,0.0455157849103616,0.200869493242318,0.21553513441904,0.00279135232554311
"92",0,0.0429615580226569,0.0191538174998832,0.10201873586444,0.297890839035487,0.0743178346401787,0.0454705518512048,0.20012076476166,0.215284593847919,0.00278130447657091
"93",0,0.0435301208141253,0.0191181135140751,0.103144122572661,0.297318665604988,0.0742790148448355,0.0454240114570688,0.199384115740574,0.215030475933524,0.0027713595181479
"94",0,0.0440975663077631,0.0190822599582128,0.104267398763273,0.296746221137291,0.0742367741617188,0.0453762162781453,0.198659142756797,0.214772903306709,0.00276151733008981
"95",0,0.0446638960311146,0.0190462656783157,0.105388556152564,0.29617359529342,0.074191240008958,0.0453272162499228,0.197945459014594,0.214511993894238,0.00275177767687294
"96",0,0.0452291115508369,0.0190101391562216,0.106507586956105,0.295600873424603,0.074142534850453,0.0452770589385107,0.197242693572035,0.214247861334522,0.00274214021671279
"97",0,0.0458398751503598,0.0189727028298129,0.107624414072335,0.295007056332858,0.0740873955616946,0.0452235741205199,0.196541773529804,0.213970649749615,0.00273255865300138
"98",0,0.0464494003702957,0.0189351706086463,0.108739031856415,0.294413976598427,0.0740292143259254,0.0451689226120263,0.195851050544972,0.213690162243423,0.00272307083986959
"99",0,0.0470576894077592,0.0188975463866493,0.109851434892722,0.293821581915488,0.0739681220740088,0.0451131776874459,0.195170203684876,0.213406567306565,0.00271367664448534
"100",0,0.0476647444430902,0.01885983354236,0.110961617964509,0.293229858567849,0.0739042378536953,0.0450563997764038,0.194498921869289,0.213120009997654,0.00270437598514897
"101",0,0.0482705676545077,0.0188220378379618,0.11206957619422,0.292638808408644,0.0738376741476826,0.0449986407042459,0.193836906710284,0.212830619645694,0.00269516869675985
"102",0,0.0488751612249148,0.0187841649241175,0.113175305036925,0.29204844333004,0.0737685376193799,0.0449399468462525,0.193183871609438,0.212538514891966,0.0026860545169659
"103",0,0.0494785273455937,0.0187462203557201,0.114278800274683,0.291458781082918,0.0736969298148797,0.0448803605836098,0.192539541164379,0.212243806292876,0.00267703308534034
"104",0,0.0500806682182851,0.0187082095368935,0.115380058007666,0.29086984290356,0.0736229476519212,0.0448199211809639,0.191903650643358,0.211946597909262,0.00266810394808996
"105",0,0.0506815860563267,0.0186701377096053,0.116479074644615,0.290281651989485,0.0735466838061042,0.044758665354837,0.191275945507111,0.211646988367138,0.00265926656477817
"106",0,0.0512812830851989,0.0186320099470844,0.117575846892904,0.289694232492929,0.0734682270262266,0.044696627667865,0.190656180963652,0.211345071608442,0.00265052031569764
"107",0,0.0518797615426788,0.0185938311513938,0.118670371748469,0.289107608836736,0.0733876623998091,0.0446338408158605,0.190044121548615,0.21104093744716,0.00264186450927716
"108",0,0.0524770236787314,0.0185556060534786,0.119762646485733,0.288521805242598,0.0733050715816831,0.044570335845182,0.189439540727118,0.210734671996245,0.00263329838923167
"109",0,0.0531228815490681,0.0185160741594318,0.120852594180212,0.287914348208996,0.0732168783556161,0.0445037569868149,0.188833057574342,0.21041563645941,0.00262477252610964
"110",0,0.0537673852803684,0.0184765271883126,0.121940213944395,0.28730848797171,0.0731267060590566,0.0444364137179993,0.188233591375339,0.210094347850505,0.00261632661231415
"111",0,0.0544105378025509,0.0184369654881051,0.123025504911255,0.286704111348072,0.0730346508076832,0.0443683672498982,0.187640947965118,0.209770954165321,0.00260796026199689
"112",0,0.0550523419970418,0.0183973890681166,0.124108466214313,0.286101150474413,0.0729407974670318,0.0442996656562464,0.18705493707439,0.209445578865888,0.00259967318255973
"113",0,0.0556928007156843,0.0183578006560825,0.125189097147659,0.28549955771461,0.0728452253708091,0.0442303484122513,0.186475375750043,0.209118329205651,0.00259146502721014
"114",0,0.0563319167903297,0.0183182030223468,0.126267397168456,0.284899299420054,0.0727480090734319,0.0441604497767804,0.185902087695043,0.208789301675332,0.00258333537822587
"115",0,0.0569696930386763,0.0182785989880909,0.127343365899939,0.284300351206414,0.0726492190566545,0.0440900003354469,0.185334902924839,0.208458584805647,0.00257528374429164
"116",0,0.0576061322681213,0.0182389913583146,0.128417003130458,0.28370269520167,0.0725489222059454,0.0440190279195772,0.184773657480551,0.208126260871523,0.00256730956383854
"117",0,0.0582412372784237,0.0181993829019707,0.129488308811357,0.283106318227209,0.0724471821769103,0.0439475581921081,0.184218193177799,0.20779240702363,0.00255941221059278
"118",0,0.0588750108635911,0.0181597763377484,0.130557283054015,0.282511210550845,0.072344059686491,0.0438756150465033,0.183668357376759,0.20745709608418,0.00255159099986668
"119",0,0.059507455813235,0.0181201743247594,0.131623926126341,0.28191736499921,0.0722396127518668,0.0438032208911497,0.183124002766365,0.207120397132141,0.00254384519493298
"120",0,0.0601385749135456,0.0180805794562813,0.132688238448895,0.281324776309386,0.0721338968910452,0.0437303968597288,0.182584987159175,0.206782375948771,0.00253617401317183
"121",0,0.0608210275068907,0.0180396586838523,0.133750141972415,0.280709667026708,0.0720230677097897,0.0436546259297147,0.182041595250423,0.20643169042486,0.00252852549534727
"122",0,0.0615020023653442,0.0179987739584766,0.134809638818807,0.280096587329832,0.0719109627502413,0.0435783548049016,0.181503231084806,0.206079507547889,0.00252094133970197
"123",0,0.0621815030297358,0.0179579234911443,0.13586673100467,0.279485390573834,0.0717976562128767,0.0435016380682752,0.180969775409556,0.205725960982917,0.00251342122698994
"124",0,0.0628595329697061,0.0179171052644098,0.136921420427845,0.278875980235119,0.0716832112457024,0.0434245166937747,0.180441109439754,0.205371158770064,0.00250596495362398
"125",0,0.0635360956065225,0.0178763202264586,0.137973709041988,0.278268283035946,0.0715676860416761,0.0433470228622346,0.179917118700025,0.205015192211958,0.00249857227319145
"126",0,0.0642111943250382,0.0178355694580053,0.139023598864371,0.277662242129477,0.0714511346124524,0.043269183560433,0.179397692484105,0.204658141688422,0.00249124287769686
"127",0,0.0648848324812477,0.0177948541763623,0.140071091983922,0.277057811951435,0.0713336075136443,0.0431910222131793,0.178882723643344,0.204300079643051,0.00248397639381391
"128",0,0.0655570134074909,0.0177541756601636,0.141116190564839,0.276454955187299,0.0712151523234599,0.0431125596496073,0.178372108427274,0.20394107239431,0.00247677238555581
"129",0,0.0662277404162317,0.0177135352242357,0.142158896848713,0.275853640744783,0.0710958140042173,0.0430338147142276,0.17786574635447,0.203581181333803,0.0024696303593188
"130",0,0.0668970168028956,0.0176729342007394,0.143199213155556,0.27525384234389,0.0709756351840935,0.0429548046788912,0.177363540098859,0.203220463765336,0.00246254976973833
"131",0,0.0675648458480513,0.0176323739257537,0.144237141884027,0.274655537496539,0.0708546563837634,0.0428755455330622,0.176865395384408,0.202858973518737,0.00245553002565842
"132",0,0.0682312308191163,0.017591855729321,0.145272685511076,0.274058706746774,0.0707329162029511,0.0427960521956484,0.176371220884883,0.202496761414345,0.0024485704958858
"133",0,0.0689524956559551,0.0175499551277397,0.146305762661501,0.273437916164417,0.0706062567610073,0.042713613230058,0.175870768667855,0.202121615729431,0.00244161600203575
"134",0,0.0696721465624183,0.0175081251587942,0.147336377493088,0.272819408248466,0.0704787906101009,0.0426308509686156,0.175374064163845,0.20174552566235,0.00243471113232156
"135",0,0.0703901876707602,0.0174663625887563,0.14836453397327,0.272203013475515,0.0703505786571933,0.0425478171318996,0.174881034021496,0.201368616697869,0.00242785578324052
"136",0,0.0711066230220027,0.0174246640290071,0.149390235870009,0.271588617185105,0.0702216705155056,0.0424645490383118,0.174391603200574,0.200990987158343,0.00242104998114157
"137",0,0.0718214565931286,0.0173830293125233,0.150413486941435,0.270976130584243,0.0700921110813228,0.0423810747694856,0.173905699229271,0.200612717777818,0.00241429371077282
"138",0,0.0725346923115361,0.0173414584646004,0.151434290947168,0.270365483303289,0.0699619413500157,0.0422974170438428,0.173423251714976,0.200233877969972,0.00240758689459972
"139",0,0.0732463340643041,0.0172999517045182,0.152452651659734,0.269756617790168,0.0698311991800854,0.0422135949664991,0.172944192204664,0.19985452904173,0.00240092938829668
"140",0,0.0739563857046762,0.0172585093625462,0.153468572871103,0.269149485992124,0.0696999197902431,0.0421296250619839,0.172468454096513,0.199474726137644,0.00239432098316622
"141",0,0.0746648510568509,0.0172171318507088,0.154482058397497,0.268544047127017,0.0695681361301715,0.0420455219242207,0.171995972579813,0.199094519522595,0.00238776141112641
"142",0,0.0753717339196475,0.0171758196404425,0.155493112082889,0.26794026612441,0.0694358791655016,0.0419612986522235,0.171526684587544,0.198713955476755,0.00238125035058735
"143",0,0.0760770380693818,0.0171345732462303,0.156501737801538,0.267338112489908,0.0693031781037533,0.0418769671549589,0.171060528754272,0.198333076947494,0.00237478743246466
"144",0,0.0767807672621655,0.0170933932130725,0.157507939459783,0.266737559453169,0.0691700605775289,0.0417925383720018,0.170597445376049,0.197951924040253,0.00236837224597773
"145",0,0.0775445737809336,0.0170507230177247,0.158511629339308,0.266110774221813,0.0690319410057881,0.041705029852254,0.170126324697423,0.197557059295085,0.00236194478967009
"146",0,0.0783066101797966,0.0170081490630949,0.159512813105319,0.265486472009818,0.06889332890596,0.0416173169990922,0.169658106321022,0.197161649419253,0.00235555399664492
"147",0,0.0790668812430777,0.0169656669537314,0.160511496164281,0.264864461558117,0.0687542780164868,0.0415294517703805,0.169192746220387,0.196765818028519,0.00234920004501903
"148",0,0.0798253916417098,0.0169232721937597,0.161507683658012,0.264244612418299,0.0686148300524352,0.0414414704506543,0.168730197125723,0.196369659203661,0.00234288325574612
"149",0,0.0805821459661068,0.0168809638390888,0.162501380672756,0.263626823024649,0.0684750219616023,0.0413533993147166,0.168270413292456,0.195973248025252,0.0023366039033732
"150",0,0.0813371487437371,0.0168387411867048,0.163492592253372,0.263011012424014,0.0683348868120619,0.0412652588908943,0.167813350018748,0.195576647477456,0.00233036219301152
"151",0,0.0820904044504543,0.0167966037748371,0.164481323417539,0.26239711407055,0.0681944546226632,0.0411770658817838,0.167358963545211,0.195179911981837,0.0023241582551258
"152",0,0.0828419175184759,0.0167545512907032,0.165467579164523,0.261785072145235,0.0680537528981374,0.0410888342956602,0.166907211007909,0.194783089531389,0.00231799214796676
"153",0,0.0835916923423168,0.0167125835371052,0.166451364481983,0.261174839079683,0.0679128070248135,0.0410005761564729,0.166458050419884,0.194386223094899,0.00231186386284273
"154",0,0.0843397332833618,0.0166707004066914,0.167432684351258,0.26056637382029,0.0677716405718448,0.0409123019780789,0.16601144066424,0.193989351593854,0.002305773330381
"155",0,0.0850860446734792,0.0166289018628595,0.168411543751533,0.259959640560525,0.067630275527589,0.0408240210946269,0.165567341490885,0.19359251061155,0.00229972042695149
"156",0,0.0858306308179332,0.0165871879249422,0.169387947663129,0.259354607787208,0.0674887324891711,0.0407357418984496,0.165125713513443,0.193195732924859,0.00229370498086482
"157",0,0.0866382000267195,0.0165439286529045,0.170361805120039,0.258722073225434,0.0673421752273753,0.0406443241765979,0.16467497229012,0.19278485695994,0.00228766432087101
"158",0,0.0874438288527809,0.0165007846436812,0.171333122907201,0.258092166748362,0.0671953452935962,0.0405527905974476,0.164226566156688,0.192373744823646,0.00228164997659659
"159",0,0.0882475227770566,0.0164577507526936,0.17230190750672,0.257464683930933,0.0670482916513795,0.0404611929953257,0.163780470024382,0.191962517973445,0.00227566238806526
"160",0,0.0890492871473829,0.0164148217871054,0.173268165095023,0.256839484785642,0.0669010507808065,0.0403695667758637,0.16333665458911,0.191551266897277,0.00226970214178947
"161",0,0.0898491272164287,0.0163719962924653,0.174231901762922,0.256216460089286,0.0667536543560116,0.0402779368687846,0.162895091417668,0.19114006222532,0.0022637697711142
"162",0,0.0906470481620495,0.0163292730859608,0.175193123531603,0.255595522586817,0.0666061301797465,0.0401863222270844,0.162455752471131,0.19072896202359,0.002257865732017
"163",0,0.0914430551004553,0.0162866512553502,0.176151836368553,0.254976600414616,0.0664585030573373,0.0400947378510454,0.162018610029737,0.190318015525212,0.00225199039769327
"164",0,0.0922371530955116,0.0162441300612238,0.177108046197731,0.254359633193385,0.0663107953570615,0.0400031959797666,0.161583636671882,0.18990726538224,0.00224614406119856
"165",0,0.0930293471656816,0.0162017089009824,0.178061758907628,0.253744569396499,0.0661630274226833,0.0399117068378989,0.161150805281514,0.189496749146036,0.0022403269410767
"166",0,0.0938196422893918,0.0161593872809693,0.179012980357673,0.253131364502601,0.0660152178858317,0.0398202791335902,0.160720089066265,0.189086500295654,0.00223453918802368
"167",0,0.0946080434092887,0.0161171647956542,0.179961716383426,0.252519979644419,0.0658673839097198,0.0397289204046462,0.160291461578124,0.188676548983007,0.00222878089171551
"168",0,0.0953945554356813,0.0160750411113824,0.180907972800803,0.251910380590687,0.0657195413833561,0.0396376372671241,0.159864896733082,0.188266922590491,0.00222305208739208
"169",0,0.0962476108103281,0.0160312970495163,0.181851654226368,0.25127169789807,0.0655665585626345,0.039543101541117,0.159428200152553,0.187842593056405,0.00221728670300843
"170",0,0.097098537681927,0.0159876838800554,0.182792768365093,0.250635788079037,0.0654134570253479,0.0394485136077838,0.158993451146272,0.187418260786976,0.00221153942750869
"171",0,0.0979473423211221,0.0159441958042543,0.18373132258061,0.250002433200979,0.0652602834157036,0.0393539263536168,0.158560637464454,0.186994047922212,0.00220581093704812
"172",0,0.0987940308431138,0.0159008270222462,0.184667323895142,0.249371483879575,0.0651070712490869,0.0392593753073968,0.158129741865022,0.186570043878571,0.00220010205984642
"173",0,0.0996386092515934,0.0158575756879737,0.185600779222244,0.248742823546618,0.064953849090264,0.0391648849367057,0.157700747560014,0.186146317140549,0.00219441356403906
"174",0,0.100481083462354,0.0158144402538084,0.186531695384368,0.248116359051924,0.0648006415451183,0.039070473426929,0.157273637729689,0.185722923013818,0.00218874613199127
"175",0,0.101321459318583,0.0157714194686298,0.187460079130322,0.247492013661667,0.0646474701878973,0.0389761548278961,0.15684839546204,0.185299907588394,0.00218310035457075
"176",0,0.102159742601674,0.0157285122740348,0.188385937146609,0.246869722896254,0.0644943541535945,0.0388819403170048,0.156425003748248,0.184877310128595,0.00217747673398626
"177",0,0.102995939039313,0.0156857177656861,0.189309276066498,0.246249431726364,0.064341310572642,0.038787838989971,0.15600344550715,0.184455164642578,0.00217187568979959
"178",0,0.103830054311724,0.0156430351633496,0.19023010247733,0.245631092603869,0.0641883548988392,0.0386938583874534,0.155583703620163,0.184033500971232,0.00216629756603872
"179",0,0.104662094056647,0.0156004637884409,0.191148422926503,0.245014664021145,0.0640355011641683,0.0386000048605757,0.155165760968064,0.18361234557597,0.00216074263848536
"180",0,0.105492063873351,0.0155580030464411,0.192064243926417,0.244400109425107,0.063882762180949,0.0385062838329241,0.154749600465944,0.183191722127163,0.00215521112170344
"181",0,0.106395330514702,0.0155137650811767,0.19297746086092,0.243753448744206,0.0637244727130971,0.0384090244100162,0.154321836595205,0.182755030716385,0.00214963036429193
"182",0,0.107296248502894,0.0154696730399253,0.193888082319823,0.243109759813845,0.0635661691027949,0.038311754203345,0.153895750494405,0.182318501712039,0.00214406081092887
"183",0,0.108194825089107,0.0154257202857939,0.194796116502253,0.242468802371082,0.0634078987352614,0.0382145299166515,0.153471339513155,0.181882264205528,0.00213850338116881
"184",0,0.109091067336824,0.0153819002283421,0.195701571219394,0.241830411897578,0.0632496945837699,0.0381173891576232,0.153048595116385,0.181446411299214,0.00213295916087038
"185",0,0.109984982174859,0.0153382106240844,0.196604454150365,0.241194460175163,0.0630915842748075,0.0380203573670316,0.152627508944437,0.181011013121838,0.00212742916741509
"186",0,0.110876576425852,0.0152946495646454,0.197504772861951,0.240560844852036,0.0629335911830314,0.0379234531004716,0.152208072289458,0.180576125401389,0.00212191432116589
"187",0,0.111765856824726,0.0152512154741577,0.198402534828171,0.239929481697815,0.0627757354551349,0.0378266903969989,0.151790276041499,0.180141793842478,0.00211641543901961
"188",0,0.112652830031736,0.0152079069948923,0.199297747443125,0.23930030000005,0.0626180346618351,0.0377300801722197,0.151374110695204,0.179708056763482,0.00211093323745665
"189",0,0.113537502642217,0.0151647229444156,0.200190418031304,0.238673239464419,0.0624605042750191,0.0376336310895047,0.150959566387747,0.179274946826255,0.00210546833911778
"190",0,0.114419881194129,0.0151216622823566,0.201080553855962,0.238048248038714,0.0623031580266018,0.0375373501395443,0.150546632947655,0.178842492234423,0.00210002128061318
"191",0,0.115299972174048,0.0150787240854677,0.201968162126005,0.237425280321375,0.0621460081864711,0.0374412430420691,0.150135299945135,0.178410717598891,0.00209459252053665
"192",0,0.116177782022025,0.0150359075280698,0.202853250001735,0.236804296362348,0.0619890657822237,0.0373453145333454,0.149725556739885,0.177979644583165,0.00208918244720382
"193",0,0.117130697067427,0.0149912801731656,0.203735710890654,0.23615042168334,0.0618265052256857,0.0372457922324042,0.149303689595682,0.177532186608962,0.00208371652267864
"194",0,0.118081028825602,0.0149468107018951,0.204615554086575,0.235499663212271,0.0616640169397683,0.0371463007497754,0.148883319043728,0.177085049384175,0.00207825705621071
"195",0,0.11902878559897,0.0149024920742209,0.205492788468897,0.234851771571283,0.0615016477275741,0.0370468975329897,0.148464448795462,0.176638363086598,0.00207280514400526
"196",0,0.119973975476411,0.0148583173483328,0.206367422508392,0.234206575627182,0.0613394295326896,0.0369476203951207,0.148047076249259,0.176192220814398,0.00206736204821431
"197",0,0.120916606392951,0.0148142840382147,0.207239464529491,0.233563941879418,0.0611773888121961,0.0368484946278888,0.147631198771062,0.175746691993491,0.00206192895528757
"198",0,0.12185668616191,0.0147703900093462,0.208108922730977,0.232923763636925,0.0610155476717142,0.0367495384475519,0.14721681316604,0.175301831228703,0.00205650694683259
"199",0,0.122794222495744,0.0147266334751575,0.208975805206467,0.232285953009747,0.060853924926351,0.0366507654355791,0.146803915633542,0.174857682824187,0.00205109699322557
"200",0,0.123729223020812,0.014683012879273,0.209840119957961,0.231650436143371,0.0606925367759453,0.0365521859746645,0.146392501783125,0.174414283507851,0.00204569995699678
"201",0,0.12466169528841,0.0146395268510084,0.210701874906776,0.231017150007701,0.0605313972989243,0.0364538081467428,0.145982566681914,0.173971664218689,0.00204031659983447
"202",0,0.125591646783331,0.0145961741708176,0.211561077902439,0.230386040141251,0.0603705188234055,0.0363556383303103,0.145574104912478,0.173529851345125,0.00203494759084251
"203",0,0.126519084930664,0.0145529537443122,0.212417736730055,0.229757059000191,0.0602099122143213,0.0362576816143508,0.145167110631696,0.173088867619417,0.00202959351499363
"204",0,0.12744401710131,0.0145098645818604,0.213271859116476,0.229130164713561,0.0600495871001259,0.0361599420944443,0.144761577626548,0.172648732784392,0.00202425488128367
"205",0,0.128450615693955,0.0144648117053315,0.214123329467779,0.228467446973223,0.0598832000098542,0.0360583143788763,0.144342611629641,0.172190819581897,0.00201885055944246
"206",0,0.12945435978774,0.0144199297979654,0.214972157848056,0.227808061001779,0.0597169445339651,0.035956742436199,0.1439250174657,0.171733338582049,0.00201344854654654
"207",0,0.130455258996634,0.0143752110711592,0.215818353862921,0.227151735540901,0.0595508697114344,0.0358552879361361,0.143508804331628,0.171276428424332,0.00200805012485345
"208",0,0.131453322680312,0.0143306478902681,0.216661926668576,0.226498284606137,0.0593850084013052,0.0357539912078558,0.143093974361869,0.170820187426047,0.00200265675763066
"209",0,0.1324485600152,0.0142862374510176,0.217502885256149,0.225847563254882,0.0592193875360065,0.0356528789632329,0.14268052951469,0.170364688183591,0.00199726982523112
"210",0,0.133440980032738,0.0142419773334638,0.218341238474319,0.22519945573717,0.0590540293601791,0.0355519702360399,0.142268471002129,0.169909987230877,0.00199189059308424
"211",0,0.134430591644167,0.0141978654978339,0.219176995051693,0.224553866758776,0.0588889525889442,0.0354512790397313,0.141857799247012,0.169456129967295,0.00198652020454809
"212",0,0.135417403658081,0.0141539001566883,0.22001016361166,0.223910716283551,0.0587241731435845,0.0353508159307596,0.141448513905608,0.169003153625604,0.00198115968446296
"213",0,0.136401424793536,0.0141100797264589,0.220840752684395,0.223269936033564,0.0585597046887813,0.0352505889854645,0.14104061392389,0.168551089217231,0.00197580994667904
"214",0,0.137382663690217,0.0140664027898251,0.221668770716639,0.222631467031771,0.0583955590356317,0.0351506044493652,0.140634097604861,0.168099962878717,0.00197047180297295
"215",0,0.138361128916512,0.0140228680674243,0.222494226079826,0.221995257804594,0.0582317464529289,0.0350508671867161,0.140228962676658,0.167649796843146,0.00196514597219489
"216",0,0.139336828976054,0.0139794743956335,0.223317127076892,0.221361263027488,0.0580682759124994,0.0349513810018004,0.139825206357056,0.167200610163472,0.00195983308910377
"217",0,0.140397621513198,0.0139340425132528,0.224137353728682,0.220689935097005,0.0578985219134197,0.0348478600626211,0.139407295610679,0.166732921167909,0.0019544483932328
"218",0,0.141455263050489,0.0138887934025802,0.224954916794043,0.220022130068542,0.0577289531258532,0.0347444221333859,0.138990679553413,0.16626577874187,0.00194906312982322
"219",0,0.142509764679906,0.0138437187786044,0.225769826544124,0.219357562581253,0.0575596198818751,0.0346411311496786,0.138575371343007,0.16579932631007,0.00194367873148152
"220",0,0.143561137200084,0.0137988105698936,0.226582092774952,0.218696036674008,0.0573905555373153,0.0345380287512405,0.138161376592562,0.165333665082959,0.00193829681698648
"221",0,0.144609391197608,0.0137540657320972,0.227391725103346,0.218037399532569,0.0572217872398572,0.0344351423340043,0.137748700614669,0.164868869330691,0.00193291891515787
"222",0,0.145654537090857,0.0137094816265408,0.2281987329908,0.217381529015535,0.0570533372330107,0.0343324912697929,0.137337347831975,0.164404996510013,0.00192754643147582
"223",0,0.146696585158432,0.0136650560151362,0.229003125767064,0.216728324485674,0.0568852240750429,0.0342300896875396,0.136927321739054,0.163942092431329,0.00192218064072768
"224",0,0.147735545559295,0.0136207869268832,0.229804912645865,0.216077701351188,0.0567174634129297,0.0341279481097676,0.136518624931753,0.163480194371458,0.00191682269086117
"225",0,0.148771428347832,0.0135766726069446,0.230604102737632,0.215429587389036,0.0565500685473584,0.0340260744751337,0.136111259170956,0.163019333114113,0.00191147361099492
"226",0,0.149804243485533,0.0135327114770964,0.23140070505989,0.214783920162501,0.0563830508563806,0.0339244748180175,0.135705225457402,0.162559534362302,0.00190613432087802
"227",0,0.150834000850273,0.0134889021059616,0.232194728545908,0.214140645131643,0.0562164201224579,0.0338231537389774,0.135300524106874,0.162100819757321,0.00190080564058451
"228",0,0.151860710243847,0.0134452431856196,0.232986182051964,0.213499714229033,0.0560501847900659,0.0337221147408989,0.134897154821283,0.161643207637414,0.00189548829987488
