"","Alive","Death","ODN","ODF","REL","BUP","BUPC","MET","METC","ABS"
"0",0,0,0,0,0,1,0,0,0,0
"1",0,0.000313468279646179,0.00226021777254282,0.000130432494573029,0.136879124662629,0.651370700174359,0.186594525676547,0.0105284564320765,0.0090133510894305,0.00290972341819648
"2",0,0.000656995045186681,0.0200126792533732,0.00128532283736097,0.161699285754247,0.569529573114424,0.171316583058545,0.0164623599054699,0.0554406207110266,0.00359658032036653
"3",0,0.00100933001930203,0.0166503553312469,0.00224618041832698,0.187720400674913,0.504014969683748,0.171681034805761,0.0280891015295787,0.0844522669653816,0.00413636057174097
"4",0,0.00136615236381132,0.0166569932605338,0.00320742106046798,0.200941014069119,0.456038235533934,0.167963503922237,0.039109526305212,0.110178457863391,0.00453869562129335
"5",0,0.00172540147130629,0.0166547860082972,0.00416853432664598,0.210327272221844,0.417780529934278,0.163091942820394,0.0500726552920618,0.131314975057012,0.00486390286815992
"6",0,0.00208624233019816,0.0166159995697042,0.00512740930764512,0.216787706031781,0.386258845776161,0.157759806033446,0.060605692016384,0.149622003741938,0.00513629519274223
"7",0,0.00244803065633115,0.0166333011234142,0.00608728272553728,0.221268250530801,0.359622068512648,0.152328073548791,0.0707019371707387,0.165539944633889,0.00537111109784951
"8",0,0.00281034807744629,0.0166549208936559,0.00704840377567045,0.224368446066553,0.336704342023194,0.146993893052422,0.0803282371695351,0.17951368405734,0.00557772488418347
"9",0,0.00317289554996358,0.0166785772935133,0.00801088998772894,0.226460266675703,0.316713214564714,0.141860751902859,0.0894827586979703,0.191858295618823,0.0057623497087249
"10",0,0.00353545460465066,0.0167009269806852,0.00897466595402535,0.227805328621417,0.299085329219079,0.136979804269287,0.0981722256660467,0.202816970032312,0.00592929465249679
"11",0,0.0038978631182639,0.0167205449368912,0.00993957403201359,0.228588533911694,0.283404949579907,0.132373503064509,0.10640896551647,0.212584411207457,0.00608165463279454
"12",0,0.00425999902001539,0.0167371662611965,0.0109054412922623,0.228944911398553,0.2693561292143,0.128047386446612,0.114208651444263,0.22131859524353,0.00622171967926742
"13",0,0.00464117120488405,0.0167504601393152,0.0118720757147317,0.228969297608585,0.256688476610698,0.123995038307957,0.121586599323662,0.229145695209677,0.00635118588049024
"14",0,0.00502187628263528,0.0167609359828869,0.0128393146764744,0.228744228235043,0.245211264523722,0.120209038360188,0.128562833888654,0.236179071635601,0.00647143641479543
"15",0,0.00540205753624101,0.0167689004065033,0.0138070132486373,0.228328316233322,0.234766474752391,0.116676597017589,0.135155945589932,0.242511150455664,0.00658354475972094
"16",0,0.00578167181042677,0.0167745912662616,0.0147750402285508,0.227767101347639,0.22522450234891,0.113383463284847,0.141384357690017,0.248220894426533,0.00668837759681531
"17",0,0.00616068648419121,0.0167782512504702,0.0157432784185859,0.227096239572992,0.216477691254916,0.11031486490942,0.147266129999064,0.253376211390301,0.00678664672005926
"18",0,0.00653907719369362,0.0167800987493263,0.0167116232239601,0.226343841576229,0.208435622310718,0.107456094936744,0.152818794482841,0.258035901728413,0.00687894579807586
"19",0,0.00691682608672739,0.0167803271084976,0.01767998120747,0.225532174050798,0.201021610763546,0.104792865322131,0.158059259881806,0.262251178551294,0.00696577702772916
"20",0,0.00729392046890054,0.0167791054562712,0.0186482686919557,0.224678933950863,0.1941700573004,0.102311511455527,0.163003755840027,0.266066876065503,0.00704757077055208
"21",0,0.00767035174369013,0.0167765804496869,0.019616410463532,0.223798213070912,0.187824413260873,0.0999991021810788,0.167667804668761,0.269522423934466,0.00712470022699998
"22",0,0.00804611457534221,0.016772878791625,0.0205843386200748,0.22290123757425,0.18193559582091,0.0978434890645248,0.172066212288009,0.272652640722441,0.00719749254282296
"23",0,0.00842120622298392,0.0167681097498114,0.0215519915650748,0.221996941357221,0.176460738103555,0.0958333170103953,0.176213072301574,0.275488386374654,0.00726623731473183
"24",0,0.00879562600767203,0.0167623675392661,0.0225193131389763,0.221092414871133,0.171362192211209,0.0939580106265803,0.180121779047438,0.278057103382524,0.007331193175201
"25",0,0.00919397262733723,0.016755286019512,0.0234862260530142,0.220185967322963,0.166603012372037,0.0922055600378046,0.183800977514067,0.280376468473053,0.00739252958021176
"26",0,0.00959159601454829,0.0167473385440129,0.0244526803346727,0.219289656964929,0.16215758382881,0.0905690932274958,0.187266498475944,0.282475046687052,0.00745050592253542
"27",0,0.00998849974438731,0.0167386626944467,0.0254186339509904,0.218406804040521,0.157999657840386,0.0890401600390944,0.190529852918766,0.284372411475282,0.00750531729612608
"28",0,0.0103846882155009,0.0167292849959309,0.0263840463997154,0.217539977045732,0.154105763407881,0.087610957218676,0.193601878174156,0.286086262580527,0.00755714196188007
"29",0,0.0107801664390089,0.0167192523641186,0.0273488798860014,0.216691092888178,0.15045484095908,0.0862742639075002,0.196492840948046,0.287632518552628,0.00760614405543974
"30",0,0.0111749398839825,0.0167086038986498,0.0283130988713612,0.215861553049988,0.147027933205196,0.0850234018170113,0.19921245301714,0.289025540835931,0.0076524754207412
"31",0,0.0115690143495197,0.0166973741755873,0.029276669812621,0.215052331431731,0.143807923711233,0.083852196556178,0.201769900773422,0.290278312096804,0.00769627709290368
"32",0,0.0119623958592429,0.0166855941554028,0.0302395609532715,0.214264053381917,0.140779314904759,0.0827549394980509,0.204173872341537,0.291402588387141,0.00773768051867805
"33",0,0.0123550905754752,0.0166732914017143,0.0312017421274431,0.213497060540661,0.137928038441649,0.081726352254891,0.206432583591654,0.292409032492386,0.00777680857412616
"34",0,0.0127471047294357,0.0166604906266615,0.0321631845953524,0.212751464430394,0.13524129246574,0.080761553409508,0.208553803217363,0.29330733010593,0.00781377641961612
"35",0,0.0131384445647601,0.0166472140884237,0.0331238609016897,0.212027190944421,0.132707401281228,0.0798560275955812,0.210544876734375,0.294106291663976,0.00784869222554447
"36",0,0.0135291162920672,0.0166334819447463,0.0340837447544071,0.211324017215199,0.130315693819045,0.0790055968689645,0.212412749400764,0.294813941911493,0.00788165779331432
"37",0,0.0139497917189403,0.01661875077439,0.0350427785017404,0.210632802021002,0.128052734204319,0.0782039935749235,0.214157963875667,0.29542850213163,0.00791268319738773
"38",0,0.0143697455298559,0.01660354191542,0.0360009345772674,0.2099623492745,0.125913274704478,0.0774500598205466,0.215792473038337,0.29596569558601,0.0079419255535856
"39",0,0.0147889842591384,0.016587971091991,0.0369581920927676,0.209312039315424,0.123889085885249,0.0767404654856018,0.217322257305438,0.29643153055722,0.0079694740071699
"40",0,0.0152075142869311,0.0165720170564428,0.0379145289338618,0.208681255636591,0.121972585277079,0.0760721476492538,0.218752882714133,0.296831656655354,0.00799541179035457
"41",0,0.0156253418054524,0.0165556943095887,0.038869923822983,0.208069342179086,0.120156779492664,0.0754422619999936,0.220089623780506,0.297171215228875,0.00801981738085148
"42",0,0.0160424728190395,0.0165390135471627,0.0398243560997926,0.207475636611509,0.1184352101507,0.0748481685780489,0.221337463919914,0.297454913331999,0.00804276494183437
"43",0,0.0164589131424725,0.0165219852084506,0.0407778057063818,0.206899466503182,0.116801905144878,0.0742874179220155,0.22250111472312,0.297687066983265,0.00806432466623469
"44",0,0.0168746683991359,0.0165046197747354,0.0417302531896949,0.206340155663251,0.115251335209968,0.0737577363723366,0.223585031714112,0.297871636612579,0.00808456306418665
"45",0,0.0172897440208789,0.0164869273121257,0.0426816796775707,0.205797029077357,0.113778374967624,0.0732570129250038,0.22459342886972,0.298012259936206,0.00810354321351347
"46",0,0.0177041452490184,0.0164689175672933,0.0436320668603079,0.205269417082092,0.112378268024536,0.0727832869703965,0.225530292316201,0.298112280950373,0.00812132497978258
"47",0,0.0181178771364321,0.016450599961843,0.044581396971907,0.20475665900259,0.11104659562725,0.0723347369813226,0.226399393158614,0.298174775946265,0.0081379652137753
"48",0,0.0185309445505779,0.0164319836113711,0.0455296527724102,0.204258106122381,0.109779248461134,0.071909670088411,0.227204299541723,0.298202576921793,0.00815351793019811
"49",0,0.0189745177192374,0.0164125041154558,0.0464767844514788,0.203764357444384,0.108569160897148,0.0715042136088746,0.227941746077402,0.298188773080673,0.00816794260534627
"50",0,0.0194173707072192,0.0163926838382279,0.0474227723433276,0.203283987589087,0.107416008930345,0.0711192068589132,0.228621331813093,0.298145278234152,0.00818135968563598
"51",0,0.01985950833135,0.0163726360227149,0.0483676033171927,0.202816281506397,0.106316485016015,0.0707532747040213,0.229246194675104,0.298074196999024,0.00819381942818029
"52",0,0.0203009352234741,0.0163523309156901,0.049311262525313,0.202360600212075,0.105267494197319,0.0704051620583867,0.229819208564372,0.297977637921187,0.00820536838218255
"53",0,0.0207416558130096,0.0163317776636923,0.0502537356477551,0.201916324619569,0.104266142331511,0.0700736949045076,0.230343106007435,0.29785751257807,0.00821605043445069
"54",0,0.0211816743445576,0.0163109819898392,0.0511950086948549,0.201482878246103,0.103309722154957,0.0697577773757816,0.230820468920254,0.297715581182399,0.00822590709125284
"55",0,0.021620994889849,0.0162899499491719,0.0521350680263722,0.201059712974869,0.102395699754622,0.0694563881212327,0.231253740321859,0.297553468281305,0.00823497768071881
"56",0,0.022059621356592,0.0162686881311309,0.05307390038233,0.200646307289867,0.101521702146197,0.0691685748707465,0.231645232652232,0.297372673658617,0.00824329951228691
"57",0,0.0224975574968067,0.0162472030999805,0.0540114928815612,0.200242164405873,0.100685505706405,0.0688934497968056,0.231997135237016,0.297174583363168,0.00825090801238376
"58",0,0.0229348069144161,0.016225501431251,0.0549478330223589,0.199846810771231,0.0998850255302226,0.0686301850362226,0.232311521306437,0.296960479146716,0.00825783684114403
"59",0,0.0233713730723776,0.0162035896507862,0.0558829086796094,0.199459794990246,0.0991183056292993,0.0683780085070311,0.232590354507915,0.296731546966093,0.00826411799664224
"60",0,0.023807259299454,0.0161814742089517,0.0568167081004361,0.19908068687116,0.0983835099107245,0.0681362000154327,0.232835494999211,0.296488884685513,0.00826978190911724
"61",0,0.0242772119406933,0.0161585213587028,0.0577491829597308,0.198699404595708,0.097675586993471,0.067901592939244,0.233040991889413,0.296222755613346,0.00827475170969094
"62",0,0.0247464186675984,0.0161353104615062,0.0586803183661376,0.198325694106608,0.0969962128828333,0.0676760509958106,0.23321598994122,0.295944866851228,0.00827913772705817
"63",0,0.0252148828613924,0.0161119666515587,0.0596101066495365,0.197959056813776,0.0963438853519399,0.0674589738718931,0.233362199965824,0.295655957187994,0.0082829706460853
"64",0,0.0256826077791567,0.0160884526853216,0.0605385379905598,0.197599075182733,0.0957171820757821,0.0672498296444432,0.233481131556389,0.295356904901997,0.00828627818361782
"65",0,0.0261495965304361,0.0160647759707153,0.0614656029973357,0.197245349678829,0.095114760812634,0.0670481150054583,0.233574229126108,0.295048483633841,0.00828908624464222
"66",0,0.0266158520972005,0.0160409400631625,0.0623912924831682,0.196897523027489,0.0945353557449054,0.0668533568340628,0.233642855686667,0.294731404881452,0.00829141918189284
"67",0,0.0270813773462666,0.0160169490076714,0.0633155974947907,0.196555262976555,0.0939777730977183,0.0666651124455667,0.233688301244055,0.294406326418214,0.00829329996916154
"68",0,0.0275461750376294,0.0159928075405238,0.0642385093522575,0.196218259532302,0.0934408869809666,0.0664829674503715,0.233711787503732,0.294073856274388,0.00829475032782987
"69",0,0.0280102478319342,0.0159685204432755,0.0651600196515565,0.195886222263085,0.0929236352775191,0.0663065341997079,0.23371447188554,0.293734557618243,0.008295790829139
"70",0,0.0284735982968712,0.0159440925762359,0.0660801202691541,0.19555887819488,0.0924250157597591,0.0661354501185639,0.233697451283509,0.293388952523375,0.008296440977651
"71",0,0.028936228912893,0.0159195288024123,0.0669988033621508,0.195235970319956,0.0919440824256876,0.06596937610567,0.23366176549078,0.293037525297282,0.00829671928316836
"72",0,0.0293981420784192,0.0158948339529745,0.067916061366444,0.194917256360615,0.0914799420618297,0.0658079950169889,0.233608400375381,0.292680725463557,0.00829664332379043
"73",0,0.0298944971819584,0.0158693651742536,0.0688318496201747,0.19459276620875,0.091028544613884,0.0656485153544928,0.233530321494338,0.292308020047801,0.00829612030434663
"74",0,0.030390064945347,0.015843706678369,0.0697461571751579,0.194272490585029,0.0905922527068338,0.0654931469489804,0.233436158311941,0.291930770735772,0.00829525191257061
"75",0,0.0308848479103714,0.0158179846080761,0.0706589803626457,0.193956097497123,0.0901703364064794,0.0653416149017789,0.233326883219794,0.291549197178805,0.00829405791492617
"76",0,0.0313788485436424,0.0157921590950761,0.0715703132131734,0.19364332924529,0.0897620959675836,0.065193691582447,0.233203302693472,0.291163704110757,0.0082925555485585
"77",0,0.0318720692078295,0.0157662361417858,0.0724801501036634,0.193333939803617,0.0893668658058922,0.0650491571270444,0.233066195834706,0.290774625265532,0.00829076070992977
"78",0,0.0323645121812867,0.0157402177932631,0.073388485529054,0.193027719436823,0.0889840141859583,0.0649078026613483,0.232916295342466,0.29038226467135,0.00828868819845105
"79",0,0.0328561796692499,0.0157141066332918,0.0742953141333885,0.192724477179479,0.0886129418733164,0.0647694319565542,0.23275429416337,0.289986902517865,0.00828635187348549
"80",0,0.0333470738105917,0.0156879059768225,0.0752006307520088,0.192424038166023,0.0882530807623111,0.0646338605419648,0.232580848390581,0.289588796836562,0.00828376476313565
"81",0,0.0338371966836872,0.0156616192095147,0.0761044304156367,0.192126241049134,0.0879038923192536,0.064500915320485,0.232396579572304,0.28918818628132,0.0082809391486654
"82",0,0.0343265503111595,0.0156352498212986,0.0770067083563902,0.191830936042275,0.0875648660508181,0.0643704339784952,0.232202076856761,0.288785291952493,0.00827788663030908
"83",0,0.0348151366639523,0.0156088013281643,0.0779074600092882,0.191537983599833,0.0872355180074062,0.0642422643820812,0.231997898889553,0.28838031893773,0.00827461818199162
"84",0,0.0353029576649134,0.0155822772366991,0.0788066810117072,0.191247253364679,0.086915389345926,0.0641162639827895,0.231784575546103,0.287973457649449,0.00827114419773372
"85",0,0.0358295665961548,0.0155549535653817,0.0797043252215471,0.190947681187658,0.0866005408923759,0.063989506291026,0.231553550200696,0.287552526728045,0.00826734931711545
"86",0,0.0363553275793492,0.0155274844934205,0.0806003842480374,0.1906506161388,0.0862940016547399,0.0638646490151206,0.231314113204088,0.287130082555744,0.00826334111070023
"87",0,0.0368802427960419,0.0155000106593591,0.0814948578163672,0.190355806942676,0.0859954075485203,0.0637415575444802,0.231066866267025,0.286706116598877,0.00825913382665334
"88",0,0.0374043143814968,0.0154724850502956,0.0823877429387081,0.190063078882984,0.0857044019948814,0.063620139525509,0.230812247946371,0.286280850083078,0.00825473919667681
"89",0,0.0379275443867652,0.0154449126726416,0.0832790369161414,0.18977226489911,0.0854206421645039,0.0635003005645389,0.2305506904522,0.285854440150937,0.00825016779316293
"90",0,0.0384499348006259,0.015417294058891,0.0841687370804777,0.189483233333455,0.0851438002176308,0.0633819486833063,0.230282596555414,0.285427025981202,0.00824542928899748
"91",0,0.0389714875611432,0.0153896303955135,0.0850568408319961,0.189195868354423,0.0848735632431719,0.0632649968567962,0.230008345958977,0.284998734176633,0.00824053262134735
"92",0,0.0394922045618985,0.0153619237288258,0.0859433456890644,0.188910067168638,0.084609633067329,0.0631493626368213,0.229728297410532,0.284569679636494,0.00823548610039674
"93",0,0.0400120876572196,0.0153341762197683,0.086828249294754,0.188625737332338,0.0843517257561843,0.0630349682989332,0.22944279022017,0.284139967729842,0.0082302974907902
"94",0,0.0405311386661292,0.0153063901813952,0.0877115494256177,0.188342794766916,0.0840995710596203,0.0629217407156341,0.229152145649426,0.28370969546283,0.00822497407243178
"95",0,0.0410493593755591,0.0152785679902581,0.0885932439953542,0.188061162489053,0.0838529118143696,0.0628096111766345,0.228856668076373,0.283278952393172,0.0082195226892263
"96",0,0.0415667515430505,0.0152507120461625,0.0894733310561501,0.187780769636039,0.0836115033402752,0.0626985151850343,0.228556646027374,0.282847821376981,0.008213949788933
"97",0,0.0421260471489882,0.0152220408412085,0.0903517635609869,0.187489728323985,0.0833713925980638,0.0625853805963073,0.228242517525737,0.282403004972884,0.00820812443183823
"98",0,0.042684420783524,0.0151932579369128,0.0912285350639264,0.187200363503372,0.0831360050266583,0.0624731508321992,0.227924117239796,0.28195798969592,0.00820215991769152
"99",0,0.0432418745497362,0.0151645141166683,0.0921036478204285,0.186912463538339,0.0829051601454543,0.0623617537435247,0.227601853451841,0.281512665043375,0.00819606759063316
"100",0,0.0437984105199343,0.0151357571717914,0.0929771010730977,0.186625895414459,0.0826786739752132,0.0622511584886003,0.227275968972009,0.281067178162384,0.00818985622251186
"101",0,0.0443540306895581,0.0151069912922387,0.0938488943063325,0.186340531844405,0.0824563665312348,0.0621413275405594,0.226946711615204,0.280621612676439,0.00818353350402843
"102",0,0.0449087370018849,0.0150782158304233,0.0947190269671601,0.186056281054596,0.0822380638254548,0.0620322218795359,0.22661430834691,0.280176038775233,0.00817710631880119
"103",0,0.0454625313604365,0.0150494308846645,0.095587498508282,0.185773065723778,0.0820235984004487,0.061923804000052,0.226278971681301,0.279730518525698,0.008170580915339
"104",0,0.0460154156352134,0.0150206375105482,0.0964543084433148,0.185490820075125,0.0818128096832016,0.0618160377558784,0.225940901421282,0.279285106456923,0.00816396301851261
"105",0,0.0465673916677907,0.014991836916098,0.0973194563555883,0.18520948708185,0.0816055439689677,0.0617088887519529,0.225600285792897,0.278839851553491,0.00815725791136409
"106",0,0.047118461274964,0.0149630305013621,0.0981829419092256,0.184929016436798,0.0814016543080468,0.0616023244238599,0.225257302463383,0.27839479818776,0.00815047049460048
"107",0,0.0476686262515813,0.0149342197620256,0.099044764854663,0.184649363292666,0.0812010003171931,0.0614963140453885,0.224912119341934,0.277949986801393,0.00814360533315481
"108",0,0.0482178883728197,0.0149054062453933,0.0999049250316285,0.184370487318269,0.0810034479550182,0.0613908286964387,0.224564895259936,0.277505454427199,0.00813666669329699
"109",0,0.0488120761304571,0.0148757536006496,0.100763374015774,0.184079661877926,0.0808049216366967,0.0612826135362144,0.224205211449657,0.277046877714639,0.00812951003798519
"110",0,0.0494052561181737,0.0148460129152612,0.101620106726455,0.183790149042165,0.0806091647297318,0.0611748584117843,0.223843503380169,0.276588692919643,0.00812225575661714
"111",0,0.0499974305372903,0.0148163447604345,0.102475127349262,0.183501752306349,0.0804160936391475,0.0610675189600243,0.223480080601353,0.276130738046078,0.00811491380006176
"112",0,0.0505886015657696,0.0147866922129922,0.103328436784863,0.183214356791837,0.0802256153012299,0.0609605932597504,0.223115080504648,0.275673132153014,0.00810749142589633
"113",0,0.0511787713035861,0.0147570588734843,0.104180036141709,0.182927852676826,0.0800376355797024,0.0608540701837575,0.222748652112341,0.275215928305105,0.00809999482348917
"114",0,0.0517679418009795,0.0147274431601061,0.105029926436967,0.18264216679062,0.0798520617299848,0.0607479351717028,0.22238092780258,0.274759167702945,0.00809242940411413
"115",0,0.0523561150722549,0.0146978443220677,0.105878108644479,0.182357240105232,0.0796688032527414,0.0606421735641529,0.222012029950199,0.274302885105289,0.00808479998358335
"116",0,0.0529432931024492,0.0146682626551241,0.106724583755153,0.182073024661189,0.0794877725370173,0.0605367705492141,0.221642072511375,0.273847109329496,0.00807711089898129
"117",0,0.0535294778526947,0.0146386986409256,0.107569352787692,0.181789480625968,0.0793088850881289,0.0604317116852342,0.221271161983383,0.273391865242613,0.00806936609336062
"118",0,0.0541146712639191,0.014609152988374,0.108412416801709,0.181506574175798,0.0791320596363482,0.0603269830813464,0.220899398248873,0.272937174627219,0.00806156917641332
"119",0,0.0546988752596268,0.0145796265298492,0.109253776904852,0.181224276203243,0.0789572181507353,0.0602225714945289,0.220526875199353,0.272483056786549,0.00805372347126294
"120",0,0.0552820917480603,0.0145501201735479,0.110093434257178,0.180942561362661,0.0787842858015352,0.06011846437823,0.220153681240989,0.272029528986635,0.00804583205116335
"121",0,0.0559130046002383,0.014519748186888,0.110931338904949,0.180647910020455,0.0786090248399859,0.0600112220037053,0.219768667350103,0.271561345601472,0.00803773849220402
"122",0,0.0565428131854294,0.0144893047465823,0.111767486724723,0.180354444396044,0.0784354432981074,0.0599042483303342,0.219382853493216,0.271093835258049,0.0080295705675153
"123",0,0.0571715199168956,0.0144589593163848,0.11260188337246,0.180061970857983,0.0782635107267981,0.0597975111201594,0.218996500156659,0.270626806879186,0.00802133765347408
"124",0,0.0577991271871841,0.014428650872066,0.113434530982539,0.179770380530017,0.0780931836898407,0.0596910224259493,0.218609687475498,0.270160370550888,0.00801304628601704
"125",0,0.058425637304608,0.0143983826025008,0.114265431873363,0.1794795696316,0.0779244148672885,0.05958478356788,0.21822251129452,0.269694566944984,0.00800470191325538
"126",0,0.0590510525256061,0.0143681522024301,0.115094588230301,0.179189472575417,0.0777571558366085,0.0594787913931108,0.217835052777973,0.269229425257219,0.00799630920133491
"127",0,0.0596753750702914,0.0143379582728607,0.11592200215799,0.178900038137358,0.0775913581180225,0.0593730418570077,0.217447385374253,0.268764968783808,0.00798787222840903
"128",0,0.0602986071298345,0.0143078005387424,0.116747675745196,0.178611226200088,0.0774269739884592,0.0592675300204287,0.217059576349255,0.268301215420392,0.00797939460760405
"129",0,0.0609207508723409,0.0142776789389375,0.117571611077154,0.17832300465204,0.0772639568446549,0.0591622506508513,0.216671687674941,0.267838179713383,0.00797087957569625
"130",0,0.0615418084468298,0.0142475936689929,0.118393810250387,0.178035347165763,0.077102261432321,0.0590571984571613,0.21628377679785,0.267375873724563,0.0079623300561331
"131",0,0.0621617819861661,0.0142175450707631,0.119214275381142,0.177748231853326,0.0769418439677602,0.0589523682328958,0.215895897179316,0.266914307621389,0.00795374870724306
"132",0,0.0627806736092936,0.0141875335814733,0.1200330086109,0.177461640280831,0.0767826621987139,0.0588477549453497,0.215508098716376,0.266453490097361,0.00794513795970231
"133",0,0.0634508166662237,0.0141566106173638,0.120849957340333,0.177161027830691,0.076620215723533,0.0587396695730232,0.215108358120973,0.265977016766769,0.00793632736109042
"134",0,0.0641197460752614,0.0141256258474486,0.121665118002757,0.176861604992161,0.0764588278993504,0.0586317784545501,0.214708477907309,0.26550136615253,0.00792745466863331
"135",0,0.0647874645543066,0.0140947603040786,0.122478497478488,0.176563171388659,0.0762984992326738,0.0585240538333971,0.214308699854191,0.265026324079487,0.00791852927471776
"136",0,0.0654539748001155,0.0140639480929749,0.123290098845222,0.176265616081878,0.076139214649899,0.0584165152102558,0.213909073088767,0.264552001713133,0.00790955751775472
"137",0,0.0661192794138349,0.0140331921714119,0.124099925351312,0.175968833741017,0.0759809533846214,0.0583091700703711,0.213509665545987,0.264078435728639,0.00790054459280531
"138",0,0.0667833809387192,0.0140024896053238,0.124907980075791,0.175672759668266,0.0758236920610286,0.0582020207054101,0.213110531045505,0.263605651021507,0.00789149487844915
"139",0,0.0674462818780633,0.0139718384526659,0.125714265985623,0.175377344277679,0.075667405891794,0.0580950680708204,0.212711716749904,0.263133666547464,0.00788241214598576
"140",0,0.0681079847036622,0.0139412379857955,0.126518786005779,0.175082549587832,0.0755120696235131,0.057988311812017,0.212313264724936,0.262662495865142,0.00787329969132248
"141",0,0.0687684918625041,0.0139106877190186,0.127321543033204,0.174788345898435,0.0753576579917001,0.0578817509319839,0.211915212823983,0.262192149309411,0.00786416042976113
"142",0,0.0694278057812592,0.0138801874534178,0.12812253995336,0.174494709416927,0.0752041460279293,0.0577753840641862,0.211517595442952,0.261722634896898,0.0078549969630707
"143",0,0.0700859288695527,0.0138497371583371,0.128921779649945,0.174201620827467,0.0750515092477469,0.0576692096456971,0.211120444033376,0.261253958937322,0.00784581163055649
"144",0,0.070742863522432,0.0138193369164929,0.129719265011427,0.173909064246559,0.0748997237700597,0.0575632260308144,0.210723787490274,0.260786126463399,0.00783660654854165
"145",0,0.0714561891639317,0.0137879474361732,0.130514938950898,0.173601019017398,0.0747438729087947,0.0574533789839903,0.210314382328253,0.260301079089636,0.0078271921209256
"146",0,0.0721681737470532,0.0137564990688655,0.131308798070112,0.173294248784223,0.0745887202293039,0.0573437053856141,0.209905182557021,0.259816951497381,0.00781772066042548
"147",0,0.0728788203923836,0.0137251897965628,0.132100850395955,0.172988537166304,0.0744342861203357,0.0572341778485524,0.209496432381931,0.259333503806757,0.00780820209121756
"148",0,0.073588132196545,0.0136939470228888,0.132891099765925,0.172683764581139,0.0742805728838677,0.0571248208186695,0.209088164577518,0.258850855188978,0.00779864296446869
"149",0,0.0742961121428133,0.0136627736476178,0.13367955018486,0.172379817988986,0.074127575672393,0.0570156452657709,0.208680433765085,0.258369042744112,0.00778904858836213
"150",0,0.0750027631463317,0.0136316661063725,0.134466205451905,0.172076628785847,0.0739752859410437,0.0569066562682363,0.208273279986856,0.257888090927536,0.0077794233858713
"151",0,0.0757080880754486,0.0136006219400359,0.135251069224297,0.171774144838685,0.0738236928077125,0.0567978572479136,0.207866736916061,0.257408017823814,0.00776977112603263
"152",0,0.0764120897617708,0.0135696400270176,0.136034145094544,0.171472326610301,0.0736727841337461,0.0566892500171125,0.207460833517028,0.256928835769331,0.00776009506914947
"153",0,0.0771147710080919,0.01353871952063,0.136815436606296,0.171171143506014,0.0735225470611443,0.0565808355231035,0.207055594979219,0.256450553724565,0.00775039807093665
"154",0,0.0778161345936815,0.0135078598972332,0.137594947272986,0.170870571270309,0.0733729683848416,0.0564726141585217,0.206651043506434,0.255973178259955,0.00774068265603857
"155",0,0.0785161832781287,0.0134770608262211,0.138372680588966,0.170570590419656,0.0732240347917139,0.0563645859612912,0.206247198842307,0.255496714217867,0.00773095107385005
"156",0,0.0792149198042194,0.0134463221096449,0.139148640037166,0.170271185101523,0.0730757330224048,0.0562567507483773,0.205844078659686,0.255021165175439,0.00772120534154007
"157",0,0.0799730968800551,0.0134145521630912,0.139922766107435,0.16995542993848,0.0729228961956937,0.0561448337587338,0.205427709718206,0.254527471583528,0.00771124365477635
"158",0,0.0807297921067301,0.0133827278350164,0.14069505566153,0.169641038827674,0.0727705518686754,0.0560330948610861,0.205011737692724,0.254034773353969,0.00770122779259479
"159",0,0.0814850090663725,0.0133510568000368,0.141465517545676,0.169327784955863,0.072618732062098,0.0559215063859016,0.204596409603198,0.253542815482707,0.00769116809814725
"160",0,0.0822387513133022,0.0133194625343343,0.142234156190071,0.169015542167933,0.072467449201122,0.055810095278712,0.204181749441432,0.253051722546525,0.00768107132656875
"161",0,0.0829910222714229,0.0132879478548924,0.143000976187474,0.168704191806105,0.0723167076893181,0.0556988741281007,0.203767804850516,0.252561532290439,0.00767094292173109
"162",0,0.0837418252862647,0.0132565087792862,0.143765981900824,0.168393661975767,0.0721665075913245,0.0555878492393474,0.203354608533878,0.252072269300529,0.00766078739277908
"163",0,0.0844911636494146,0.0132251425023555,0.144529177531184,0.168083898158203,0.0720168460917303,0.0554770250846263,0.202942186946717,0.251583951475532,0.00765060856023727
"164",0,0.0852390406100646,0.0131938476281695,0.145290567199058,0.167774859091509,0.0718677186583224,0.0553664043655551,0.202530562015343,0.25109659072179,0.00764040971018903
"165",0,0.0859854593840969,0.0131626230569983,0.146050154961487,0.167466512908184,0.0717191196288934,0.0552559888028563,0.202119752107393,0.250610195445278,0.00763019370481285
"166",0,0.0867304231601402,0.0131314680347659,0.146807944831997,0.167158834386594,0.0715710426225575,0.0551457794686815,0.201709772845327,0.250124771589537,0.00761996306039991
"167",0,0.0874739351039652,0.0131003820163073,0.147563940792654,0.166851803295726,0.0714234808090914,0.0550357770019628,0.201300637642852,0.249640323330896,0.00760972000654586
"168",0,0.0882159983617707,0.0130693646016987,0.148318146802443,0.166545403191355,0.071276427095754,0.0549259817535197,0.200892358098236,0.249156853563487,0.00759946653173599
"169",0,0.0890212096866051,0.0130372607112708,0.149070500163092,0.166221614967496,0.0711244013398178,0.0548118510705483,0.200470083459186,0.248654092292097,0.00758898630988779
"170",0,0.0898247818776697,0.0130051038953336,0.149820997820378,0.165899299917483,0.0709727489869232,0.0546979134690512,0.200048304805008,0.248152396685991,0.00757845254216282
"171",0,0.09062671906086,0.0129731137011822,0.1505696493897,0.165578217848282,0.0708215103271522,0.0545841399621845,0.199627279014108,0.247651494534934,0.00756787616159709
"172",0,0.091427025329297,0.0129412089601178,0.15131645980238,0.165258234026518,0.0706707045124142,0.0544705595895219,0.199207025724198,0.247151517799475,0.00755726425607819
"173",0,0.0922257046246646,0.012909392493588,0.152061434152558,0.164939222331834,0.0705203418810506,0.0543571860404581,0.198787590102614,0.246652505854339,0.00754662251889373
"174",0,0.093022760797562,0.012877659915565,0.152804577281267,0.164621106240383,0.0703704279029624,0.0542440263061072,0.198369001673063,0.24615448423543,0.00753595564766041
"175",0,0.0938181976356941,0.0128460080997238,0.153545893849124,0.164303827718714,0.0702209647445384,0.0541310853868509,0.197951283592811,0.245657471364638,0.00752526760790515
"176",0,0.0946120188772477,0.0128144354125252,0.154285388422481,0.163987342815206,0.070071952519259,0.0540183663694172,0.197534454455279,0.245161479330769,0.00751456179781575
"177",0,0.0954042282213916,0.0127829405390666,0.155023065491808,0.16367161754777,0.0699233899231223,0.0539058712676412,0.197118529314173,0.244666516528717,0.00750384116631046
"178",0,0.0961948293352779,0.0127515225343894,0.155758929493042,0.163356624981237,0.0697752746825641,0.0537936013780872,0.19670352053668,0.244172588762358,0.00749310829636376
"179",0,0.0969838258591207,0.0127201806787616,0.156492984820589,0.163042343466327,0.0696276038505782,0.0536815575111073,0.196289438363188,0.24367969998214,0.00748236546818835
"180",0,0.0977712214099925,0.0126889144101717,0.157225235836419,0.162728755359927,0.0694803740144651,0.0535697401469668,0.195876291315136,0.243187852799055,0.00747161470786726
"181",0,0.0986285529588503,0.0126564509350106,0.157955613452218,0.162395881605624,0.0693275261663385,0.0534531214848953,0.195447643278773,0.242674595579469,0.00746061453882192
"182",0,0.0994840599618938,0.012623929183271,0.158684114304963,0.162064638412124,0.0691749791930475,0.0533367147199586,0.195019526609144,0.242162479542476,0.00744955807312207
"183",0,0.100337747234215,0.0125915909099413,0.159410748982815,0.161734760800886,0.0690227817562392,0.0532204878462443,0.194592222563217,0.241651202551742,0.00743845735469997
"184",0,0.101189619550915,0.0125593465368345,0.160135522904561,0.161406098826667,0.0688709589152827,0.0531044730794994,0.194165749495554,0.241140910551129,0.00742732013955741
"185",0,0.102039681503698,0.0125271990624389,0.160858441662026,0.161078512777831,0.0687195257850732,0.0529886855745515,0.193740154315572,0.240631646677637,0.00741615264117262
"186",0,0.102887937573991,0.0124951435278962,0.161579510560868,0.160751917710021,0.0685684919294659,0.0528731330762172,0.193315466753529,0.240123438897812,0.00740495997019888
"187",0,0.103734392166924,0.0124631763752622,0.162298734701425,0.160426249166114,0.0684178631026351,0.0527578211028213,0.192891709674998,0.239616307281779,0.00739374642804095
"188",0,0.104579049627514,0.0124312956908624,0.1630161190736,0.160101458265986,0.0682676426428901,0.0526427530416496,0.19246890105285,0.239110264914777,0.00738251568987102
"189",0,0.105421914253338,0.0123994999158101,0.163731668577336,0.159777507149701,0.0681178321833222,0.052527931079554,0.192047055097246,0.238605320807989,0.00737127093570366
"190",0,0.106262990302993,0.0123677879015391,0.164445388046293,0.159454365743205,0.0679684321542098,0.0524133565978257,0.191626183191646,0.238101481119428,0.00736001494285963
"191",0,0.107102282002226,0.0123361587504601,0.165157282262337,0.159132009808662,0.0678194421167614,0.0522990304290516,0.191206294505069,0.237598749969413,0.00734875015602089
"192",0,0.10793979354851,0.0123046117415479,0.16586735596572,0.158810419528809,0.0676708609986214,0.0521849530308306,0.190787396436479,0.237097130008368,0.00733747874111385
"193",0,0.108849397225351,0.0122718392251707,0.166575538434942,0.158468938515499,0.067516438842775,0.0520659358120454,0.190352528542845,0.236573433785788,0.00732594961558326
"194",0,0.109756976179177,0.0122390113958584,0.167281826478007,0.158129192427006,0.0673622863559506,0.0519471531422934,0.189918234430251,0.236050955848033,0.00731436374342421
"195",0,0.1106625359684,0.0122063764470492,0.16798623122565,0.157790907411751,0.0672084559596077,0.0518285719295236,0.189484803545023,0.23552938382862,0.00730273368437517
"196",0,0.111566082104269,0.012173842227071,0.168688758490723,0.157453926787148,0.0670549755671739,0.0517102253478474,0.189052253545517,0.235008868406376,0.00729106752387472
"197",0,0.112467619889862,0.0121414117179599,0.169389414258167,0.157118105312779,0.0669018626964778,0.0515921288987992,0.188620631698792,0.234489453785098,0.00727937174206522
"198",0,0.113367154502611,0.0121090797142801,0.170088204212527,0.156783354264115,0.0667491290319067,0.0514742904479396,0.188189967537465,0.233971168621836,0.0072676516673203
"199",0,0.114264691032512,0.0120768424646464,0.170785133821861,0.156449606191088,0.0665967822309511,0.0513567155468463,0.187760283562765,0.233454033366824,0.00725591178250598
"200",0,0.115160234500429,0.0120446979072878,0.171480208435251,0.15611680980183,0.0664448273718851,0.0512394075425475,0.187331597266456,0.232938061258575,0.00724415591573883
"201",0,0.116053789872409,0.0120126443494425,0.172173433304089,0.155784925240899,0.0662932676937204,0.0511223685379968,0.186903922302747,0.232423261321601,0.00723238737709487
"202",0,0.116945362069247,0.0119806805230303,0.172864813606591,0.155453920740701,0.0661421051202406,0.05100559980082,0.186477269454001,0.231909639630194,0.00722060905517502
"203",0,0.117834955973425,0.0119488054208339,0.173554354462848,0.15512377059951,0.0659913406091117,0.0508891020293545,0.186051647262584,0.231397200152018,0.00720882349031403
"204",0,0.118722576434309,0.0119170182198274,0.174242060945456,0.154794453713479,0.0658409743990307,0.0507728755325983,0.185627062488934,0.230885945335431,0.00719703293093424
"205",0,0.119689044052409,0.0118838957677545,0.174927855999838,0.154443346433614,0.0656841740962504,0.0506512476318709,0.185184971642063,0.230350503746767,0.00718496062943437
"206",0,0.12065325367347,0.0118507119100379,0.175611736082399,0.154094138356929,0.0655276237067689,0.0505298762907035,0.184743463362947,0.229816368627528,0.00717282798921764
"207",0,0.12161521179718,0.0118177366445602,0.176293713230566,0.153746530931893,0.065371381977511,0.0504087252164804,0.184302853652763,0.229283197799701,0.00716064874934536
"208",0,0.122574924866189,0.0117848696164209,0.176973793690494,0.153400351833025,0.06521548076883,0.0502878305644609,0.183863160912167,0.228751156029217,0.00714843171919599
"209",0,0.12353239907394,0.0117521140246467,0.177651983892944,0.153055442050175,0.065059940493668,0.0501672091114305,0.183424436091373,0.228220291309978,0.00713618395184547
"210",0,0.124487640463437,0.0117194641395157,0.178328289938028,0.152711704226496,0.0649047751288403,0.0500468693090316,0.182986710766631,0.227690634790143,0.00712391123787709
"211",0,0.125440654972761,0.0116869158256727,0.179002717687214,0.152369064302351,0.0647499941945877,0.0499268170699274,0.182550008897359,0.227162208607824,0.00711161844230256
"212",0,0.12639144845695,0.0116544667833113,0.179675272869256,0.152027465886627,0.0645956043424822,0.0498070558978215,0.182114349016527,0.22663502703312,0.00709930971390537
"213",0,0.127340026705085,0.0116221151161101,0.180345961103471,0.151686865088477,0.0644416101674372,0.0496875879363134,0.18167974551363,0.226109099734282,0.0070869886351942
"214",0,0.128286395451707,0.0115898593907281,0.181014787926465,0.151347226856663,0.0642880147831491,0.0495684144161257,0.181246209686627,0.225584433160235,0.00707465832830085
"215",0,0.129230560385099,0.0115576984587559,0.181681758808568,0.151008522767902,0.0641348202058435,0.0494495359462239,0.180813750429934,0.225061031462453,0.00706232153522034
"216",0,0.130172527153495,0.0115256313733212,0.18234687916547,0.150670729422263,0.0639820276263144,0.04933095271066,0.180382374732453,0.224538897136472,0.0070499806795508
"217",0,0.131197163369338,0.0114921716121487,0.183010068628735,0.150310064729013,0.0638224670734991,0.0492067125158575,0.179932623008956,0.22399138588652,0.00703734317593283
"218",0,0.132219283490249,0.0114586500245305,0.183671323630485,0.149951433573917,0.0636631559269056,0.0490827531573288,0.179483481086447,0.223445275822666,0.00702464328747108
"219",0,0.133238895083208,0.0114253484715821,0.184330656868467,0.14959452252071,0.063504156742455,0.048959036443639,0.17903528093656,0.222900207359354,0.00701189557402449
"220",0,0.1342560056473,0.0113921620559647,0.184988074987018,0.149239148797244,0.0633455037676465,0.0488356001874897,0.178588041699801,0.222356353488086,0.00699910936944999
"221",0,0.13527062239397,0.0113590940600524,0.185643584819894,0.148885144588945,0.0631872191567757,0.048712461803318,0.17814181676755,0.221813764257925,0.00698629215157084
"222",0,0.136282752360526,0.0113261384250109,0.186297192851208,0.14853240674376,0.0630293182572309,0.0485896299911412,0.177696639143062,0.221272472168327,0.00697345005973493
"223",0,0.137292402462234,0.0112932907721659,0.18694890531239,0.148180856688101,0.0628718116938202,0.0484671107752773,0.177252533844406,0.220732500199814,0.00696058825179169
"224",0,0.138299579517511,0.0112605486383381,0.187598728292725,0.147830434467572,0.0627147070421227,0.0483449076527699,0.176809520189114,0.220193863074202,0.00694771112564561
"225",0,0.139304290267551,0.0112279099851717,0.188246667763867,0.147481093304825,0.0625580096849489,0.0482230226933438,0.176367613148468,0.219656570673804,0.00693482247801989
"226",0,0.140306541389465,0.0111953732597702,0.188892729607857,0.147132795748467,0.0624017234196322,0.0481014570095343,0.175926824452549,0.219120629496037,0.00692192561668855
"227",0,0.14130633950582,0.0111629372087219,0.189536919634404,0.146785511342832,0.0622458508633944,0.0479802110627619,0.175487163313779,0.218586043622735,0.00690902344555085
"228",0,0.142303691191792,0.0111306007908398,0.190179243593131,0.146439214937728,0.0620903937410169,0.047859284870205,0.175048636950567,0.218052815394592,0.00689611853012857
