"","Alive","Death","ODN","ODF","REL","BUP","BUPC","MET","METC","ABS"
"0",0,0,0,0,0,1,0,0,0,0
"1",0,0.000328424262650562,0.00244117779987194,0.000127928662230776,0.168632298239116,0.590737272816861,0.211587199544316,0.0103719479797485,0.0131376827171488,0.00263606797805655
"2",0,0.000691092950409367,0.0395870546696491,0.00220246782353664,0.195952192607558,0.503421120931492,0.176778230443221,0.01684653501293,0.0618954370211195,0.00262586854008493
"3",0,0.00106614320125675,0.0304142481599848,0.00379631079559128,0.234336344688182,0.432874384574354,0.171370326091694,0.029279507157224,0.0940547605727507,0.00280797475896333
"4",0,0.00144647524177199,0.0300786796492509,0.00537256847309376,0.25193025014912,0.383071492202932,0.162631548159901,0.0417243308097458,0.120816413207392,0.00292824210679245
"5",0,0.00182966331878265,0.0290180645058189,0.00689324516159655,0.264680621811805,0.344128138466247,0.153974577737198,0.0541483242835366,0.142294385645184,0.00303297906983072
"6",0,0.00221458988187739,0.0283069013871345,0.00837665371403571,0.2729994230122,0.312669241864816,0.145727704183499,0.0661710419007986,0.16041261365769,0.00312183039794822
"7",0,0.00260043576603353,0.0277941148194583,0.00983318995114569,0.278472760874811,0.286560379171786,0.138045951692926,0.0777414714330713,0.175751403161906,0.00320029312886106
"8",0,0.00298667082486459,0.0273907122267551,0.0112685860836604,0.281926404638289,0.264480572306829,0.130986448949662,0.0888097561606974,0.188880374258106,0.00327047455113735
"9",0,0.003372913355292,0.0270640102412682,0.0126868615673008,0.283910589819884,0.245538752455789,0.12454264391967,0.099366955740967,0.200183318132149,0.0033339547676799
"10",0,0.00375888590532014,0.0267883824446391,0.0140906929185644,0.284809202197748,0.229105656374361,0.118682020295673,0.109415423034496,0.209957963138935,0.0033917736902641
"11",0,0.00414438323424338,0.0265492862351698,0.0154819945564154,0.284894669117238,0.2147197923659,0.113361374340603,0.118965574089863,0.218438251968667,0.0034446740918991
"12",0,0.00452925208456567,0.0263372720224642,0.0168621856989117,0.284367095423153,0.202032343498284,0.108534306864828,0.128032215078635,0.225812116350226,0.00349321297893319
"13",0,0.0049339777907661,0.0261454327361263,0.0182323236026534,0.283368842628614,0.190769655153622,0.104153160777694,0.13663015623217,0.232228651080765,0.00353779999758929
"14",0,0.00533782095144208,0.0259699230797918,0.01959326401347,0.282021820621498,0.180721874601929,0.100176911428335,0.144780018204898,0.2378195574802,0.00357880961843635
"15",0,0.00574071440722679,0.025807645770158,0.0209457003656584,0.280413991551326,0.171717156626141,0.0965657301603273,0.152500977231744,0.242691540983194,0.00361654290422443
"16",0,0.00614260898176033,0.0256562483582664,0.0222902028146425,0.278613941264342,0.163615245229714,0.0932833491384896,0.159812249990898,0.246934895637252,0.003651258584634
"17",0,0.00654346951565099,0.0255139692617342,0.0236272492010311,0.276675526009143,0.156300218809534,0.0902969932471403,0.166732830463082,0.250626559251728,0.00368318424095639
"18",0,0.0069432718561403,0.025379448380644,0.0249572460900988,0.274641286217637,0.149675214968045,0.0875771845341335,0.173281284581241,0.253832540330955,0.00371252304110437
"19",0,0.00734200053342837,0.0252516190985214,0.0262805441516347,0.272544945638089,0.143658520451539,0.0850974839339598,0.179475625666691,0.256609802045268,0.00373945848086955
"20",0,0.00773964694635498,0.0251296320380662,0.0275974495442489,0.270413290767786,0.138180620233255,0.0828342125680222,0.185333237158978,0.259007753008441,0.00376415773484732
"21",0,0.00813620793233338,0.0250128014974463,0.0289082324927011,0.268267601141988,0.133181935206311,0.0807661767530062,0.19087082843286,0.261069442437233,0.00378677410612073
"22",0,0.00853168463072773,0.0249005670612639,0.0302131338534715,0.266124752506801,0.128611063114999,0.0788744081783544,0.19610441339017,0.262832528393899,0.00380744887031433
"23",0,0.00892608157322439,0.0247924654655672,0.0315123702059318,0.263998077416859,0.124423393273945,0.0771419246692589,0.201049304749138,0.264330069942694,0.00382631270338097
"24",0,0.00931940595168967,0.0246881096612017,0.0328061378463429,0.261898043349875,0.120580003038354,0.0755535133173376,0.205720119176663,0.265591180841126,0.0038434868174098
"25",0,0.00973748283956222,0.0245864773760724,0.0340945794993242,0.259823975976487,0.117043984149573,0.0740936532554439,0.210125946662653,0.266634852748166,0.00385904749271782
"26",0,0.0101544263292845,0.0244879467370399,0.035377857705038,0.257791387964944,0.113788165341949,0.0727520275023337,0.2142845709594,0.267490491265618,0.0038731261943937
"27",0,0.0105702493987613,0.0243923557050316,0.0366561265120727,0.255804876121294,0.110785991191795,0.0715176362963559,0.218208691604786,0.268178249519833,0.0038858236500697
"28",0,0.0109849659535808,0.0242994689490547,0.0379295276366175,0.253867835313378,0.108013895421968,0.070380603314849,0.221910327350304,0.268716143817318,0.00389723224292924
"29",0,0.0113985905408457,0.0242091056473248,0.0391981933189895,0.251982625139986,0.105450900980298,0.0693320370411435,0.225400905527815,0.269120203659031,0.00390743814456557
"30",0,0.0118111381290811,0.0241211034963358,0.0404622472940741,0.250150777956905,0.103078278951507,0.068363925812677,0.228691276094457,0.269404730572254,0.00391652169270968
"31",0,0.0122226239272489,0.0240353187784016,0.0417218057653056,0.248373144361965,0.100879261842723,0.0674690445935766,0.231791738867277,0.26958250397202,0.0039245578914818
"32",0,0.012633063236736,0.0239516229953977,0.0429769782022407,0.246650020664954,0.0988387999450467,0.0666408712158473,0.234712068531264,0.269664958395724,0.00393161681279014
"33",0,0.0130424713314768,0.0238699002969536,0.044227868003357,0.244981253864198,0.0969433535051302,0.0658735123783891,0.237461539160029,0.269662337508458,0.00393776395200778
"34",0,0.0134508633612797,0.0237900455496101,0.0454745730576675,0.243366329012572,0.0951807145930551,0.0651616379353033,0.240048948099528,0.269583827843113,0.00394306054787122
"35",0,0.0138582542744996,0.0237119627374991,0.0467171862225232,0.241804441951837,0.0935398537234391,0.0645004225791799,0.242482639079694,0.269437675558399,0.00394756387292992
"36",0,0.0142646587568092,0.0236355636687635,0.0479557957336263,0.240294559875063,0.0920107872339941,0.063885494038201,0.244770524514357,0.269231288679701,0.00395132749948444
"37",0,0.0147019691725787,0.0235599233499655,0.0491904413528757,0.238825234468552,0.0905816863399793,0.0633108058373401,0.246912874135369,0.268962711146747,0.00395435419659293
"38",0,0.015138230843447,0.0234857599065015,0.0504212004751607,0.237405851281239,0.0892471087449804,0.0627748460889986,0.248923742009453,0.26864653497419,0.00395672567603009
"39",0,0.0155734586647236,0.0234130999188054,0.0516481518883045,0.236034835870558,0.0879995933119456,0.0622743375484423,0.250809965576654,0.268288067506345,0.00395848971422119
"40",0,0.0160076670966658,0.0233418420353839,0.0528713690688579,0.234710614747016,0.0868323322391226,0.061806317730883,0.252577952251154,0.267892216029122,0.00395968880179443
"41",0,0.0164408701368856,0.0232719258846704,0.0540909223296305,0.23343156290319,0.0857391129154265,0.0613680860611082,0.254233785794229,0.267463371412767,0.00396036256209193
"42",0,0.0168730813200566,0.0232032909315709,0.055306878811122,0.232196047351549,0.0847142584074092,0.0609571808507997,0.255783228895851,0.267005485613189,0.00396054781845255
"43",0,0.0173043137181983,0.023135881013058,0.0565193027106373,0.231002430540591,0.0837525758911773,0.0605713579988195,0.25723174274244,0.266522116494226,0.00396027889085246
"44",0,0.0177345799427472,0.0230696434111102,0.0577282554628208,0.229849082591311,0.0828493102431057,0.0602085702947304,0.258584502942315,0.266016467315952,0.00395958779590723
"45",0,0.018163892149296,0.0230045283213767,0.0589337958923455,0.228734390533675,0.0820001026177613,0.0598669490800288,0.259846414637037,0.26549142234929,0.00395850441918953
"46",0,0.0185922620443725,0.0229404886019662,0.0601359803534379,0.227656766117448,0.0812009534489766,0.0595447876094854,0.261022126820007,0.264949578336861,0.00395705666744508
"47",0,0.0190197008939855,0.0228774795257266,0.0613348628564214,0.226614652215816,0.0804481893428913,0.0592405260601407,0.26211604586778,0.264393272632011,0.00395527060522722
"48",0,0.0194462195335998,0.0228154585876581,0.0625304951841666,0.225606527937401,0.0797384334135943,0.0589527380152926,0.263132348359391,0.263824608389486,0.00395317057941097
"49",0,0.0199039912105617,0.0227535438437118,0.0637228829017216,0.224620987935692,0.0790660505205442,0.0586781038254159,0.264066980533279,0.263236729053012,0.00395073017606237
"50",0,0.0203607785131549,0.0226924871274873,0.0649120709735863,0.223666975890363,0.0784306728149027,0.0584174358379016,0.264931475430928,0.262640096547143,0.00394800686453332
"51",0,0.020816591949541,0.0226323503440487,0.0660981076083633,0.222742976518194,0.0778296875953211,0.0581696326677039,0.265729484594455,0.262036144089577,0.00394502463279548
"52",0,0.0212714416079389,0.0225730617527181,0.0672810372551221,0.221847593812501,0.077260673711803,0.0579337032133506,0.26646439071055,0.26142629440575,0.0039418035302668
"53",0,0.0217253371558099,0.022514589390518,0.0684609026879289,0.220979476401089,0.0767213940752878,0.0577087332959495,0.2671394112944,0.260811793549419,0.00393836214959756
"54",0,0.0221782878637043,0.0224568988177715,0.0696377448760563,0.22013734182454,0.0762097801228441,0.0574938815333671,0.267757592467139,0.260193754903539,0.00393471759103821
"55",0,0.0226303026243785,0.0223999581677954,0.07081160311882,0.219319963175488,0.0757239188355409,0.0572883747189037,0.268321821225637,0.259573172447512,0.00393088568592543
"56",0,0.023081389969562,0.0223437373965019,0.0719825151410907,0.218526167554456,0.0752620402648828,0.0570915019635256,0.268834834147337,0.258950932441157,0.00392688112148758
"57",0,0.023531558086026,0.022288207938163,0.0731505171707667,0.217754833702184,0.0748225060372232,0.0569026096160193,0.269299225606775,0.258327824300657,0.00392271754218551
"58",0,0.0239808148308576,0.0222333426111701,0.0743156440113085,0.217004890111216,0.074403798817204,0.0567210964692183,0.269717455503516,0.257704550010596,0.00391840763491346
"59",0,0.0244291677461398,0.0221791155020948,0.0754779291081964,0.216275313328946,0.0740045126551196,0.0565464093673648,0.270091856503184,0.257081732586428,0.003913963202527
"60",0,0.0248766240730918,0.0221255018848466,0.076637404611153,0.215565126324435,0.0736233441581244,0.0563780391826195,0.270424640861435,0.25645992367525,0.0039093952290452
"61",0,0.0253588402025937,0.022071552504984,0.0777940529247118,0.214862648617766,0.0732564139851496,0.0562133172769569,0.270708577143628,0.255829938777032,0.00390465856717841
"62",0,0.0258400831042345,0.0220181133211228,0.0789479007854307,0.214178217571057,0.0729052138480042,0.0560539987236022,0.270954766186615,0.255201902934565,0.00389980352536863
"63",0,0.0263203599001354,0.0219652725696719,0.0800989795538514,0.213510851752275,0.0725687310545134,0.0558996782630186,0.271165200301205,0.254576082911099,0.00389484369423045
"64",0,0.0267996774330934,0.0219129685023154,0.0812473173546267,0.212859688778368,0.0722460117071896,0.0557500034555318,0.271341679365156,0.253952864368443,0.0038897890352763
"65",0,0.027278042260509,0.0218611831686036,0.0823929413717254,0.212223901327806,0.0719361664312548,0.0556046432701434,0.271485923184235,0.253332550309361,0.0038846486763626
"66",0,0.0277554606779143,0.0218098949825076,0.0835358776579116,0.211602721925153,0.07163836559482,0.0554632894534462,0.271599558613412,0.252715400280892,0.00387943081394369
"67",0,0.0282319387361021,0.0217590844957736,0.0846761512467738,0.210995426412542,0.0713518361110997,0.0553256566550401,0.27168412815866,0.252101635262661,0.0038741429213477
"68",0,0.0287074822550307,0.0217087335754326,0.0858137862216516,0.210401331081324,0.0710758577051668,0.0551914806639776,0.271741094742829,0.251491441908752,0.00386879184583538
"69",0,0.029182096836598,0.0216588250604691,0.0869488057665703,0.209819789207553,0.0708097592829092,0.0550605170579142,0.271771846190049,0.250884976716078,0.00386338388185972
"70",0,0.029655787876265,0.0216093426900407,0.0880812322134142,0.209250188417618,0.0705529154920299,0.0549325397582274,0.271777699404391,0.250282369319526,0.00385792482848815
"71",0,0.0301285605738554,0.0215602710053877,0.0892110870839595,0.208691948505328,0.0703047434846613,0.0548073396637287,0.27175990423562,0.249683725411512,0.00385242003594722
"72",0,0.0306004199436584,0.0215115952885869,0.0903383911286969,0.208144519518652,0.0700646998973761,0.0546847233641865,0.271719647100071,0.249089129313804,0.00384687444496869
"73",0,0.0311072709747064,0.021462374359652,0.091463115776066,0.207596694762934,0.0698296489185991,0.0545623070765555,0.271648402595451,0.248488949228192,0.00384123630784382
"74",0,0.0316131278883592,0.0214134642320662,0.0925852773134512,0.207059131439246,0.0696016817041427,0.054442115330996,0.27155669305416,0.247892957743601,0.00383555129397866
"75",0,0.03211799574346,0.0213649628931025,0.093704897163209,0.206531227139341,0.0693803873033846,0.0543239873347052,0.271445639177338,0.247301075083393,0.00382982816206643
"76",0,0.0326218794263685,0.0213168164524726,0.0948219939236035,0.206012482320734,0.0691653684804514,0.0542077959887045,0.271316212601509,0.246713378532686,0.00382407227347123
"77",0,0.0331247836384838,0.0212690150624991,0.0959365856768361,0.205502417053009,0.068956251275891,0.0540934173987411,0.271169348589007,0.24612989285461,0.00381828845092288
"78",0,0.0336267129164857,0.0212215448039597,0.0970486897756786,0.205000596208478,0.0687526835409474,0.0539807338915925,0.271005930344389,0.245550627663857,0.00381248085461169
"79",0,0.0341276716456278,0.0211743935951632,0.0981583229397682,0.204506613131905,0.0685543347627878,0.0538696355518694,0.270826795549475,0.244975579644892,0.00380665317851209
"80",0,0.0346276640696793,0.0211275503560064,0.0992655013080948,0.2040200871883,0.068360895088054,0.0537600197266779,0.270632739056639,0.244404734473838,0.00380080873271012
"81",0,0.0351266942997891,0.0210810046764592,0.100370240474116,0.203540660723343,0.0681720742075491,0.0536517908349401,0.270424515416508,0.243838068864802,0.0037949505024932
"82",0,0.0356247663222629,0.0210347467558129,0.101472555517689,0.203067996887566,0.0679876002184152,0.0535448599770379,0.270202841201212,0.243275551927859,0.00378908119214611
"83",0,0.0361218840056134,0.0209887673155254,0.102572461032432,0.202601777927718,0.0678072184933635,0.0534391445303841,0.269968397112086,0.242717146324383,0.00378320325849433
"84",0,0.0366180511070247,0.0209430575489728,0.103669971150459,0.202141703756769,0.0676306905911892,0.0533345677405447,0.269721829936101,0.242162809231019,0.00377731893792121
"85",0,0.0371534850882301,0.0208965747111366,0.104765045359368,0.201675604571568,0.0674548791452218,0.0532285907177928,0.269452779172832,0.241601674475102,0.00377136675874844
"86",0,0.0376878731938252,0.0208502804174152,0.105857693539716,0.201215611915926,0.0672824118278292,0.0531235978112223,0.26917259553448,0.241044540473086,0.00376539528649913
"87",0,0.0382212194048014,0.0208042912013768,0.106947931678942,0.200761323374629,0.0671131269293259,0.0530195188517327,0.268881952481999,0.240491224346884,0.00375941173030835
"88",0,0.0387535275929486,0.0207585529543276,0.108035772928946,0.200312437476167,0.0669468573694392,0.0529163133750864,0.268581385036486,0.239941733640832,0.00375341962576739
"89",0,0.0392848015005163,0.0207130608023779,0.109121230186214,0.199868661960313,0.066783443026125,0.0528139367168439,0.268271415959978,0.239396027773398,0.00374742207423449
"90",0,0.03981504476014,0.0206678049947452,0.110204315836248,0.199429742442487,0.0666227305028886,0.0527123440729631,0.267952536407968,0.238854059395335,0.00374142158722414
"91",0,0.0403442609064485,0.0206227775940652,0.111285041848598,0.198995444641365,0.0664645742219518,0.052611492781575,0.267625211908184,0.238315775798633,0.00373542029917916
"92",0,0.0408724533838207,0.0205779715352216,0.112363419822567,0.198565552185928,0.0663088365213755,0.0525113422813336,0.26728988403768,0.237781120181175,0.00372942005089848
"93",0,0.0413996255530347,0.0205333802664686,0.113439461014119,0.198139863736536,0.0661553875018251,0.0524118543705652,0.266946971991514,0.237250033118548,0.00372342244738878
"94",0,0.0419257806967916,0.0204889976910156,0.114513176359719,0.197718191061536,0.0660041047637483,0.0523129932027531,0.26659687398834,0.236722453337138,0.00371742889895851
"95",0,0.0424509220245466,0.0204448180791046,0.115584576495567,0.197300357618117,0.0658548730748533,0.0522147252310906,0.266239968497999,0.236198318327492,0.0037114406512293
"96",0,0.0429750526768081,0.0204008360211563,0.116653671774376,0.196886197426441,0.0657075840128138,0.0521170191156627,0.265876615360334,0.235677564804152,0.00370545880825596
"97",0,0.0435414479290328,0.020355936942337,0.11772041414014,0.196462810624238,0.0655590150808636,0.0520171889125389,0.265495246728509,0.235148523997768,0.0036994156445728
"98",0,0.0441067253492801,0.0203111557443384,0.118784809770344,0.196043341517259,0.0654121058013731,0.0519178457609716,0.26510788268476,0.234622770845559,0.00369336252611381
"99",0,0.0446708884206334,0.0202666213553621,0.119846871598887,0.195627491720681,0.0652668030959911,0.0518189547137454,0.264714960373276,0.234100102504196,0.00368730621722769
"100",0,0.0452339405524077,0.0202222788624635,0.120906609681983,0.195215063931453,0.0651230400742838,0.0517205100671535,0.264316781363951,0.233580525901367,0.00368124956493766
"101",0,0.0457958850534972,0.0201781262880508,0.121964033972212,0.194805864381773,0.0649807499286468,0.0516224987828366,0.263913647874075,0.233063998700403,0.00367519501850611
"102",0,0.0463567251531126,0.0201341562281427,0.123019154034154,0.194399733857852,0.0648398662050894,0.0515249051225494,0.263505841015234,0.232550473931376,0.0036691444524895
"103",0,0.0469164640118473,0.0200903631023099,0.124071979139947,0.193996528857708,0.0647003244528758,0.0514277132943544,0.263093626612779,0.232039901134254,0.00366309939392462
"104",0,0.0474751047283867,0.0200467421346987,0.125122518311453,0.193596119530213,0.0645620627708605,0.051330907584663,0.262677256373274,0.231532227457676,0.00365706110877542
"105",0,0.0480326503450369,0.0200032889756659,0.126170780342595,0.193198386856796,0.0644250220501518,0.0512344728011922,0.262256968973324,0.231027398994244,0.00365103066099368
"106",0,0.0485891038520562,0.0199599996440611,0.127216773818665,0.19280322085429,0.064289146069349,0.0511383944184756,0.261832991003043,0.230525361386438,0.0036450089536224
"107",0,0.0491444681912813,0.0199168704379419,0.128260507130955,0.192410519308055,0.0641543814873487,0.0510426586569908,0.261405537747406,0.230026060281938,0.00363899675808335
"108",0,0.0496987462592413,0.0198738978893098,0.129301988489021,0.192020186808993,0.0640206777843159,0.0509472525112454,0.26097481387888,0.229529441642809,0.00363299473618563
"109",0,0.0502981710196071,0.0198298966828649,0.13034116398658,0.191618543956347,0.0638846603473592,0.0508493225617838,0.260528229760544,0.22902308197286,0.00362692971205391
"110",0,0.0508963899818936,0.019785971437197,0.131378037604319,0.191219680662383,0.0637495190635028,0.0507516792844298,0.260078530725093,0.228519334893352,0.00362085634783018
"111",0,0.0514934064832788,0.0197422618331411,0.132412620642824,0.190823348445194,0.0636152510764388,0.050654301578334,0.259626029618791,0.228017998813259,0.00361478150873884
"112",0,0.0520892238059133,0.0196987110921225,0.133444921427232,0.190429402623021,0.0634818353153684,0.0505571986321813,0.259170901132816,0.227519098096146,0.00360870787519862
"113",0,0.0526838451443233,0.0196553189633953,0.134474948269537,0.190037699050082,0.0633492476243199,0.050460370670419,0.258713327939961,0.227022604604892,0.00360263773307103
"114",0,0.0532772736280446,0.019612079289895,0.135502709159076,0.189648127273577,0.0632174612683314,0.0503638140310274,0.258253476904188,0.226528485667824,0.00359657277803691
"115",0,0.0538695123330423,0.0195689877924172,0.136528211860938,0.189260590552811,0.0630864488883612,0.0502675240630443,0.257791505002464,0.226036705148526,0.00359051435839541
"116",0,0.0544605642881638,0.0195260409745027,0.13755146395698,0.188875003815107,0.0629561832678133,0.0501714953349548,0.257327560245474,0.225547224550875,0.00358446356612873
"117",0,0.0550504324802882,0.0194832357236992,0.138572472865955,0.188491290790711,0.0628266377602567,0.050075722170904,0.256861782535152,0.225060004374278,0.00357842129875636
"118",0,0.0556391198581513,0.0194405692527836,0.139591245860549,0.188109382236188,0.0626977865481348,0.0499801988637352,0.256394304381461,0.224575004697004,0.00357238830199258
"119",0,0.0562266293354173,0.0193980390074875,0.140607790079598,0.187729214717419,0.0625696047811498,0.0498849198129223,0.255925251460497,0.224092185605714,0.00356636519979594
"120",0,0.0568129637932141,0.0193556426211137,0.141622112537907,0.187350729710939,0.062442068649268,0.0497898796039413,0.255454743091945,0.223611507474989,0.00356035251668247
"121",0,0.0574470525125244,0.0193121299357318,0.142634154736404,0.186959501428836,0.0623116372504278,0.0496920627552283,0.254969328148437,0.223119860922487,0.00355427230992338
"122",0,0.0580798341087445,0.0192686683100161,0.143643919350845,0.186570468258509,0.0621817097112767,0.0495944547167618,0.254482445920067,0.222630317104986,0.00354818251879448
"123",0,0.0587113119920598,0.0192254065929207,0.144651416857337,0.186183403847992,0.0620523076705734,0.0494970397264099,0.253994343923193,0.22214267907222,0.00354209031729426
"124",0,0.0593414895267136,0.0191822857733093,0.145656654639541,0.185798189304959,0.0619234319359441,0.0493998337894216,0.25350512670267,0.221656989891537,0.0035359984359049
"125",0,0.0599703699925923,0.0191393066461419,0.146659640122775,0.185414704736162,0.0617950786411334,0.0493028429471864,0.253014911150254,0.221173236563531,0.00352990920022434
"126",0,0.0605979566104544,0.0190964636875084,0.147660380442882,0.185032864264248,0.061667239877954,0.0492060687237523,0.252523800976009,0.220691401098378,0.00352382431881493
"127",0,0.0612242525542533,0.0190537533235715,0.148658882548418,0.184652594956326,0.0615399058457635,0.0491095112179987,0.252031892840828,0.220211461571793,0.00351774514104839
"128",0,0.0618492609578087,0.0190111727649556,0.149655153241764,0.18427383473872,0.0614130657419399,0.0490131693509157,0.25153927716223,0.219733393288544,0.0035116727531225
"129",0,0.0624729849200161,0.0189687195888301,0.150649199198333,0.183896529436089,0.0612867082870046,0.0489170414583138,0.25104603886538,0.21925717020286,0.00350560804317288
"130",0,0.0630954275085713,0.0189263916782182,0.151641026982601,0.183520630963193,0.0611608220662159,0.0488211255391368,0.250552257991867,0.218782765524179,0.00349955174601772
"131",0,0.0637165917628645,0.0188841871261239,0.152630643059106,0.183146096105515,0.0610353957392487,0.0487254194227318,0.250058010147582,0.218310152162297,0.00349350447453211
"132",0,0.0643364806962887,0.0188421041891746,0.153618053801027,0.182772885633907,0.0609104181765063,0.0486299208725547,0.249563366872247,0.217839303015464,0.00348746674283047
"133",0,0.0650074959612711,0.0187988077481759,0.154603195615312,0.182385575308932,0.060782111136202,0.0485314001371472,0.249053850156008,0.217356209252308,0.003481354684644
"134",0,0.0656770878716179,0.0187555459480789,0.155586070317299,0.182000182438952,0.0606541273772246,0.0484330617298848,0.248543823879273,0.216874869866926,0.00347523057074397
"135",0,0.0663452600703917,0.0187124787402961,0.156566688104497,0.181616484948229,0.0605265021368506,0.0483348915090182,0.248033504842268,0.216395087554762,0.00346910209368822
"136",0,0.0670120161576848,0.0186695435954477,0.157545055897597,0.181234374297833,0.0603992475863198,0.0482369093179821,0.247522958294789,0.215916922684946,0.00346297216740083
"137",0,0.0676773596453187,0.018626742014453,0.158521180695943,0.18085374011094,0.0602723702222829,0.0481391241062247,0.247012264955546,0.215440374971153,0.00345684327813864
"138",0,0.0683412939857579,0.0185840686839637,0.159495069220437,0.180474507552364,0.0601458715907907,0.0480415398138198,0.246501493417101,0.214965438483087,0.00345071725267839
"139",0,0.0690038225859663,0.0185415203584001,0.160466728021897,0.180096614803725,0.0600197506239917,0.0479441586914114,0.245990706655165,0.214492102723864,0.00344459553558045
"140",0,0.069664948814728,0.0184990946049871,0.161436163523654,0.179720010870756,0.0598940046307433,0.047846981576422,0.245479962798242,0.214020353888486,0.00343847929198131
"141",0,0.0703246760082894,0.0184567893596398,0.16240338204087,0.179344652448522,0.0597686298922128,0.0477500085386591,0.24496931584674,0.213550176387771,0.00343236947729579
"142",0,0.0709830074742929,0.0184146028628044,0.163368389796501,0.178970502023124,0.0596436220590049,0.0476532391558771,0.244458816242789,0.213081553500555,0.00342626688505157
"143",0,0.071639946494766,0.0183725335579145,0.164331192931929,0.178597526602215,0.0595189764049753,0.0475566727019708,0.243948511271353,0.212614467854509,0.00342017218036772
"144",0,0.0722954963284498,0.0183305800427709,0.165291797515056,0.178225696801925,0.0593946880006129,0.0474603082664144,0.243438445381077,0.21214890173905,0.00341408592464375
"145",0,0.0730070972227856,0.0182872824262406,0.166250133108944,0.177838116134844,0.0592666213457227,0.0473606032777394,0.242912707499398,0.211669523175603,0.00340791580872254
"146",0,0.0737171385669898,0.0182440064983729,0.167206200850174,0.177452357961576,0.0591387880867824,0.047261076040183,0.242387023194644,0.211191678420977,0.00340173038030126
"147",0,0.0744256243821735,0.0182009278470793,0.168160011076926,0.177068190740496,0.0590112330244295,0.047161712167539,0.241861601103248,0.210715161541036,0.0033955381170731
"148",0,0.0751325586449383,0.0181579783777946,0.169111570558914,0.176685506244416,0.05888397527994,0.0470625345956578,0.24133648440513,0.210240049656738,0.00338934223647149
"149",0,0.0758379452328771,0.0181151601580509,0.170060886174203,0.176304193886023,0.0587570274213202,0.0469635542012574,0.240811734608449,0.209766352827302,0.00338314549051752
"150",0,0.0765417879588456,0.018072467750431,0.171007964515913,0.175924181534448,0.058630396282814,0.0468647762961446,0.240287401092459,0.209294074661755,0.00337694990719022
"151",0,0.0772440905871959,0.0180298979726093,0.171952812010394,0.175545410851463,0.0585040855404274,0.0467662042672661,0.23976352822451,0.208823213450558,0.00337075709557688
"152",0,0.0779448568422462,0.0179874485148884,0.172895434962961,0.175167834909153,0.0583780968160489,0.046667839884655,0.239240156149259,0.208353763562155,0.00336456835863508
"153",0,0.0786440904147514,0.0179451174566339,0.173835839578274,0.17479141477205,0.0582524303461313,0.0465696840140487,0.23871732152867,0.207885717119745,0.00335838476969538
"154",0,0.0793417949663521,0.0179029031964127,0.174774031977076,0.17441611743745,0.0581270854320964,0.046471736923158,0.238195058119613,0.207419064722904,0.00335220722493733
"155",0,0.0800379741329069,0.0178608043414779,0.175710018207121,0.174041914463952,0.0580020607326986,0.0463739984919863,0.23767339716833,0.206953795981438,0.00334603648008977
"156",0,0.0807326315270477,0.0178188196551529,0.176643804251356,0.173668780990158,0.0578773544673755,0.0462764683474667,0.237152367718902,0.206489899865067,0.00333987317747553
"157",0,0.081486146210335,0.0177754179552778,0.177575315851916,0.173278956658483,0.0577486212582589,0.0461754195914513,0.236615226156161,0.206011276383105,0.00333361993501271
"158",0,0.0822379510348248,0.0177320322998189,0.178504553849602,0.172890927000999,0.0576200830381152,0.0460745553361798,0.236078490781434,0.205534057499953,0.00332734915907381
"159",0,0.0829880504918826,0.0176888472626361,0.179431528757711,0.172504454220072,0.0574917897810787,0.0459738607821293,0.235542365951879,0.205058032911911,0.00332106984070093
"160",0,0.0837364490250947,0.0176457915060103,0.180356247351123,0.172119429359846,0.0573637642554701,0.0458733604719539,0.235006882123543,0.204583290491644,0.00331478541531436
"161",0,0.0844831509677026,0.0176028674177229,0.181278716529851,0.171735740979143,0.0572360221796821,0.045773066203269,0.234472089752064,0.204109847142263,0.00330849882830311
"162",0,0.0852281605817431,0.0175600694724655,0.182198942904353,0.17135331786577,0.0571085731008722,0.0456729838955185,0.233938027106449,0.203637712813637,0.00330221225919141
"163",0,0.0859714820764752,0.0175173945125743,0.183116932919615,0.170972103119055,0.0569814231075333,0.0455731174142467,0.233404727761532,0.203166891644952,0.00329592744401558
"164",0,0.0867131196179495,0.0174748402877007,0.184032692902694,0.170592051646714,0.0568545760000319,0.0454734688976157,0.232872221401936,0.202697383451058,0.00328964579430003
"165",0,0.0874530773362895,0.0174324049493294,0.184946229083774,0.170213126572827,0.0567280340013335,0.0453740395079756,0.232340534578793,0.202229185491792,0.00328336847788591
"166",0,0.0881913593306652,0.0173900869773454,0.185857547613381,0.169835297077858,0.0566017982379205,0.0452748297557093,0.231809691295416,0.201762293237295,0.00327709647440953
"167",0,0.0889279696729921,0.0173478850642493,0.186766654573521,0.169458536962463,0.0564758690540023,0.0451758397221348,0.231279713400866,0.201296700935645,0.00327083061412589
"168",0,0.0896629124107464,0.0173057980601444,0.18767355598594,0.169082823622122,0.0563502462316661,0.045077069202647,0.230750620893767,0.200832401986434,0.00326457160653378
"169",0,0.0904601439964436,0.0172622074983022,0.188578173057472,0.168689340696387,0.0562203266571147,0.0449745671032274,0.23020467069781,0.200352354387211,0.00325821590603219
"170",0,0.0912554983451312,0.0172186285976912,0.189480506399216,0.168297682483775,0.0560905864536896,0.0448722604436401,0.229659349920059,0.199873646789258,0.00325184056753941
"171",0,0.0920489805257845,0.0171752567702279,0.190380566862735,0.167907600532352,0.0559610800158475,0.0447701335714331,0.229114866162093,0.199396060380661,0.00324545517886562
"172",0,0.0928405955542674,0.0171320166276928,0.19127836134891,0.167518982139257,0.0558318327970556,0.0446682126383552,0.228571242585361,0.198919692890811,0.0032390634182908
"173",0,0.0936303483210268,0.0170889108416348,0.192173896898621,0.167131712049417,0.0557028627034615,0.0445665102485989,0.228028524017361,0.19844456647442,0.00323266844545917
"174",0,0.0944182436361911,0.0170459336806064,0.193067180252398,0.16674571750041,0.0555741810361693,0.0444650327710238,0.227486742698875,0.197970695819342,0.00322627260498498
"175",0,0.0952042862507094,0.0170030819203034,0.1939582179818,0.166360940780608,0.0554457953640917,0.0443637843858479,0.226945926241478,0.197498089305786,0.00321987776937585
"176",0,0.0959884808673033,0.0169603532896674,0.194847016539374,0.165977336577642,0.0553177107689121,0.0442627674319286,0.226406098463217,0.197026750596588,0.00321348546536751
"177",0,0.0967708321487823,0.0169177459384136,0.195733582280704,0.16559486817288,0.0551899306013349,0.0441619832040177,0.225867280178506,0.196556680515516,0.00320709695984635
"178",0,0.0975513447236998,0.0168752583592292,0.196617921482383,0.165213505156744,0.0550624569939547,0.0440614322965403,0.225329489806187,0.196087877862416,0.00320071331884646
"179",0,0.0983300231905441,0.0168328892654951,0.197500040353579,0.164833221910731,0.0549352911972999,0.0439611148404888,0.224792743774177,0.195620340018835,0.00319433544884935
"180",0,0.0991068721209154,0.0167906375332707,0.198379945044563,0.164453996525119,0.0548084338160479,0.0438610306557259,0.224257056829357,0.195154063347755,0.0031879641272452
"181",0,0.0999524472365911,0.0167467213975721,0.19925754833313,0.164055064927222,0.0546768054311996,0.0437568173346079,0.223702854034297,0.194670256650087,0.00318148465529273
"182",0,0.10079594839431,0.0167028094602904,0.200132850439294,0.163658058544466,0.0545453478768028,0.043652811764552,0.223149417606111,0.194187773502462,0.0031749824117108
"183",0,0.101637381409809,0.0166591171438178,0.201005862872173,0.163262705946259,0.0544141219643456,0.04354899659802,0.222596970841195,0.193706375208332,0.00316846801604832
"184",0,0.102476752036741,0.0166155614464819,0.20187659279122,0.16286888469475,0.0542831564969536,0.0434454007516284,0.222045533179366,0.193226173058193,0.00316194554466662
"185",0,0.103314065879375,0.016572145437355,0.202745047516724,0.162476469652655,0.0541524719119603,0.0433420381561997,0.221495148333491,0.192747194608031,0.00315541850420897
"186",0,0.104149328446926,0.0165288628948095,0.203611234042932,0.162085382457414,0.0540220813293916,0.0432389158633785,0.22094584633976,0.19226945912548,0.00314888949990701
"187",0,0.104982545178917,0.0164857103628262,0.204475159182982,0.161695561264454,0.0538919937174001,0.043136038504193,0.220397652363076,0.191792978810946,0.00314236061520607
"188",0,0.105813721458303,0.0164426854294426,0.205336829623611,0.161306957822977,0.0537622152682454,0.0430334086730306,0.219850587606747,0.191317760566358,0.0031358335512841
"189",0,0.106642862621423,0.0163997861426363,0.206196251949264,0.160919533277962,0.0536327502336696,0.0429310278077023,0.219304670176204,0.190843808069126,0.00312930972201145
"190",0,0.107469973964744,0.0163570109245073,0.207053432661696,0.160533255653627,0.0535036014920748,0.0428288965689305,0.218759915741313,0.190371122673957,0.00312279031915137
"191",0,0.108295060749847,0.016314358436809,0.207908378192531,0.160148098182366,0.0533747709205933,0.0427270151020285,0.218216337974287,0.189899704083542,0.0031162763579968
"192",0,0.109118128207198,0.0162718275172336,0.208761094912484,0.159764038114618,0.0532462596570048,0.0426253832052079,0.217673948883266,0.189429550791959,0.00310976871102782
"193",0,0.110011750377988,0.0162275890786608,0.209611493339904,0.159359708003908,0.0531128412504787,0.0425195101252935,0.217112618039132,0.188941340803754,0.00310314898088069
"194",0,0.110903087770025,0.0161833563402962,0.210459573773508,0.158957371703871,0.0529796025462884,0.0424138613291812,0.216552172306844,0.188454468792799,0.00309650543718814
"195",0,0.11179214702099,0.0161393506018928,0.21130534810911,0.158556750343831,0.0528466065077844,0.0423084187936535,0.215992839082561,0.187968690445017,0.00308984909516087
"196",0,0.112678934698211,0.0160954865523907,0.212148823771845,0.158157717748508,0.0527138830907954,0.0422032122227122,0.215434635497235,0.187484122209306,0.00308318420899728
"197",0,0.113563457200811,0.0160517673703862,0.212990008353419,0.157760145269101,0.0525814536078997,0.0420982558648526,0.214877603834514,0.187000794055555,0.00307651444346083
"198",0,0.114445720820733,0.0160081866641727,0.213828909110584,0.157363952421653,0.0524493318195608,0.0419935568931206,0.214321772348341,0.186518727392984,0.00306984252885073
"199",0,0.115325731771171,0.015964740891571,0.214665533114468,0.156969075762944,0.0523175271885399,0.0418891199863952,0.213767164358542,0.186037936272873,0.00306317065349544
"200",0,0.116203496201316,0.0159214275812685,0.215499887306687,0.156575465866413,0.0521860462995078,0.0417849477260473,0.213213799184924,0.185558429225847,0.00305650060798946
"201",0,0.117079020207521,0.0158782447348617,0.216331978524135,0.15618308299033,0.0520548937205708,0.0416810415021825,0.212661693037482,0.18508021139939,0.00304983388352665
"202",0,0.11795230984088,0.0158351907381737,0.217161813519116,0.155791894481506,0.0519240725888164,0.0415774019045069,0.212110859697735,0.184603285489773,0.00304317173949268
"203",0,0.118823371112822,0.0157922642230271,0.217989398972233,0.155401873050117,0.05179358499483,0.041474028991975,0.211561310968459,0.184127652435703,0.00303651525083302
"204",0,0.119692209999346,0.0157494640016973,0.218814741501849,0.155012995540956,0.0516634322536488,0.041370922466242,0.211013057015634,0.1836533118776,0.00302986534302612
"205",0,0.120637909946848,0.015704800942396,0.219637743486902,0.15460196919514,0.0515279168933823,0.0412631850813384,0.210444167878222,0.183159214124122,0.00302309245164943
"206",0,0.12158108080327,0.0156601386710074,0.220458404968682,0.154193071459255,0.0513925857361218,0.0411556876417352,0.209876241622208,0.1826664959175,0.00301629318022055
"207",0,0.122521730243682,0.0156157180686463,0.221276738611729,0.153785999776035,0.0512575075642439,0.0410484103352718,0.209309524240091,0.182174891598031,0.00300947956227003
"208",0,0.123459865860107,0.0155714462896638,0.222092752215056,0.153380617211146,0.0511227151451739,0.0409413855153918,0.208744032020116,0.181684529504261,0.0030026562390839
"209",0,0.124395495044904,0.0155273268583442,0.222906453762363,0.152976784329808,0.0509882318213629,0.0408346286583272,0.208179808875902,0.181195443436351,0.00299582721263742
"210",0,0.12532862506344,0.0154833528523663,0.223717850874591,0.152574414127307,0.0508540727071536,0.0407281475367857,0.207616883487845,0.180707657885889,0.0029889954646228
"211",0,0.12625926308786,0.0154395204561955,0.224526950972728,0.152173438133041,0.0507202482285483,0.0406219472049281,0.207055279249414,0.180221189281775,0.00298216338551041
"212",0,0.1271874162146,0.0153958270151589,0.225333761338646,0.151773803113411,0.0505867656709129,0.0405160304311966,0.206495015278802,0.179736048005422,0.00297533293185185
"213",0,0.12811309147763,0.0153522703874518,0.226138289141977,0.15137546634971,0.0504536301171138,0.0404103986859115,0.205936107387324,0.179252240719293,0.00296850573359075
"214",0,0.129036295857442,0.0153088488474354,0.226940541461922,0.150978392811124,0.0503208450853816,0.040305052567039,0.205378568819063,0.178769771382774,0.00296168316781958
"215",0,0.129957036287678,0.0152655609354226,0.227740525301187,0.15058255327662,0.0501884129482046,0.0401999920940178,0.2048224107379,0.178288642008512,0.00295486641045891
"216",0,0.13087531966013,0.0152224053864983,0.228538247596192,0.150187922998131,0.0500563352275601,0.0400952168967395,0.204267642597071,0.177808853163269,0.00294805647440879
"217",0,0.131873850841795,0.0151773060815873,0.229333606485408,0.149770132013812,0.0499186513239546,0.0399856018142983,0.203691338262224,0.177308395829744,0.00294111734717709
"218",0,0.132869584757513,0.0151322085549382,0.230126602062024,0.149354585264588,0.049781165979079,0.0398762456131302,0.203116079396844,0.176809377818911,0.00293415055297381
"219",0,0.133862530266273,0.0150873643554035,0.230917247601515,0.148940966223747,0.0496439512534265,0.0397671273659709,0.202542122824314,0.176311521356402,0.00292716875294739
"220",0,0.134852696130734,0.0150426764429238,0.231705551294026,0.148529130946692,0.0495070414742048,0.0396582808508429,0.201969484448655,0.17581496156611,0.00292017684581296
"221",0,0.135840090884144,0.0149981485026151,0.232491521522814,0.148118933219931,0.0493704610898604,0.0395497221539672,0.201398209189429,0.17531973437775,0.00291317905948935
"222",0,0.136824722913462,0.0149537732815494,0.233275166291053,0.147710281720702,0.0492342259345452,0.039441459308883,0.200828326005714,0.174825865995707,0.00290617854838471
"223",0,0.137806600497923,0.0149095467812756,0.234056493392379,0.147303104572373,0.049098346926495,0.039333497503499,0.200259858341289,0.174333374140617,0.00289917784414981
"224",0,0.138785731829081,0.0148654662143358,0.234835510474354,0.146897345879386,0.0489628316899338,0.039225839534476,0.199692825183027,0.173842270174558,0.00289217902084925
"225",0,0.139762125025967,0.0148215293299131,0.235612225066584,0.146492960775153,0.0488276855374265,0.0391184868408242,0.199127242077814,0.173352561538527,0.00288518380778998
"226",0,0.140735788145371,0.014777734312268,0.236386644603526,0.146089912458048,0.0486929121382214,0.0390114399495192,0.198563121908319,0.172864252817596,0.00287819366713055
"227",0,0.141706729189433,0.0147340796237873,0.237158776439057,0.145688170221044,0.0485585139573408,0.0389046987831221,0.198000475403729,0.172377346534183,0.00287120984830384
"228",0,0.14267495611137,0.0146905639305576,0.237928627857152,0.145287708049166,0.0484244925651642,0.0387982628576148,0.197439311527098,0.171891843673653,0.00286423342822412
