"","Alive","Death","ODN","ODF","REL","BUP","BUPC","MET","METC","ABS"
"0",0,0,0,0,0,1,0,0,0,0
"1",0,0.000324118255991102,0.0217811040597292,0.00167217502579677,0.156047949238441,0.601718987817162,0.196168560030143,0.00891675279673444,0.00891675279673444,0.00445359997926831
"2",0,0.000685712169618435,0.1514512619926,0.0132993642277282,0.156972729778685,0.505381947594514,0.133410054164656,0.0108721313429284,0.0221655657724659,0.00576123295680417
"3",0,0.00107183820139067,0.176635060087725,0.0268599594734441,0.199248279229009,0.426165732439095,0.116437265157656,0.0142991448805384,0.0328101149121102,0.00647260561903137
"4",0,0.0014681130972346,0.173694333350788,0.0401947897719969,0.244224392545624,0.369239328920003,0.101657852287414,0.0178849895362771,0.0447973865199751,0.00683881397068673
"5",0,0.0018690932076193,0.190821078901845,0.0548444715172494,0.256031903827959,0.32445999379833,0.0897623669947493,0.0215851069503185,0.0536080412317524,0.00701794357017801
"6",0,0.00227151194298436,0.195625605112814,0.0698630054895854,0.269879719325008,0.288349574929068,0.0802546373513502,0.025168391166184,0.0615104904806706,0.00707706420233483
"7",0,0.00267301556570287,0.194937910512429,0.0848287438950399,0.281943688016875,0.258649455423794,0.0726045960302883,0.0286835996418161,0.0686197754304831,0.00705921548357142
"8",0,0.003072039191234,0.196664655314867,0.0999270476436764,0.286856783867999,0.233753613993731,0.0662029385615089,0.0320726567005222,0.0744585401576292,0.00699172456883293
"9",0,0.00346751068146822,0.196027306737755,0.114976420981327,0.290386166130369,0.212631694631369,0.0608650470960272,0.0352948532203966,0.0794598905003139,0.00689111002097465
"10",0,0.00385863077827631,0.193994212129605,0.129869709943295,0.292495013256919,0.194537702363083,0.0563754640420228,0.0383526670185869,0.0837475758682696,0.00676902459994206
"11",0,0.00424483742654436,0.191968685946232,0.144607495571335,0.292557735249761,0.178890541310722,0.0525354643363912,0.0412370657741409,0.0873246058450754,0.00663356853979799
"12",0,0.00462573773688291,0.189306447908077,0.159140896336793,0.29167467098124,0.165259533008421,0.0492339687775211,0.0439433664106539,0.0903252199809432,0.0064901588594696
"13",0,0.00502118092374526,0.186204362671973,0.173436144369245,0.29001531846836,0.153306003503631,0.0463723865649261,0.0464746412197549,0.0928273267391287,0.00634263553923613
"14",0,0.00541053634814492,0.18295168874086,0.187481678700327,0.287611858411128,0.142762606548118,0.0438690982155968,0.0488349746273155,0.0948837791647054,0.00619377924380363
"15",0,0.0057936847131963,0.179496730907714,0.201261969626488,0.284734189621829,0.133414140005597,0.0416653596709964,0.0510291224531255,0.0965593234813772,0.00604547951967763
"16",0,0.00617056214521405,0.175904709196337,0.214766494504177,0.281492486612061,0.125085683380515,0.0397125872435585,0.0530636810365836,0.0979047334723326,0.00589906240922108
"17",0,0.00654114868126732,0.172250225568701,0.227990458018331,0.277952720256184,0.117632940924786,0.0379706726334746,0.054945445743081,0.098960949023776,0.00575543915039941
"18",0,0.00690545833032608,0.168549113730468,0.240930280436303,0.274206997336472,0.110936708225762,0.0364081136460986,0.0566815161078344,0.0997666000732384,0.0056152121134973
"19",0,0.00726353116131484,0.164829684599744,0.25358455550619,0.270313369831599,0.104897481310281,0.0349989110850299,0.0582792693080034,0.100354430167391,0.00547876703044618
"20",0,0.00761542760595102,0.161118516604351,0.265953917450397,0.266314440918126,0.0994315042189769,0.0337214891681689,0.0597460189643195,0.100752353834712,0.00534633123499757
"21",0,0.00796122381365727,0.157429877396022,0.278040095844935,0.262250610357677,0.094467972596042,0.0325581222820857,0.0610889664331997,0.100985115252117,0.005218016024264
"22",0,0.00830100793869781,0.153777334101903,0.289845861838874,0.258152024736859,0.0899466488386989,0.0314939818949516,0.0623151571609082,0.101074133124553,0.00509385036455364
"23",0,0.00863487726373735,0.150172265862974,0.301374860178663,0.25404222983618,0.0858159962032622,0.0305165876503428,0.0634313996653209,0.101037978920488,0.0049738044190317
"24",0,0.00896293587762453,0.146622489155461,0.312631335695862,0.249941115028094,0.082031730851367,0.029615422415221,0.0644442399017051,0.100892924202363,0.00485780687230274
"25",0,0.00930650723977988,0.143129192289203,0.323619624450746,0.245855289699595,0.0785538040521025,0.02878080473268,0.0653584492897526,0.100650606135081,0.00474572211105998
"26",0,0.00964411050086444,0.139702882955952,0.334344869198218,0.241806573587855,0.0753509918146998,0.0280058377394056,0.0661814089828297,0.100325859814552,0.0046374654056241
"27",0,0.00997586840962716,0.13634693423639,0.34481247165073,0.23780497903651,0.0723944500307291,0.0272839826538623,0.066918807805054,0.0999295990658182,0.0045329071112785
"28",0,0.0103019050317948,0.133063887294136,0.355028028610493,0.233858280610368,0.0696589823716737,0.026609594110513,0.0675760366459302,0.0994713739972915,0.00443191132779987
"29",0,0.0106223449231895,0.129855456701849,0.364997268510583,0.229972555826307,0.0671225040647137,0.0259777789547205,0.0681581939617524,0.0989595574699381,0.00433433958694572
"30",0,0.0109373124600488,0.126722645771351,0.374725996810152,0.226152517027934,0.064765595630784,0.0253842804296581,0.0686700935940582,0.0984015047115413,0.00424005356447277
"31",0,0.0112469312991168,0.123665930300732,0.384220055496238,0.222401702083453,0.062571128427446,0.0248253797391208,0.0691162743278868,0.0978036812985689,0.00414891702743783
"32",0,0.011551323944557,0.120685338948828,0.393485288756069,0.218722696680192,0.0605239502965323,0.0242978161484348,0.0695010104636337,0.0971717775805187,0.00406079718123434
"33",0,0.0118506114018382,0.117780530597411,0.402527514588607,0.215117305991407,0.0586106204542918,0.0237987206500641,0.0698283234382738,0.0965108073018385,0.00397556557626748
"34",0,0.0121449129032759,0.114950873181494,0.411352502468033,0.211586682581553,0.0568191846505304,0.0233255602142943,0.0701019938141553,0.0958251915000964,0.00389309868656733
"35",0,0.0124343456926439,0.11219549798422,0.419965955175553,0.208131442491864,0.0551389839503003,0.0228760913130541,0.0703255733690839,0.0951188317817726,0.00381327824150825
"36",0,0.0127190248584096,0.109513345993155,0.428373494190059,0.20475176020517,0.0535604915067874,0.0224483208246874,0.0705023971660729,0.0943951738783466,0.00373599137731192
"37",0,0.0130210809340442,0.106898315378457,0.436580272541855,0.201438061954614,0.0520736232735533,0.0220397395625196,0.0706335444443029,0.0936542661856116,0.00366109572504296
"38",0,0.0133182381442979,0.104354362046995,0.444591746963419,0.198199717477808,0.0506722954607192,0.0216494783954236,0.0707239414488433,0.0929016990658469,0.0035885209966472
"39",0,0.0136106134811748,0.101879944343856,0.452413255831573,0.195036005364199,0.0493496209740523,0.0212761324483274,0.070776354277462,0.0921399027590679,0.00351817052028674
"40",0,0.0138983212153546,0.0994735742131961,0.460050023282384,0.1919459200558,0.0480993871236729,0.0209184333609345,0.0707933749388989,0.0913710130260364,0.00344995278372284
"41",0,0.014181472879606,0.0971336982920556,0.467507154197412,0.188928329923161,0.046915980441384,0.0205752365060529,0.0707774333706238,0.0905969132873379,0.00338378110236675
"42",0,0.0144601772646672,0.0948587277512011,0.474789631480907,0.185981988306293,0.0457943198204977,0.0202455079006587,0.0707308072407325,0.089819266872175,0.00331957336286864
"43",0,0.0147345404271304,0.0926470678323047,0.481902315604615,0.183105542291059,0.0447297976680098,0.0199283113933335,0.070655631192466,0.089039541813694,0.00325725177738706
"44",0,0.0150046657077483,0.0904971131082711,0.488849943788723,0.180297568094375,0.0437182286157261,0.019622798080353,0.0705539055905033,0.0882590343761952,0.00319674263810481
"45",0,0.0152706537582622,0.0884072576774348,0.495637129965419,0.177556587590923,0.0427558045135218,0.0193281967401118,0.0704275048971154,0.0874788887772927,0.00313797607991879
"46",0,0.0155326025753975,0.0863759052626758,0.502268365517794,0.174881081058989,0.0418390547869059,0.0190438053256419,0.0702781855214147,0.0867001141001939,0.00308088585098756
"47",0,0.0157906075406837,0.0844014728866363,0.508748020300879,0.172269502364749,0.0409648115512309,0.0187689836047429,0.0701075932019569,0.0859235994575388,0.00302540909158266
"48",0,0.0160447614649273,0.0824823958533711,0.515080344045151,0.169720289854626,0.0401301788155927,0.0185031466530397,0.0699172699604654,0.0851501272294102,0.00297148612341657
"49",0,0.0163140758032787,0.0806133219158513,0.521269175579335,0.167223812820577,0.0393312862417035,0.0182451273427015,0.0697065663291149,0.08437760250622,0.00291903146121788
"50",0,0.0165794284043671,0.0787968453059587,0.527318552896062,0.164786962895233,0.0385669223671802,0.0179950474525885,0.0694788932858058,0.0836093304831903,0.00286801690961465
"51",0,0.0168409115558137,0.0770313743942987,0.533232391795675,0.162408187213125,0.0378348647991705,0.0177524710089488,0.0692355280372968,0.0828458798264659,0.00281839136920539
"52",0,0.0170986149659688,0.0753154452641811,0.539014495690968,0.160085879239071,0.0371330670450135,0.0175169908829929,0.0689776654873287,0.0820877351192666,0.0027701063052092
"53",0,0.0173526258330149,0.0736476131824491,0.544668557079937,0.157818478302253,0.0364596438026518,0.0172882291527319,0.0687064250107346,0.0813353121484426,0.00272311548778498
"54",0,0.0176030289109088,0.0720264648682118,0.550198159960432,0.155604455856266,0.0358128564870086,0.017065835774829,0.0684228551658954,0.0805889681531485,0.00267737482329931
"55",0,0.017849906573899,0.0704506307735986,0.55560678318762,0.153442305123613,0.0351910998653401,0.0168494861062529,0.0681279381206486,0.0798490080366836,0.00263284221234474
"56",0,0.0180933388801817,0.0689187740876955,0.560897802987257,0.151330552520376,0.0345928901827637,0.0166388790310964,0.0678225937893899,0.0791156911014499,0.0025894774197899
"57",0,0.0183334036346258,0.0674295919412585,0.566074495561455,0.149267757388551,0.0340168544545161,0.0164337349858363,0.0675076837909624,0.0783892362847135,0.00254724195808152
"58",0,0.0185701764506656,0.0659818174335995,0.571140039850054,0.147252510881326,0.03346172075938,0.0162337940548674,0.0671840151176672,0.0776698264720859,0.00250609898035384
"59",0,0.0188037308112905,0.0645742178173698,0.576097520152635,0.145283438130074,0.0329263095130259,0.0160388143126167,0.0668523435633789,0.0769576125182429,0.00246601318136711
"60",0,0.0190341381290247,0.0632055943122053,0.580949928736225,0.143359198574593,0.0324095255902321,0.0158485702893602,0.0665133769401165,0.0762527167220422,0.00242695070620052
"61",0,0.0192796147567014,0.0618714732953615,0.585699914419689,0.141470747131091,0.0319092246370552,0.0156622351951118,0.0661655218606646,0.0755524164442998,0.00238885226002563
"62",0,0.0195218293342206,0.0605742901601501,0.59035031299147,0.139624917245073,0.0314255747847847,0.01548020757548,0.0658116289896816,0.074859528738766,0.00235171018037366
"63",0,0.0197608530599381,0.0593128522267116,0.594903868675806,0.137820474058275,0.0309577045116476,0.0153023180771225,0.0654522873495432,0.0741741473637466,0.00231549467720941
"64",0,0.0199967551067308,0.0580860869255985,0.599363243353824,0.136056158197128,0.0305047980161914,0.0151284020986025,0.0650880465561929,0.0734963325247903,0.00228017722094146
"65",0,0.0202296026896711,0.0568929434207397,0.603731018232056,0.134330769388198,0.0300660926122571,0.0149583023697267,0.0647194209365324,0.0728261199716128,0.00224573037920671
"66",0,0.020459461128392,0.0557324015897183,0.608009696200374,0.13264315026849,0.0296408750314254,0.0147918698620231,0.0643468916328486,0.0721635265512783,0.00221212773545056
"67",0,0.0206863939061427,0.0546034800095351,0.612201704803021,0.130992175229653,0.0292284776972799,0.0146289633868753,0.0639709086399477,0.0715085524994452,0.00217934382809977
"68",0,0.0209104627264997,0.0535052259043858,0.616309398437906,0.129376756909983,0.0288282753881199,0.0144694494558573,0.0635918927062721,0.070861184374221,0.00214735409675503
"69",0,0.0211317275679612,0.0524367151665963,0.62033506055751,0.127795843654233,0.0284396821375981,0.0143132018809062,0.0632102371854288,0.0702213970138884,0.00211613483587746
"70",0,0.0213502467367489,0.0513970531493908,0.62428090593065,0.12624841669531,0.0280621483290668,0.014160101285842,0.0628263097421213,0.0695891549777786,0.00208566315309096
"71",0,0.0215660769179363,0.0503853725609973,0.628149082742575,0.124733490213106,0.0276951580417507,0.0140100346922005,0.0624404539454966,0.0689644139553759,0.0020559169305621
"72",0,0.0217792732249756,0.0494008327646531,0.631941674641318,0.123250110177606,0.0273382266088905,0.0138628950994277,0.0620529907683727,0.068347121925244,0.00202687478951226
"73",0,0.0220059435990911,0.0484399595775448,0.635660498555572,0.121790491299213,0.0269899145496427,0.0137180249619963,0.0616620533877329,0.0677346212014901,0.00199849286771719
"74",0,0.0222298821547118,0.047504828467399,0.639307530751466,0.120360915757398,0.0266507607717278,0.0135758637679711,0.0612700701579519,0.067129376934554,0.00197077123682031
"75",0,0.0224511438019309,0.0465945960544264,0.642884682747326,0.118960518145469,0.0263203712725387,0.0134363332652776,0.0608773090354689,0.066531354947992,0.00194369072957048
"76",0,0.0226697819235532,0.0457085158620372,0.646393808753113,0.117588413334585,0.025998371721414,0.0132993537484756,0.0604840183505825,0.065940503406773,0.00191723289946732
"77",0,0.0228858484294239,0.0448458574778361,0.649836706903695,0.116243763948412,0.0256844077739109,0.0131648467116733,0.0600904295934885,0.0653567592556487,0.0018913799059119
"78",0,0.0230993938057159,0.0440059135261733,0.653215121027426,0.114925766325554,0.0253781441602961,0.0130327361536898,0.0596967583443108,0.064780052187857,0.00186611446897723
"79",0,0.0233104671609887,0.0431880047966597,0.656530742808439,0.113633641942286,0.0250792635604324,0.0129029487119033,0.0593032052444927,0.0642103059344734,0.00184141984032473
"80",0,0.0235191162700245,0.0423914726536039,0.659785213366209,0.112366641553951,0.0247874655866921,0.012775413906246,0.0589099569016123,0.0636474399828655,0.00181727977879605
"81",0,0.023725387615727,0.0416156789167497,0.662980124825946,0.111124042814847,0.0245024657920786,0.0126500641363706,0.0585171867917286,0.0630913705759868,0.00179367853056511
"82",0,0.0239293264294032,0.0408600062936471,0.666117021922199,0.109905147841271,0.024223994690334,0.0125268345744986,0.0581250560846023,0.062542011352437,0.00177060081160753
"83",0,0.0241309767295765,0.0401238567708578,0.669197403478932,0.108709282903752,0.0239517968456083,0.0124056630804902,0.0577337144137308,0.0619992739856984,0.00174803179135425
"84",0,0.0243303813594213,0.0394066510368255,0.672222723845309,0.107535797305754,0.0236856300159857,0.0122864900875387,0.0573433006027255,0.0614630686688403,0.00172595707760006
"85",0,0.0245435947497477,0.038705401815384,0.67519420803186,0.106377196831097,0.0234242848408813,0.012168693654887,0.0569516501906455,0.0609306299232228,0.00170433996227493
"86",0,0.0247544573788955,0.0380221764409378,0.678113239762144,0.105240044811626,0.0231685027787864,0.0120527622950552,0.0565611605311459,0.0604044696748,0.00168318632660857
"87",0,0.0249630123540703,0.0373563738824727,0.680981156617474,0.104123751112866,0.0229180865052609,0.0119386566261976,0.0561719484844506,0.0598845312166043,0.00166248320060291
"88",0,0.0251693016260733,0.0367074783186701,0.683799256578621,0.10302770144958,0.0226728453716853,0.0118263334809896,0.0557841204046705,0.0593707446681438,0.00164221810156652
"89",0,0.0253733660327217,0.0360749842830847,0.686568798820776,0.101951319628886,0.0224325966906302,0.0117157485997773,0.0553977744461631,0.0588630325652399,0.00162237893272149
"90",0,0.0255752453373229,0.0354584030418678,0.689291004998142,0.100894054403058,0.0221971657185679,0.0116068581177775,0.0550130009435104,0.0583613134899903,0.0016029539497636
"91",0,0.0257749782640244,0.0348572662752293,0.69196706081116,0.0998553725516335,0.0219663853865924,0.0114996189055073,0.0546298829004665,0.0578655031627033,0.00158393174268331
"92",0,0.0259726025311544,0.0342711198453964,0.694598117095286,0.098834762084232,0.0217400960451365,0.0113939889380818,0.0542484964423501,0.0573755157965272,0.00156530122183545
"93",0,0.026168154882882,0.0336995237439108,0.697185290905727,0.0978317301596037,0.0215181451705612,0.0112899274249211,0.0538689112860376,0.056891264818732,0.00154705160762464
"94",0,0.0263616711195209,0.033142052454334,0.699729666630016,0.0968458010653636,0.0213003870317754,0.0111873948316579,0.0534911911631088,0.0564126632824525,0.00152917242177119
"95",0,0.0265531861266334,0.0325982937133651,0.702232297005482,0.0958765159207169,0.0210866823699075,0.0110863529029653,0.053115394212818,0.0559396242689453,0.00151165347916632
"96",0,0.0267427339030282,0.0320678481011232,0.704694204105264,0.0949234317592981,0.0208768980837109,0.0109867646494418,0.0527415733531913,0.0554720611645907,0.00149448488035132
"97",0,0.026945866055461,0.0315481594283163,0.707116213759193,0.0939794445989498,0.0206699547191682,0.0108880384106659,0.0523674549843767,0.0550072328062735,0.00147763523759559
"98",0,0.0271469268617096,0.0310411850378035,0.709499302065874,0.0930511075804608,0.02046666123462,0.010790673839486,0.0519953915631716,0.0545476381957035,0.0014611136211706
"99",0,0.0273459507875675,0.0305464926589943,0.711844411937715,0.0921380163785962,0.0202669110287335,0.0106946503951637,0.0516254286237112,0.0540932270548057,0.00144491113471314
"100",0,0.0275429714150205,0.0300637244394548,0.714152458814137,0.0912397407183217,0.0200705990343885,0.010599943028055,0.0512576055958892,0.0536439377152497,0.00142901923948322
"101",0,0.027738021477275,0.0295925291629227,0.716424331171053,0.0903558805908031,0.0198776232822635,0.0105065247343267,0.0508919578583474,0.0531997020620865,0.00141342966092206
"102",0,0.0279311328890069,0.0291325679498227,0.718660891467971,0.0894860542732707,0.0196878851819535,0.0104143680616606,0.0505285168542746,0.0527604489617432,0.00139813436029706
"103",0,0.0281223367736136,0.0286835166493355,0.72086297727875,0.088629892999331,0.0195012895663889,0.0103234455308062,0.0501673103545229,0.0523261053263409,0.00138312552091063
"104",0,0.028311663488662,0.0282450608770267,0.723031402041386,0.0877870433376412,0.0193177447089629,0.0102337300266708,0.0498083626979162,0.0518965972832089,0.00136839553852485
"105",0,0.0284991426498886,0.0278168960002721,0.725166955806672,0.0869571654358498,0.0191371622840293,0.0101451949691575,0.0494516950539702,0.0514718507852255,0.00135393701493462
"106",0,0.0286848031540686,0.0273987274143932,0.727270406008064,0.08613993140998,0.0189594572751204,0.0100578143824006,0.0490973256544925,0.0510517919486332,0.00133974275284768
"107",0,0.0288686732009111,0.0269902696182949,0.729342498160577,0.0853350250700219,0.0187845478758967,0.00997156295289842,0.0487452700067039,0.0506363473635027,0.00132580575119354
"108",0,0.0290507803140755,0.0265912459292377,0.73138395653779,0.0845421411946826,0.0186123553810255,0.00988641605215055,0.0483955410939652,0.050225444296236,0.00131211920083672
"109",0,0.0292462240938677,0.0261994250253175,0.733395334110637,0.0837544796923216,0.0184418746958185,0.00980180293056205,0.048045820059881,0.049816383872936,0.00129865551865912
"110",0,0.0294398023050483,0.0258166559112815,0.73537732580151,0.0829785390856749,0.018273939886679,0.00971822545540558,0.0476984337240503,0.0494116519655105,0.00128542586484006
"111",0,0.0296315430662153,0.0254426222216598,0.737330602244852,0.082214037630356,0.018108490486132,0.00963567357128805,0.0473533946501187,0.0490112119614032,0.0012724241679754
"112",0,0.0298214738112008,0.0250770738500134,0.739255814873976,0.0814606670396649,0.0179454653093762,0.00955413247926651,0.0470107114418388,0.048615016564842,0.00125964462982187
"113",0,0.0300096213180931,0.0247197649330833,0.741153596246826,0.0807181437831086,0.017784804089534,0.00947358504803128,0.0466703906660097,0.0482230122784595,0.00124708163685461
"114",0,0.0301960117335552,0.0243704589899459,0.743024560766275,0.0799861980624515,0.0176264478638193,0.00939401330317603,0.0463324368354456,0.0478351427107812,0.00123472973454985
"115",0,0.0303806705942056,0.0240289302974994,0.744869305506023,0.0792645697260909,0.0174703391464269,0.00931539888819794,0.0459968525634665,0.0474513496623202,0.00122258361576917
"116",0,0.0305636228463343,0.0236949599176906,0.746688410731496,0.0785530099940321,0.0173164220520662,0.00923772345143422,0.0456636387022151,0.0470715741912838,0.00121063811344763
"117",0,0.0307448928643362,0.0233683356995187,0.748482440420901,0.0778512799516309,0.017164642357563,0.0091609688304129,0.045332794503132,0.0466957571763288,0.0011988881961763
"118",0,0.0309245044681762,0.0230488524744335,0.750251942801282,0.0771591492514724,0.0170149475098469,0.00908511714143269,0.0450043177549786,0.0463238396333934,0.00118732896498418
"119",0,0.0311024809400438,0.0227363113659481,0.751997450831574,0.0764763958457359,0.0168672866182361,0.00901015085024369,0.0446782049091158,0.0459557629885803,0.0011759556505223
"120",0,0.0312788450402963,0.0224305195888669,0.75371948267024,0.0758028053991515,0.0167216104310633,0.00893605280902176,0.0443544511966063,0.045591469254184,0.0011647636105701
"121",0,0.0314682314049873,0.0221294985629031,0.755418404576532,0.075131846444471,0.0165769656260173,0.00886227077414652,0.0440307366051388,0.0452283178889987,0.00115372811680573
"122",0,0.0316559048236875,0.021834990249144,0.757094716543226,0.0744699103944391,0.0164341890156147,0.00878930245335376,0.0437093583011159,0.044868766580919,0.00114286163850035
"123",0,0.0318418887278407,0.0215467584505219,0.75874890042982,0.0738167963376707,0.0162932454292115,0.00871714410394729,0.0433903143636115,0.0445127920735045,0.00113216008387178
"124",0,0.0320262060100786,0.0212646268367454,0.760381424558615,0.0731722771244981,0.0161540979297443,0.00864578720857236,0.0430735999695145,0.0441603607884602,0.00112161957377206
"125",0,0.0322088790489935,0.0209884218106381,0.761992743924538,0.0725361464884793,0.0160167094426579,0.00857522074975022,0.0427592092357846,0.0438114329417563,0.00111123635740192
"126",0,0.0323899297292153,0.0207179771665488,0.763583300762609,0.0719082088260253,0.015881043175311,0.00850543266657549,0.042447135134519,0.0434659657507215,0.00110100678847486
"127",0,0.032569379458559,0.0204531346739336,0.765153525160198,0.0712882760717807,0.0157470628459957,0.00843641033492038,0.0421373695943768,0.0431239145451832,0.00109092731505299
"128",0,0.032747249183591,0.0201937408770522,0.766703835423599,0.0706761688986353,0.0156147328504228,0.00836814094176466,0.0418299035892113,0.0427852337619711,0.00108099447375229
"129",0,0.0329235594040258,0.0199396470989583,0.768234638444908,0.0700717153984591,0.0154840183656159,0.00830061167254389,0.0415247272467923,0.0424498774820388,0.00107120488665749
"130",0,0.0330983301862647,0.0196907095641174,0.76974633007831,0.0694747500165528,0.0153548854022279,0.00823380981017398,0.0412218299402434,0.0421177997427374,0.00106155525937288
"131",0,0.033271581176242,0.0194467888812988,0.771239295476669,0.0688851132765809,0.0152273008372822,0.00816772280986266,0.0409212003696981,0.0417889547928893,0.00105204237947661
"132",0,0.0334433316116735,0.0192077498989315,0.772713909417022,0.0683026512886398,0.0151012324293377,0.00810233834224357,0.0406228266376447,0.0414632972592533,0.00104266311525416
"133",0,0.0336280217919287,0.0189717802912486,0.774170407540851,0.0677209589410454,0.0149757506595042,0.00803711158441539,0.0403243699649485,0.0411382046955409,0.00103339453051706
"134",0,0.0338111103963655,0.0187405563830409,0.775609154184149,0.0671464110704117,0.0148517000562979,0.00797254194324558,0.0400281344281998,0.0408161413697482,0.00102425016854122
"135",0,0.0339926174192866,0.018513896737116,0.777030499753643,0.0665788604523198,0.0147290603159406,0.00790862988112139,0.0397341125493113,0.040497095575686,0.00101522731557515
"136",0,0.034172562422335,0.0182916757027903,0.778434785009629,0.0660181338151449,0.0146078088029287,0.00784537104730607,0.0394422944368046,0.0401810453350877,0.00100632342797316
"137",0,0.0343509645565332,0.0180737693737105,0.779822341199887,0.0654640762840995,0.0144879221742982,0.00778275847065098,0.039152669601718,0.0398679622889729,0.000997536050129207
"138",0,0.0345278425794886,0.0178600599253931,0.781193490526596,0.0649165416545749,0.0143693768128007,0.00772078400456059,0.0388652268348974,0.0395578148698995,0.000988862791788859
"139",0,0.0347032148695846,0.0176504355998226,0.78254854661207,0.064375389955011,0.014252149086222,0.00765943882460877,0.0385799542830162,0.0392505694508046,0.000980301318860719
"140",0,0.0348770994386087,0.0174447880528254,0.78388781476084,0.0638404882532314,0.0141362155346115,0.00759871379520658,0.0382968395134801,0.0389461913024953,0.000971849348700943
"141",0,0.0350495139432651,0.0172430123551457,0.785211592221832,0.0633117094572807,0.0140215529947684,0.0075385996593126,0.0380158695973435,0.0386446451230504,0.000963504648002169
"142",0,0.035220475695895,0.0170450070570557,0.786520168455487,0.0627889314071964,0.0139081386750791,0.00747908714392827,0.0377370311779953,0.038345895355576,0.00095526503178733
"143",0,0.035390001674576,0.016850673793247,0.787813825370566,0.0622720365837779,0.0137959502084875,0.00742016703723471,0.0374603105315647,0.0380499064377305,0.000947128362816096
"144",0,0.0355581085326987,0.0166599171753508,0.789092837552688,0.0617609116762339,0.0136849656870351,0.00736183023538555,0.0371856936217548,0.0377566429676094,0.000939092551244009
"145",0,0.0357394487121916,0.0164710075087818,0.79035734679567,0.0612490857641382,0.0135742483212022,0.00730352374033462,0.0369107719079998,0.0374634318450599,0.000931135404621313
"146",0,0.0359192645349168,0.0162856102168154,0.791607622750909,0.0607430797449887,0.0134646685938465,0.00724576074362795,0.0366379160726511,0.0371728057312391,0.000923271611005827
"147",0,0.0360975735258914,0.0161035804328327,0.792843923948123,0.060242782236842,0.013356215541646,0.00718854482790567,0.0363671173415296,0.0368847627367756,0.000915499408454124
"148",0,0.0362743928531243,0.0159248273501445,0.794066501945639,0.0597480554428722,0.0132488754803259,0.00713187462579185,0.0360983646973526,0.0365992904276417,0.000907817177107679
"149",0,0.0364497393482845,0.0157492612448272,0.795275601413514,0.0592587786041743,0.0131426336588265,0.00707574600284094,0.0358316467285777,0.0363163696421492,0.000900223356805314
"150",0,0.036623629522196,0.0155767976666099,0.796471460538404,0.0587748384114275,0.0130374747073768,0.00702015352873778,0.0355669514815818,0.0360359777189369,0.000892716424729559
"151",0,0.0367960795770971,0.0154073569499797,0.797654311390897,0.0582961270409532,0.0129333829207824,0.00696509100026546,0.0353042665258489,0.0357580897074183,0.000885294886758123
"152",0,0.0369671054172805,0.0152408619225685,0.79882438011692,0.0578225426667777,0.0128303424607494,0.00691055181038075,0.0350435790087019,0.0354826793231384,0.000877957273483141
"153",0,0.0371367226586146,0.0150772379013582,0.799981887128847,0.0573539883207669,0.0127283374941809,0.00685652914381314,0.0347848757265,0.0352097194871018,0.000870702138817844
"154",0,0.0373049466372871,0.0149164127110245,0.801127047298021,0.0568903710802474,0.0126273522824708,0.00680301608961135,0.0345281431833023,0.0349391826583238,0.000863528059711413
"155",0,0.0374717924179626,0.0147583163724814,0.802260070123366,0.0564316017520518,0.0125273712469323,0.00675000572141248,0.0342733676418934,0.0346710410876068,0.000856433636293689
"156",0,0.0376372748014587,0.0146028810196921,0.803381159893602,0.0559775944716043,0.0124283790149893,0.00669749114769958,0.0340205351693677,0.0344052669893291,0.000849417492257475
"157",0,0.0378157041672162,0.0144484941504509,0.804490397102721,0.0555220437859522,0.0123294632215566,0.0066449316072511,0.0337672679452457,0.0341392394184714,0.000842458601134694
"158",0,0.0379926659253307,0.0142967493423896,0.805587984586572,0.0550713509983018,0.0122314825726033,0.00659283265429133,0.0335159071137792,0.0338754549178277,0.000835571888903994
"159",0,0.0381681757806994,0.0141475290922285,0.806674116160063,0.0546254292844571,0.0121344317439672,0.00654119960984324,0.0332664441776125,0.0336139179141189,0.000828756237010154
"160",0,0.0383422491377529,0.014000766940443,0.807748980535882,0.0541841662906365,0.0120383025611552,0.0064900329257735,0.0330188685183604,0.0333546224440785,0.000822010645917862
"161",0,0.0385149011200213,0.0138563971413334,0.808812761379301,0.0537474653037704,0.0119430856163592,0.00643933028491039,0.0327731692125061,0.0330975557864852,0.000815334155312935
"162",0,0.0386861465843136,0.0137143585887171,0.809865637664359,0.0533152360896723,0.0118487707095495,0.00638908804140332,0.0325293348747115,0.0328427016245124,0.00080872582276086
"163",0,0.0388560001315182,0.0135745939731918,0.810907783965348,0.0528873933501875,0.011755347137501,0.00633930174486665,0.0322873537173761,0.0325900412642606,0.000802184715749699
"164",0,0.0390244761157488,0.0134370478424911,0.811939370599388,0.052463856980257,0.0116628038978807,0.0062899664981891,0.0320472136002701,0.0323395545573904,0.000795709908384458
"165",0,0.0391915886523718,0.0133016665885342,0.81296056376801,0.0520445510037945,0.0115711298306166,0.00624107715051103,0.0318089020945615,0.032091220431039,0.000789300480561716
"166",0,0.0393573516252761,0.0131683984243229,0.81397152569696,0.0516294028544678,0.011480313712551,0.00619262841089151,0.0315724065357608,0.0318450172215573,0.000782955518212525
"167",0,0.0395217786935773,0.013037193142768,0.814972414757498,0.0512183430434428,0.0113903443276155,0.00614461492778229,0.0313377140695248,0.0316009229238213,0.00077667411396986
"168",0,0.0396848832978763,0.0129080020502938,0.815963385582588,0.0508113047889699,0.0113012105179139,0.00609703133978205,0.0311048116920621,0.0313589153624636,0.000770455368050505
"169",0,0.039860788564025,0.0127792913297838,0.81694447505126,0.050402075389806,0.0112120131086009,0.00604934337791382,0.030871333997078,0.0311164002178909,0.000764278963641798
"170",0,0.0400352665533469,0.0126526077146532,0.817915838788085,0.0499969965351786,0.0111236057921767,0.00600205324880367,0.0306396122537325,0.030875859070412,0.000758160043611093
"171",0,0.0402083316588544,0.0125278526125135,0.818877624848519,0.0495959983888995,0.0110359869391352,0.00595516752909543,0.0304096389406497,0.0306373011625505,0.00075209791978253
"172",0,0.0403799980137828,0.0124049764996282,0.819829977485988,0.0491989861608072,0.0109491519879091,0.00590868796807176,0.0301814044622916,0.0304007254136943,0.000746092007826602
"173",0,0.0405502795107178,0.0122839303252784,0.820773037188207,0.0488058797694011,0.010863095039991,0.00586261353576524,0.0299548989503148,0.0301661239313558,0.000740141748969017
"174",0,0.0407191898150291,0.0121646692565423,0.821706941000984,0.0484166049549768,0.0107778092962424,0.00581694184678544,0.0297301121010783,0.0299334851391025,0.000734246589259542
"175",0,0.040886742374721,0.0120471515671317,0.822631822766724,0.0480310920425289,0.010693287350018,0.00577166968750945,0.029507033232755,0.0297027950065602,0.000728405972051182
"176",0,0.0410529504285574,0.0119313369499909,0.823547813233389,0.0476492760092913,0.0106095213921137,0.00572679336691186,0.0292856513328162,0.0294740379517874,0.000722619335142289
"177",0,0.0412178270130449,0.0118171864964999,0.824455040161852,0.0472710954713207,0.0105265033537848,0.00568230890826035,0.0290659551183723,0.0292471973665332,0.000716886110332322
"178",0,0.041381384968651,0.011704662641567,0.825353628429046,0.0468964920293871,0.0104442250046343,0.00563821216394214,0.0288479330864079,0.0290222559523425,0.000711205724022644
"179",0,0.0415436369454645,0.0115937289728523,0.826243700116463,0.0465254099220796,0.0103626780255382,0.00559449889453262,0.0286315735571535,0.0287991959676749,0.000705577598241255
"180",0,0.0417045954084259,0.0114843501757515,0.82712537459443,0.0461577956754156,0.0102818540625796,0.0055511648199919,0.0284168647120133,0.0285779993995257,0.000700001151866977
"181",0,0.0418788071326267,0.0113749923451264,0.82799865347258,0.0457872595320777,0.0102008278052325,0.00550765928170472,0.0282013559921286,0.028355988663563,0.000694455774960733
"182",0,0.0420516139789604,0.0112672284983851,0.828863659123959,0.0454203538510766,0.0101204836785517,0.00546450229029877,0.0279874664830912,0.0281357347060488,0.000688957389628625
"183",0,0.0422230294811063,0.0111609711745014,0.829720507207071,0.0450570202281332,0.0100408228839604,0.00542170177897639,0.0277751900509325,0.0279172515923631,0.000683505602955916
"184",0,0.0423930669389424,0.0110561824145615,0.830569310466244,0.0446971747324465,0.00996184352033717,0.00537926069133187,0.0275645184211993,0.0277005426956247,0.000678100119312809
"185",0,0.0425617394383833,0.010952824559043,0.831410178754616,0.0443407479936045,0.00988354222540042,0.00533717907161679,0.0273554430420734,0.0274856042552502,0.000672740660012436
"186",0,0.0427290598648923,0.0108508640016302,0.832243219345308,0.0439876761729236,0.00980591462496029,0.00529545553302324,0.0271479549113098,0.0272724286037944,0.000667426942157941
"187",0,0.0428950409130077,0.0107502698235538,0.83306853713775,0.0436378999164947,0.00972895564022337,0.00525408780842861,0.0269420446342639,0.0270610054551757,0.000662158671102298
"188",0,0.0430596950939727,0.0106510122354539,0.833886234744388,0.0432913642782438,0.00965265970090858,0.00521307310982337,0.0267377024721407,0.0268513228272958,0.000656935537772624
"189",0,0.043223034742135,0.0105530625496895,0.834696412575268,0.0429480177061553,0.00957702089462574,0.00517240832665128,0.0265349184024183,0.0266433675845999,0.000651757218457333
"190",0,0.0433850720205271,0.0104563930985367,0.83549916891633,0.0426078114133133,0.00950203307060511,0.00513209014610003,0.0263336821695143,0.0264371257894077,0.000646623375665814
"191",0,0.0435458189258663,0.0103609770752419,0.836294599995515,0.0422706990061373,0.00942768991713807,0.0050921151349821,0.0261339833285239,0.0262325829571636,0.000641533659431812
"192",0,0.0437052872931115,0.0102667884857969,0.837082800045155,0.0419366361359768,0.00935398501939098,0.00505247979329356,0.0259358112832482,0.0260297242352119,0.000636487708815479
"193",0,0.0438774703235522,0.0101723828888512,0.837863752405188,0.0415994798542494,0.0092800281848868,0.00501265389385127,0.025736797610888,0.0258259689723269,0.000631465866206109
"194",0,0.0440482658985645,0.0100792558102902,0.8386375552298,0.0412655439917306,0.00920667337102732,0.00497313937470322,0.0255392824899064,0.0256238001921703,0.000626483641807488
"195",0,0.0442176869295818,0.00998733080455364,0.83940430080431,0.040934778618822,0.00913392318269698,0.00493394442374809,0.025343260754134,0.0254232336471206,0.000621540835032414
"196",0,0.0443857461149894,0.00989657836013643,0.840164079148387,0.0406071095216751,0.00906177718882852,0.00489507241911409,0.0251487251582065,0.0252242747564581,0.00061663733220493
"197",0,0.04455245595997,0.00980696919460107,0.840916978033632,0.0402824761848381,0.0089902335013186,0.00485652392676495,0.024955668177516,0.0250269219917842,0.000611773029575297
"198",0,0.0447178287897697,0.00971847778539034,0.841663083272233,0.0399608231888202,0.0089192892079587,0.00481829811479764,0.0247640818395622,0.0248311699882798,0.000606947813188076
"199",0,0.0448818767587998,0.00963108089055765,0.842402478892054,0.0396420993615263,0.00884894067261356,0.0047803932893429,0.0245739577809466,0.0246370108023189,0.00060216155184044
"200",0,0.0450446118577785,0.00954475617990641,0.843135247206626,0.0393262575888068,0.00877918374210601,0.00474280723914563,0.0243852872948669,0.0244444347960072,0.000597414094756922
"201",0,0.0452060459196076,0.0094594822012019,0.843861468882554,0.0390132538550268,0.008710013891667,0.00470553742715868,0.0241980613893598,0.0242534311618162,0.000592705271608383
"202",0,0.0453661906244148,0.00937523828059706,0.844581222999274,0.03870304666536,0.00864142632696574,0.00466858110780654,0.0240122708364887,0.0240639882655403,0.000588034893552702
"203",0,0.0455250575040111,0.00929200439517998,0.845294587099028,0.0383955966725526,0.00857341606033004,0.00463193540608068,0.0238279062148395,0.023876093893277,0.000583402754700981
"204",0,0.0456826579459066,0.00920976113068708,0.846001637233588,0.0380908663465626,0.00850597796796406,0.00459559736963459,0.0236449579463338,0.0236897354255596,0.000578808633763987
"205",0,0.0458532681333075,0.00912705990513647,0.846702338244449,0.0377825936417067,0.00843820386543536,0.00455902577960456,0.0234610011465787,0.0235022766924222,0.000574232591359993
"206",0,0.0460224971664929,0.00904541370504653,0.847396771127837,0.0374772307298595,0.00837096782012066,0.00452273426323482,0.0232784349345764,0.0233162596429395,0.000569690609892843
"207",0,0.0461903576162146,0.00896475132759176,0.848085011413608,0.0371747333900827,0.00830427382305208,0.0044867317641989,0.0230972552636234,0.0231317027806901,0.000565182620938421
"208",0,0.046356861850518,0.0088850489007646,0.84876713279892,0.0368750327664955,0.00823812273597753,0.00445102231210784,0.0229174559525582,0.0229486140417352,0.000560708640923457
"209",0,0.0465220220558974,0.00880628271969042,0.849443207161064,0.0365780736772587,0.0081725139006062,0.00441560704987112,0.0227390305269057,0.0227669942160189,0.000556268692687857
"210",0,0.0466858502511662,0.00872843278658422,0.850113304842065,0.0362838059096892,0.00810744557954333,0.0043804856775616,0.0225619720441201,0.0225868401242722,0.000551862784998257
"211",0,0.0468483582967125,0.00865148117337849,0.850777494807578,0.0359921834836646,0.00804291526495573,0.00434565700349885,0.0223862731517926,0.0224081459129955,0.000547490905423467
"212",0,0.0470095579015959,0.00857541072735347,0.851435844706413,0.0357031643730738,0.00797891989014753,0.00431111929455222,0.0222119261362293,0.0222309039525751,0.0005431530180598
"213",0,0.0471694606292655,0.00850020503183816,0.85208842092704,0.0354167095433418,0.00791545597851829,0.00427687047198061,0.0220389229813525,0.0220551053730257,0.000538849063636962
"214",0,0.0473280779023741,0.00842584828912223,0.852735288645113,0.0351327823867211,0.00785251974873684,0.00424290823208718,0.0218672554187184,0.0218807404164608,0.000534578960666189
"215",0,0.0474854210069645,0.00835232521093915,0.853376511862576,0.0348513483322781,0.00779010719328556,0.00420923012703543,0.0216969149707638,0.0217077986891293,0.000530342607028518
"216",0,0.0476415010961888,0.00827962097915901,0.854012153443758,0.0345723745151114,0.00772821413761244,0.00417583361834947,0.0215278929881777,0.0215362693398987,0.000526139881744888
"217",0,0.0478103085571592,0.00820633377618985,0.854642168632899,0.0342897270961531,0.0076659503425178,0.00414218804193063,0.0213578061030725,0.0213635661415874,0.000521951308490629
"218",0,0.047977737699383,0.00813393572824532,0.85526662569205,0.0340097351280889,0.00760417437580724,0.00410879779275895,0.0211890145099363,0.0211921864103607,0.000517792663369383
"219",0,0.0481438009064974,0.00806236112548893,0.855885587838598,0.0337323586886913,0.00754289091641631,0.00407567195998033,0.0210215149372527,0.0210221496609482,0.0005136639661265
"220",0,0.0483085103664871,0.00799159026128121,0.856499116777015,0.0334575338947309,0.00748210155064479,0.00404281481047095,0.0208553020024417,0.0208534650204808,0.000509565316447282
"221",0,0.0484718780937304,0.00792160357396497,0.857107272709989,0.0331852101039283,0.00742180634939354,0.00401022776890578,0.0206903700209809,0.0206861345618681,0.00050549681723884
"222",0,0.0486339159432796,0.00785238506703631,0.857710114612127,0.0329153414312116,0.00736200430082182,0.00397791083414533,0.0205267128343877,0.020520156422332,0.000501458554658261
"223",0,0.0487946356202169,0.00778392060763304,0.858307700373032,0.0326478861171633,0.00730269361548068,0.00394586312302385,0.0203643238683824,0.0203555260838335,0.000497450591234627
