"","Alive","Death","ODN","ODF","REL","BUP","BUPC","MET","METC","ABS"
"0",0,0,0,0,0,1,0,0,0,0
"1",0,0.000324118248152816,0.00355227910315129,0.000196135574615985,0.159314001411089,0.613585566943613,0.200274328512321,0.00910337863825858,0.00910337863825858,0.0045468129305399
"2",0,0.000682882266617391,0.0281947976429056,0.00175288341911023,0.22673255229478,0.536932254096362,0.156811156511983,0.0121284784855492,0.0307470424108849,0.0060179528718079
"3",0,0.00106093922771389,0.0265104016891757,0.00321662900824323,0.283600876052044,0.466381142849502,0.147055407784175,0.0176961594237476,0.0475716258676691,0.00690681809772943
"4",0,0.00145033317473731,0.0270451911214267,0.00470990246654059,0.321888168094902,0.415855367011667,0.135019103817809,0.0232385867681791,0.0633590262517219,0.00743432129301701
"5",0,0.00184753252130621,0.0270360482521999,0.00620267111036325,0.350264088797879,0.375454852289061,0.124817353912604,0.0289321734686288,0.0776910020215395,0.00775427762641807
"6",0,0.00225028180384645,0.027126537121246,0.00770043600752393,0.3714027824763,0.342337446572874,0.115817427940049,0.0346359568196213,0.0907912886633556,0.00793784259518362
"7",0,0.00265703842825749,0.0272409066972985,0.00920451570762274,0.387344869813446,0.314519809844864,0.107932755731544,0.0402968419700767,0.102774532069371,0.0080287297375204
"8",0,0.00306668234335372,0.0273508973213722,0.0107146684311605,0.399412613607659,0.290764027494691,0.101008554937909,0.045874498540295,0.113753172470471,0.00805488485308916
"9",0,0.00347837233710735,0.0274441386543193,0.0122299693826061,0.408519155746513,0.270215200089741,0.0949121903244225,0.0513422412670393,0.123823526390228,0.00803520580802375
"10",0,0.00389146167830301,0.0275141385254148,0.0137491353076481,0.415323309617021,0.252259349883403,0.0895273159190638,0.0566817567061606,0.133070645070867,0.00798288729211891
"11",0,0.00430544478517547,0.0275600870461492,0.0152708382347823,0.420312119740649,0.236438957372452,0.0847546214714695,0.0618807512406097,0.141569814034454,0.00790736607425909
"12",0,0.0047199214958813,0.0275832951924182,0.0167938225767412,0.423854757171995,0.222403454173989,0.0805099006418918,0.0669312680536566,0.149388072565838,0.0078155081275888
"13",0,0.00515680886854875,0.0275852999895813,0.0183169176115911,0.426224167009013,0.209874350630796,0.0767205125836399,0.0718272711719924,0.15658235032457,0.00771232181026753
"14",0,0.00559359796786063,0.0275694155404518,0.0198391356023049,0.427655807955877,0.198636251761119,0.0733277077745294,0.0765674326415715,0.163209039812299,0.00760161094398706
"15",0,0.00603006973018838,0.0275380685098814,0.0213596227977531,0.428326797004736,0.188511120646321,0.0702803946861048,0.0811511657896016,0.169316574918788,0.00748618591662585
"16",0,0.00646604638300896,0.0274935212042244,0.0228776503578127,0.42837903691465,0.179352627440143,0.0675351269299007,0.0855792192170715,0.174948617972691,0.00736815358049794
"17",0,0.00690138335547874,0.0274377885715981,0.0243926006957263,0.427927207783575,0.171039134941234,0.0650548358302758,0.0898533435267704,0.180144611440146,0.00724909385519553
"18",0,0.00733596298796346,0.0273726371164335,0.0259039537605301,0.427064652878762,0.163468534842555,0.0628077824857698,0.0939760351581924,0.184940252131821,0.00713018863797239
"19",0,0.00776968958201085,0.0272995993558845,0.0274112741176785,0.425867812773674,0.156554373311086,0.0607666931897714,0.0979503396779342,0.189367900827966,0.00701231716399459
"20",0,0.00820248546502089,0.0272199969980185,0.0289141993094281,0.424399611169933,0.150222894163903,0.0589080468557273,0.101779699667819,0.193456939016607,0.00689612735354276
"21",0,0.00863428783350262,0.027134965882529,0.0304124295923002,0.422712073827613,0.144410748389809,0.0572114869717135,0.105467836588832,0.197234081209459,0.00678208970424171
"22",0,0.00906504620093229,0.0270454799969026,0.031905719000571,0.420848376764667,0.139063196188609,0.055659335214436,0.10901865876586,0.200723649542592,0.00667053832542971
"23",0,0.00949472032007459,0.0269523734068966,0.033393867620632,0.41884446374781,0.134132678848168,0.0542361879751026,0.112436189620027,0.203947816069715,0.00656170239157473
"24",0,0.00992327848113128,0.0268563597195295,0.03487671493998,0.416730334700273,0.129577672301598,0.0529285805721868,0.115724511703198,0.206926817196943,0.00645573038516
"25",0,0.010378825004472,0.0267571265042472,0.0363540831955676,0.414515932800041,0.125358871224797,0.0517234246412814,0.118885016708495,0.209674062593524,0.0063526573275746
"26",0,0.0108331219447819,0.0266561747171525,0.0378258774981534,0.412237922828955,0.121447201485785,0.0506116189958809,0.121924281042514,0.212211232916564,0.00625256857021161
"27",0,0.0112861550104391,0.0265539089675899,0.0392920252986004,0.409913886699468,0.117814306445473,0.0495840183332664,0.124846355186681,0.214553876266413,0.00615546779206911
"28",0,0.0117379143726489,0.0264507071296502,0.0407524749117152,0.407558556261662,0.114435026931696,0.0486325311283461,0.127655222152288,0.216716235456425,0.00606133165556996
"29",0,0.0121883939533328,0.0263468907317994,0.0422071924051806,0.405184296993601,0.111286970637763,0.0477499800765687,0.130354785705759,0.218711372875604,0.00597011662039133
"30",0,0.0126375908247862,0.0262427349764908,0.0436561590417107,0.402801477549005,0.10835014768907,0.0469299841150073,0.132948858882663,0.220551282586511,0.00588176433475641
"31",0,0.0130855047028222,0.0261384739900868,0.0450993690110745,0.400418781762212,0.105606662737666,0.0461668568249505,0.135441155989964,0.222246989126021,0.00579620585520323
"32",0,0.0135321375181675,0.0260343065126263,0.0465368274762758,0.398043467989972,0.103040453298625,0.0454555193546488,0.137835287108691,0.22380863580154,0.00571336493945331
"33",0,0.0139774930533032,0.0259304008048596,0.0479685488906692,0.395681586187989,0.1006370663779,0.0447914256033469,0.140134754595299,0.22524556387976,0.00563316060687218
"34",0,0.0144215766341852,0.0258268988870026,0.0493945555491149,0.393338160100805,0.0983834669443825,0.044170497796988,0.142342951160048,0.226566383807112,0.0055555091203619
"35",0,0.0148643948681048,0.0257239201842073,0.0508148763404146,0.391017340621363,0.0962678730290983,0.043589070868185,0.144463159190627,0.227779039386934,0.00548032551106591
"36",0,0.0153059554204499,0.0256215646567919,0.0522295456725801,0.388722535241445,0.0942796131994007,0.0430438443116434,0.146498551054292,0.228890865701622,0.00540752474177562
"37",0,0.0157808863583534,0.0255188019240809,0.053638541062174,0.386438550162022,0.0924062731131016,0.0425304755174445,0.148447898732903,0.229901606055497,0.00533696707442273
"38",0,0.0162544612729419,0.0254168839565437,0.0550419091520694,0.384186204633643,0.0906417994798742,0.0420476041849821,0.15031825139913,0.230824267585253,0.00526861833556196
"39",0,0.0167266909932596,0.0253158175123692,0.0564396969582857,0.381967208877194,0.0889781823268182,0.0415928124298203,0.15211247580484,0.231664716899752,0.00520239819766035
"40",0,0.0171975868010737,0.0252156451432131,0.0578319538462902,0.379782867102508,0.0874081084424797,0.0411639021948665,0.153833331570322,0.232428376154722,0.00513822874452513
"41",0,0.0176671603308263,0.0251163999233474,0.0592187310077133,0.377634166070545,0.0859248935552527,0.0407588730139421,0.155483478153215,0.233120263396494,0.00507603454866459
"42",0,0.0181354234813118,0.0250181090948886,0.0606000811383318,0.375521814109693,0.0845224191122762,0.0403759033207946,0.157065477215257,0.233745029743936,0.00501574278351125
"43",0,0.0186023883388282,0.0249207932978057,0.061976058073538,0.373446281495479,0.0831950765232914,0.0400133325917858,0.158581795590292,0.234306990798439,0.00495728329054019
"44",0,0.0190680671110088,0.0248244673871064,0.0633467164689289,0.37140783458085,0.0819377176274516,0.0396696453189004,0.160034808330911,0.234810154571028,0.00490058860381514
"45",0,0.0195324720700888,0.0247291411853013,0.0647121115224415,0.369406565580436,0.080745610677576,0.039343456666088,0.161426801807721,0.235258246551271,0.00484559393907612
"46",0,0.0199956155044214,0.0246348201793356,0.0660722987349691,0.367442418410065,0.0796144011521999,0.0390334996789457,0.162759976812827,0.235654732372085,0.00479223715515171
"47",0,0.0204575096771678,0.0245415061382214,0.0674273337050793,0.365515211083275,0.0785400768022662,0.0387386138822238,0.164036451639184,0.236002838378057,0.00474045869452616
"48",0,0.0209181667912152,0.0244491976505414,0.0687772719534097,0.363624655116684,0.0775189364162431,0.0384577351090352,0.165258265114696,0.236305570339445,0.00469020150873099
"49",0,0.0214123168570257,0.0243567936446039,0.0701221082060142,0.361752960471977,0.0765452051145195,0.0381886046634775,0.16642239829436,0.236558252656588,0.00464136009143485
"50",0,0.0219051424025531,0.0242654542541779,0.0714619012445846,0.35991767660516,0.0756180554018147,0.0379315606082483,0.167535562797447,0.236770720893436,0.0045939257925783
"51",0,0.0223966564483233,0.0241751210545653,0.0727967066249506,0.358118225349419,0.0747345778012065,0.0376857971941785,0.168599590905217,0.236945475535053,0.00454784908708748
"52",0,0.0228868718166831,0.0240857809291745,0.0741265791787225,0.356353966246262,0.0738920710123569,0.0374505665969813,0.169616242287305,0.237084839209919,0.00450308272259592
"53",0,0.0233758011267793,0.0239974192565579,0.0754515729302017,0.354624237032252,0.0730880283403016,0.0372251751205415,0.170587211156354,0.237190973567707,0.00445958146930471
"54",0,0.0238634567878243,0.023910022458563,0.0767717411539855,0.35292835142038,0.0723201217434648,0.0370089806822473,0.17151412832465,0.237265895434866,0.00441730199401858
"55",0,0.0243498509924636,0.0238235762998323,0.0780871363386798,0.35126560432611,0.0715861874768235,0.0368013890426942,0.172398563674907,0.237311489091004,0.00437620275748521
"56",0,0.024834995711192,0.0237380659195316,0.0793978101523644,0.34963527589284,0.0708842128989907,0.0366018501127229,0.173242028544996,0.237329516844666,0.00433624392269571
"57",0,0.0253189026879701,0.0236534759045684,0.0807038134121005,0.348036635455054,0.070212324439221,0.0364098544307118,0.174045978044482,0.237321628356398,0.00429738726949441
"58",0,0.0258015834370292,0.0235697903993355,0.0820051960594974,0.346468945184027,0.0695687766237898,0.0362249298878313,0.174811813286528,0.237289369008021,0.00425959611393996
"59",0,0.0262830492407806,0.0234869932143813,0.0833020071422803,0.344931463374031,0.0689519420691298,0.0360466387107496,0.175540883533093,0.237234187483755,0.00422283523179955
"60",0,0.0267633111487239,0.0234050679222911,0.0845942948011504,0.343423447364353,0.068360302351731,0.0358745746948896,0.176234488253397,0.237157442677555,0.00418707078590879
"61",0,0.0272806229989231,0.0233228081260624,0.085882040566793,0.341925480311894,0.0677900597130652,0.0357069925697782,0.176887867376707,0.237051910747383,0.00415221758939453
"62",0,0.027796634428723,0.0232414633663855,0.0871652949620454,0.340456121409837,0.0672422190856485,0.0355448540295836,0.177508094234468,0.236927029662386,0.00411828882092292
"63",0,0.0283113569167226,0.0231609614205063,0.0884441045220374,0.339014570535161,0.0667155609264671,0.0353878562266999,0.17809634507036,0.2367839893566,0.00408525502544639
"64",0,0.0288248016541075,0.023081282200244,0.0897185146727495,0.337600023542685,0.0662089372630815,0.0352357107280394,0.178653748561133,0.236623893353708,0.00405308802425308
"65",0,0.0293369795598112,0.0230024056011215,0.0909885697301136,0.336211707935921,0.065721271159223,0.0350881440116848,0.179181392593857,0.236447768716414,0.00402176069185331
"66",0,0.0298479012906354,0.0229243140765507,0.0922543130412438,0.334848872402114,0.0652515520019267,0.0349448989345852,0.179680325303204,0.236256576076793,0.00399124687294736
"67",0,0.030357577248886,0.0228469905592326,0.0935157870109006,0.333510785677648,0.0647988312393087,0.0348057343384847,0.180151556609541,0.236051215990294,0.00396152132570442
"68",0,0.0308660175890125,0.0227704183297933,0.0947730331207005,0.332196734989742,0.0643622182369567,0.0346704243479668,0.180596059692805,0.235832534016327,0.00393255967669732
"69",0,0.0313732322237271,0.0226945809523834,0.0960260919447709,0.330906025212358,0.0639408763832597,0.0345387575080993,0.181014772427369,0.235601324966386,0.00390433838164648
"70",0,0.0318792308298406,0.0226194622694385,0.0972750031651154,0.32963797834466,0.063534019447676,0.0344105358888634,0.181408598761302,0.235358336603344,0.00387683468975974
"71",0,0.0323840228539364,0.0225450464111888,0.0985198055875039,0.328391933175116,0.0631409081904632,0.034285574201831,0.181778410038813,0.235104272930505,0.00385002661064291
"72",0,0.0328876175179414,0.0224713178049257,0.0997605371578744,0.327167245048949,0.0627608472127756,0.0341636989519439,0.182125046266238,0.234839797156093,0.00382389288325805
"73",0,0.0334283206895495,0.0223970854858698,0.100997170064224,0.325944946288418,0.0623909182863713,0.0340433993218755,0.182442926332098,0.234556871088922,0.00379836244267261
"74",0,0.0339677291431704,0.0223235863250267,0.102229744787157,0.324743363071041,0.062032706527376,0.0339258128375141,0.182739098819342,0.234264500994961,0.00377345749441194
"75",0,0.03450585242714,0.0222507498429463,0.103458297915826,0.323561830788779,0.0616856517741604,0.0338108200979865,0.183014330702381,0.233963307010176,0.00374915944060343
"76",0,0.0350426998287061,0.0221785582657169,0.104682865058015,0.322399689425255,0.061349218933305,0.0336983022331908,0.183269356877018,0.233653858934515,0.00372545044427894
"77",0,0.035578280393469,0.0221069940576381,0.105903480853288,0.321256317701729,0.0610229012002786,0.033588142562314,0.183504886398394,0.233336683595534,0.0037023132373545
"78",0,0.0361126029387681,0.0220360424521308,0.107120179125892,0.320131121066864,0.0607062187212071,0.0334802291463911,0.183721602901598,0.233012272579524,0.00367973106762561
"79",0,0.0366456760638486,0.0219656893286147,0.108332992920417,0.319023529278478,0.0603987174060057,0.033374455357153,0.183920165557724,0.232681086417577,0.00365768767018152
"80",0,0.0371775081585036,0.0218959210500436,0.109541954528497,0.317932993731945,0.0600999675874942,0.0332707200478012,0.184101209987949,0.232343557659191,0.00363616724857485
"81",0,0.0377081074107605,0.021826724371189,0.110747095510446,0.316858985653793,0.0598095626858506,0.033168927482594,0.18426534916226,0.232000093263133,0.0036151544599747
"82",0,0.0382374818139255,0.0217580864098022,0.111948446715295,0.315800994745376,0.0595271179063833,0.033068987161832,0.184413174265491,0.231651076579703,0.00359463440219179
"83",0,0.038765639173158,0.0216899946354937,0.113146038300223,0.314758528122582,0.0592522689904611,0.032970813595151,0.184545255528754,0.231296869052519,0.00357459260165789
"84",0,0.0392925871116787,0.0216224368609675,0.1143398997495,0.313731109454925,0.0589846710273751,0.0328743260524395,0.184662143025847,0.230937811715324,0.00355501500194276
"85",0,0.0398610244097882,0.0215541059120669,0.115529988373068,0.312698120954588,0.0587215511181234,0.0327779579901644,0.184756949185516,0.230564468742188,0.00353583331449712
"86",0,0.0404281396913114,0.0214863699890049,0.116716337024689,0.311679924742549,0.0584649692074946,0.0326830612145091,0.184837483162529,0.230186635553993,0.00351707941392042
"87",0,0.0409939410161608,0.0214191556040477,0.117898974500573,0.310676013883212,0.0582146553832781,0.0325895939429561,0.184904253965751,0.229804670539254,0.00349874116476654
"88",0,0.0415584362203351,0.0213524480344011,0.119077928784028,0.309685883190247,0.0579703456120132,0.0324975088153295,0.184957747351774,0.229418895033227,0.00348080695864563
"89",0,0.042121632938057,0.0212862327774187,0.120253227057608,0.308709066949637,0.0577317869008402,0.0324067552027586,0.184998432357933,0.229029600299295,0.00346326551645236
"90",0,0.0426835386164712,0.0212204983554912,0.121424895870146,0.307745125217717,0.0574987372337458,0.032317282491375,0.185026761301918,0.228637055068321,0.00344610584481483
"91",0,0.0432441605263372,0.0211552339441942,0.122592961172813,0.30679364089251,0.0572709655641745,0.0322290411071574,0.185043170403469,0.228241509170621,0.00342931721872518
"92",0,0.0438035057707985,0.0210904291859426,0.123757448344897,0.305854216555919,0.0570482515327858,0.0321419830641241,0.18504808037583,0.227843195995665,0.003412889174037
"93",0,0.0443615812929316,0.0210260740828696,0.124918382213664,0.304926472323055,0.056830385098095,0.0320560622139085,0.185041897017576,0.227442334254435,0.00339681150346579
"94",0,0.0449183938824693,0.0209621589606147,0.126075787072219,0.304010044227501,0.0566171661193848,0.0319712343523021,0.185025011784729,0.227039129346966,0.00338107425381276
"95",0,0.0454739501819192,0.020898674452537,0.127229686696498,0.303104582965502,0.0564084039213307,0.0318874572442562,0.1849978023405,0.226633774473997,0.00336566772345951
"96",0,0.0460282566922114,0.0208356114872123,0.128380104361567,0.302209752887117,0.056203916855537,0.0318046906021979,0.18496063308148,0.226226451572943,0.00335058245973427
"97",0,0.0466270671268593,0.0207715877881129,0.129526987021461,0.301303849338132,0.0560009601373046,0.0317213064328559,0.184905679915176,0.225806810361525,0.00333575187857275
"98",0,0.0472245029580357,0.0207080582565596,0.130670361961152,0.300408627867635,0.0558018540602644,0.0316387858319643,0.184841340605875,0.225385254349474,0.00332121410903964
"99",0,0.0478205712225839,0.0206449480204805,0.131810252331625,0.299523707602699,0.0556064670241649,0.0315571221580088,0.184767958311542,0.224962012103938,0.00330696122495807
"100",0,0.0484152787657058,0.0205822450117486,0.132946680617534,0.298648705606049,0.0554146647280245,0.0314763004122702,0.184685858375796,0.224537280784973,0.00329298569789864
"101",0,0.0490086322649633,0.0205199373180513,0.134079668645809,0.297783277156694,0.0552263162914131,0.0313962998807308,0.184595355114685,0.224111233135397,0.00327928019225618
"102",0,0.0496006382456211,0.0204580161767159,0.135209237759554,0.296927101044383,0.0550412947259784,0.0313170978139031,0.184496751562241,0.223684025146323,0.00326583752528007
"103",0,0.0501913030913355,0.0203964734416974,0.136335408852101,0.296079876430539,0.0548594774268399,0.031238670667527,0.184390339896195,0.223255799539006,0.00325265065475877
"104",0,0.0507806330526117,0.0203353013853017,0.137458202390103,0.295241319489719,0.054680746333013,0.0311609948207152,0.184276401838916,0.222826688012743,0.00323971267687874
"105",0,0.0513686342538592,0.0202744925840156,0.13857763843033,0.294411161144937,0.0545049879615573,0.0310840469636292,0.18415520906731,0.222396812766893,0.00322701682746975
"106",0,0.0519553126995059,0.0202140398802439,0.139693736634355,0.293589145387449,0.0543320933604723,0.0310078043226669,0.184027023609954,0.221966287621129,0.00321455648422454
"107",0,0.0525406742794307,0.0201539363659615,0.140806516282329,0.292775027988907,0.0541619580143518,0.0309322447899608,0.183892098228341,0.221535218881817,0.0032023251689018
"108",0,0.0531247247738753,0.02009417537003,0.141915996286065,0.291968575484137,0.0539944817212744,0.0308573469952886,0.183750676780759,0.22110370603946,0.00319031654911082
"109",0,0.0537561678279743,0.0200333024709635,0.143022115252931,0.291146971376503,0.0538268630042153,0.0307814024768791,0.183594115681518,0.220660597747301,0.00317846416171447
"110",0,0.0543861620392344,0.019972854589032,0.144124896649828,0.290333314863131,0.0536616205649868,0.0307060024023912,0.183431405628347,0.220216932031085,0.00316681123196469
"111",0,0.0550147138303899,0.0199127550162927,0.145224359708303,0.289527313384476,0.0534986936525603,0.0306311577584801,0.183262782136758,0.219772871786943,0.00315535272579639
"112",0,0.0556418294546198,0.0198529936304319,0.14632052310101,0.288728668984249,0.0533380144718423,0.0305568696008874,0.183088466223701,0.21932855060464,0.00314408392861814
"113",0,0.0562675150216927,0.019793560398922,0.147413404946667,0.287937121035143,0.0531795149491642,0.0304831319364571,0.182908671510765,0.218884079970435,0.00313300023075388
"114",0,0.0568917765141453,0.0197344485529891,0.148503022990259,0.287152430639521,0.0530231274677948,0.030409935705769,0.182723603798604,0.218439557242619,0.0031220970882985
"115",0,0.0575146197981111,0.0196756519067191,0.149589394635225,0.286374377335704,0.052868785606951,0.0303372701621633,0.182533461373711,0.217995069168154,0.00311137001326157
"116",0,0.0581360506316039,0.0196171646493465,0.150672536964166,0.285602755589746,0.0527164245138384,0.0302651236897464,0.182338435292698,0.217550694094471,0.00310081457438323
"117",0,0.0587560746712154,0.0195589812257525,0.151752466752964,0.28483737245728,0.0525659811278887,0.0301934842655301,0.182138709680936,0.217106503417025,0.00309042640140836
"118",0,0.059374697477761,0.0195010962973236,0.152829200482733,0.284078045870399,0.0524173943062689,0.0301223397450018,0.181934462022299,0.216662562607952,0.00308020119026257
"119",0,0.0599919245211734,0.0194435047259548,0.153902754350893,0.28332460334374,0.0522706048878241,0.030051678042589,0.181725863436669,0.216218931983071,0.00307013470808511
"120",0,0.0606077611848311,0.0193862015619523,0.154973144281572,0.282576880969266,0.0521255557159667,0.0299814872478694,0.181513078943496,0.215775667297345,0.00306022279770071
"121",0,0.0612735862736727,0.0193276683284741,0.156040302357701,0.281811019543328,0.0519793582221191,0.0299099773789063,0.181286763257686,0.215320926329246,0.0030503983088668
"122",0,0.0619378700373072,0.0192695139658766,0.157104249498261,0.281051328357453,0.0518346911559844,0.0298388342089612,0.181056460316549,0.214866343807021,0.00304070865258707
"123",0,0.0626006186094444,0.0192116597808102,0.158165002277257,0.280297573096029,0.0516915322943957,0.0297680783858703,0.180822335336249,0.21441204939609,0.00303115082385416
"124",0,0.0632618379668354,0.0191540969957925,0.159222576784054,0.279549511586147,0.0515498499437514,0.0296977196046753,0.180584541054195,0.213958143978858,0.00302172208569241
"125",0,0.0639215339579656,0.0190968168669813,0.160276988625235,0.278806938658017,0.0514096101862259,0.0296277596798748,0.1803432251561,0.213504707124639,0.00301241974496137
"126",0,0.0645797123203801,0.0190398140175499,0.161328253110506,0.278069669751701,0.0512707777639641,0.0295581967739733,0.180098529731212,0.213051805417666,0.00300324111304793
"127",0,0.0652363786919157,0.0189830836289763,0.162376385283524,0.277337537483167,0.0511333169579262,0.0294890268774889,0.179850591505551,0.212599496074051,0.00299418349740153
"128",0,0.0658915386190552,0.0189266212258063,0.163421399940837,0.276610388002436,0.0509971920733953,0.0294202446950279,0.179599542053346,0.212147829185835,0.00298524420426118
"129",0,0.0665451975634967,0.0188704225518282,0.164463311643993,0.275888078589017,0.0508623677637018,0.0293518441543201,0.179345508026353,0.211696849162321,0.00297642054496905
"130",0,0.0671973609075532,0.0188144835303932,0.165502134729449,0.275170475907643,0.050728809244463,0.0292838187274834,0.17908861137655,0.211246595733289,0.0029677098431761
"131",0,0.0678480339587216,0.0187588002488785,0.166537883317632,0.274457454706207,0.0505964824379407,0.0292161616400687,0.178828969568658,0.210797104680053,0.00295910944183998
"132",0,0.0684972219536391,0.0187033689472157,0.16757057132136,0.273748896817607,0.0504653540695161,0.0291488660110913,0.178566695780659,0.210348408389336,0.0029506167095767
"133",0,0.0691997907432006,0.01864658351962,0.168600123973909,0.273019485448802,0.0503323791673714,0.0290800268748322,0.178291637968224,0.209887810301558,0.00294216200248251
"134",0,0.069900706497479,0.0185901490131426,0.169626560651043,0.272295123423394,0.050200429565523,0.0290114488389393,0.178014046761133,0.209427737939281,0.00293379731006491
"135",0,0.0705999753355485,0.0185339831630325,0.170649896186356,0.271575611310379,0.0500695057521881,0.0289431590053281,0.177734041640841,0.208968306530886,0.00292552107544034
"136",0,0.0712976032223114,0.0184780779916177,0.171670144972964,0.270860739850025,0.049939597012743,0.0288751725399592,0.177451730660753,0.208509601770635,0.00291733197899131
"137",0,0.0719935960007919,0.0184224255069479,0.172687320962717,0.27015033759126,0.0498106892158879,0.0288074959699737,0.177167218340858,0.208051687711211,0.00290922870035283
"138",0,0.0726879594112908,0.0183670212454447,0.17370143786101,0.269444253447988,0.0496827658127758,0.0287401317098711,0.176880605021631,0.207594615612313,0.00290120987767602
"139",0,0.0733806991035071,0.0183118612951346,0.174712509157245,0.268742353061426,0.0495558088248902,0.0286730796534861,0.176591987052865,0.207138427751622,0.00289327409982438
"140",0,0.074071820645352,0.0182569420699953,0.175720548142822,0.268044514959318,0.0494297994092777,0.028606338130796,0.17630145696017,0.206683159771765,0.00288541991050303
"141",0,0.0747613295297245,0.0182022601800088,0.176725567921969,0.26735062803807,0.049304718248281,0.0285399044615436,0.176009103632327,0.206228842171877,0.00287764581619978
"142",0,0.0754492311799564,0.0181478123903055,0.177727581420299,0.266660589750065,0.0491805458198885,0.0284737753077303,0.175715012503346,0.205775501333351,0.00286995029505839
"143",0,0.0761355309543259,0.0180935956057536,0.178726601392535,0.265974304762538,0.0490572625911476,0.028407946905706,0.175419265725464,0.205323160257023,0.00286233180550741
"144",0,0.0768202341498833,0.0180396068598221,0.179722640429602,0.265291683939913,0.0489348491582893,0.0283424152240393,0.175121942331103,0.204871839113173,0.00285478879417507
"145",0,0.0775633222213364,0.017984106039727,0.180715615043823,0.264585181226612,0.0488100009738627,0.028275101011558,0.17481180581975,0.204407621099772,0.00284724656355936
"146",0,0.0783046214987763,0.0179289430187591,0.181705543886442,0.263883058729157,0.0486858647497285,0.0282079805419021,0.17450012094831,0.20394410360752,0.00283976301940466
"147",0,0.0790441383405163,0.0178740293421577,0.182692440724761,0.263185133813206,0.0485624559881301,0.0281410865143348,0.17418697793454,0.203481399673717,0.00283233766863686
"148",0,0.0797818789429555,0.017819357348751,0.183676318903079,0.262491212203063,0.048439777324267,0.0280744384491032,0.173872455825153,0.203019590761483,0.00282497024214552
"149",0,0.0805178493782385,0.0177649193196387,0.184657191339503,0.261801139734256,0.0483178270570996,0.0280080463018393,0.173556631109755,0.20255873532416,0.00281766043551014
"150",0,0.0812520556163182,0.0177107113318146,0.185635070735534,0.261114783340691,0.0481966002715984,0.0279419154146512,0.173239576969443,0.202098878454719,0.00281040786523045
"151",0,0.0819845035386773,0.017656730029531,0.18660996960739,0.260432027094067,0.0480760899445986,0.0278760482619443,0.172921363441596,0.201640056021209,0.00280321206098677
"152",0,0.0827151989481394,0.0176029723820729,0.187581900303952,0.259752768041942,0.0479562875876823,0.0278104455014419,0.172602057560627,0.201182297203188,0.00279607247095546
"153",0,0.0834441475762798,0.0175494355439816,0.188550875016989,0.259076913493409,0.0478371836968891,0.0277451065843739,0.172281723522696,0.200725626094082,0.00278898847129953
"154",0,0.0841713550892768,0.0174961168117829,0.189516905789003,0.258404379075565,0.0477187680707471,0.0276800301455513,0.17196042284585,0.200270062795543,0.00278195937668054
"155",0,0.0848968270926762,0.0174430136081477,0.190480004520191,0.257735087304781,0.0476010300430734,0.0276152142615892,0.17163821452148,0.199815624197561,0.00277498445050093
"156",0,0.0856205691353616,0.0173901234706405,0.191440182974787,0.257068966510488,0.0474839586564595,0.0275506566277664,0.17131515515495,0.199362324555188,0.00276806291435953
"157",0,0.0864054748076448,0.0173356373324511,0.192397353031193,0.256377234725615,0.0473641020084713,0.0274841781332855,0.170979358237363,0.198895544427195,0.00276111729678128
"158",0,0.0871884395460727,0.0172814800157949,0.193351532844965,0.255689467647573,0.0472447640717952,0.0274178537729571,0.170642694661647,0.198429558374807,0.00275420906438739
"159",0,0.0879694701107437,0.0172275598414296,0.194302735509681,0.255005493045827,0.0471259693692253,0.0273517194979201,0.170305235208153,0.197964478949567,0.00274733846745306
"160",0,0.0887485730897374,0.017173869408276,0.195250973710273,0.254325126265653,0.0470077285958286,0.0272857973668657,0.169967039683709,0.197500385913117,0.0027405059665401
"161",0,0.0895257549416433,0.017120401225925,0.196196259718099,0.253648224101764,0.0468900475693559,0.0272200993448882,0.169628165958624,0.19703733517817,0.00273371196153062
"162",0,0.0903010220203184,0.0170671517341672,0.197138605607945,0.25297466489083,0.0467729284255173,0.0271546324955063,0.169288669154712,0.196575368924597,0.00272695674640742
"163",0,0.0910743805901436,0.0170141179446877,0.198078023289597,0.252304344344446,0.0466563707921599,0.0270894008148004,0.168948601796458,0.19611451992589,0.0027202405018167
"164",0,0.0918458368368289,0.0169612971912829,0.199014524525633,0.251637171195553,0.0465403724775296,0.0270244063365244,0.168608013936545,0.195654814198793,0.00271356330131082
"165",0,0.0926153968754918,0.0169086869851945,0.199948120941213,0.250973064366112,0.0464249299550661,0.0269596497749262,0.168266953306874,0.195196272673161,0.00270692512196142
"166",0,0.0933830667569682,0.0168562849706944,0.200878824031431,0.250311950944674,0.0463100387093607,0.0268951309365334,0.167925465465257,0.194738912329049,0.00270032585603314
"167",0,0.0941488524728935,0.016804088909045,0.201806645167768,0.249653764704542,0.0461956934920197,0.0268308489934829,0.167583593933514,0.194282747004373,0.00269376532236178
"168",0,0.0949127599598891,0.0167520966672057,0.202731595603935,0.248998444991807,0.0460818885146696,0.0267668026713473,0.167241380324785,0.19382778798947,0.00268724327689253
"169",0,0.0957412522679524,0.0166984123610048,0.203653581914271,0.248315663615248,0.045964982735167,0.0267006889831768,0.166886177579931,0.193358562195162,0.00268067834808718
"170",0,0.09656763240998,0.0166450545267638,0.204572622124604,0.247636618912075,0.0458484720463132,0.026634703454549,0.166530585980172,0.192890174458122,0.00267413608742032
"171",0,0.0973919077183593,0.016591927220518,0.205488728963308,0.246961141807163,0.0457323875245067,0.0265688851098141,0.166174663825539,0.192422740547348,0.00266761728344423
"172",0,0.0982140853372052,0.016539023094712,0.206401914753071,0.246289050082061,0.0456167454463002,0.0265032582535142,0.16581845831617,0.19195634178581,0.00266112293115682
"173",0,0.0990341722709067,0.0164863346819874,0.207312191404276,0.245620204889209,0.0455015567418943,0.0264378364911633,0.165462015115219,0.191491034459206,0.00265465394613805
"174",0,0.099852175412268,0.0164338586202784,0.208219570641675,0.244954489746928,0.0453868282685965,0.0263726282133369,0.165105377473999,0.191026860505878,0.00264821111703922
"175",0,0.100668101559741,0.0163815921329445,0.20912406403671,0.244291806120017,0.0452725640586671,0.0263076385351822,0.16474858637731,0.190563852081396,0.0026417950980328
"176",0,0.101481957429551,0.0163295327692482,0.210025683025507,0.243632068828107,0.0451587660539197,0.0262428704653357,0.164391680661088,0.190102034351504,0.00263540641573848
"177",0,0.102293749664704,0.0162776782534305,0.210924438918538,0.242975203064141,0.0450454346249513,0.0261783255865366,0.164034697157229,0.189641427249683,0.00262904548078619
"178",0,0.103103484841961,0.0162260264387038,0.211820342907745,0.242321142269722,0.0449325689433764,0.0261140044920607,0.163677670834112,0.189182046671807,0.00262271260051253
"179",0,0.103911169477419,0.0161745752908048,0.212713406072747,0.241669826582044,0.0448201672585548,0.0260499070757975,0.163320634928417,0.188723905322863,0.00261640799135233
"180",0,0.104716810031066,0.0161233228764865,0.213603639386423,0.241021201671562,0.044708227107605,0.025986032731917,0.162963621065906,0.188267013338688,0.0026101317903458
"181",0,0.105593561849538,0.0160701994842244,0.214490939544577,0.24034196830014,0.0445927435513368,0.0259198454835541,0.162592631766369,0.187794315335314,0.00260379468494648
"182",0,0.106467997979573,0.0160174100447902,0.215375324986083,0.239666411249657,0.0444775697479929,0.0258537650599072,0.16222159052598,0.187322461057475,0.00259746934854144
"183",0,0.107340126569041,0.0159648498931368,0.21625680837084,0.238994354609233,0.0443627434652818,0.0257878351610196,0.16185054871859,0.186851576190078,0.00259115702277968
"184",0,0.1082099555485,0.0159125113695623,0.217135401935823,0.238325608086924,0.0442482860762385,0.0257220832637565,0.161479545879416,0.186381748672452,0.00258485916732728
"185",0,0.109077492689186,0.0158603866570622,0.218011117486399,0.237660028757184,0.0441342129526006,0.0256565250528018,0.161108620249192,0.185913039010268,0.00257857714530705
"186",0,0.109942745636518,0.015808472406865,0.218883966643035,0.236997497980577,0.044020534872011,0.0255911704522601,0.160737807797258,0.185445492040579,0.00257231217089781
"187",0,0.110805721930517,0.0157567658964443,0.219753960875878,0.236337916523874,0.0439072593939192,0.0255260257604072,0.160367142370113,0.184979141947861,0.00256606530098763
"188",0,0.111666429020104,0.0157052647487986,0.220621111523829,0.235681199517144,0.0437943916713283,0.0254610949362332,0.159996655808886,0.184514015330864,0.00255983744281236
"189",0,0.112524874273656,0.0156539667684949,0.221485429804573,0.235027273184962,0.0436819350255077,0.0253963803489285,0.159626378096917,0.184050133130215,0.00255362936674523
"190",0,0.113381064987141,0.015602869892044,0.22234692682186,0.234376072521189,0.0435698913589619,0.025331883258704,0.159256337502889,0.183587511936839,0.00254744172037193
"191",0,0.11423500839059,0.0155519721703244,0.22320561357182,0.233727539592682,0.0434582614632594,0.0252676041365833,0.15888656071468,0.183126164917802,0.00254127504225966
"192",0,0.115086711653337,0.0155012717563515,0.224061500948607,0.233081622272503,0.0433470452533875,0.0252035428847116,0.15851707296141,0.182666102494917,0.00253512977477552
"193",0,0.116011258142395,0.0154486614621795,0.224914483500075,0.232404214335756,0.0432321317717343,0.0251370949498936,0.158133444739025,0.182189796758602,0.00252891434033879
"194",0,0.116933270881913,0.0153963869886729,0.22576457976823,0.231730446723237,0.0431174814361108,0.0250707470619839,0.157750020135326,0.181714363206619,0.00252270379790786
"195",0,0.117852758931549,0.0153443416251494,0.226611802403153,0.231060141851653,0.0430031350991047,0.0250045444804887,0.157366845254617,0.181239930670423,0.00251649968386303
"196",0,0.118769731110401,0.0152925177063181,0.227456163631693,0.23039310790342,0.0428891166987912,0.0249385157854417,0.15698395418979,0.180766589226306,0.00251030374784006
"197",0,0.119684196061804,0.0152409073887773,0.228297675247634,0.229729201684835,0.0427754439187108,0.0248726774353593,0.156601379874838,0.180294400757479,0.00250411763056373
"198",0,0.12059616229076,0.01518950737205,0.229136348862527,0.229068304940405,0.0426621296416461,0.0248070399561498,0.156219153079028,0.179823411046975,0.00249794281045758
"199",0,0.121505638186732,0.0151383149880485,0.229972195940609,0.228410319295889,0.0425491833670489,0.0247416101344547,0.155837302558052,0.179353654933703,0.00249178059546352
"200",0,0.122412632039581,0.0150873279174845,0.230805227818056,0.227755161066102,0.042436612049456,0.0246763923397489,0.155455855171951,0.178885159466365,0.00248563213125539
"201",0,0.123317152051325,0.0150365440233249,0.231635455713054,0.227102757889271,0.0423244206930172,0.0246113892951804,0.155074836033565,0.178417945886531,0.00247949841473159
"202",0,0.124219206345181,0.0149859613004527,0.232462890733075,0.22645304633335,0.0422126127795721,0.024546602572402,0.154694268652128,0.177952030975021,0.00247338030881717
"203",0,0.125118802972734,0.0149355778577619,0.233287543881178,0.225805970150172,0.0421011905884036,0.0244820329209202,0.154314175067165,0.177487428004725,0.00246727855694005
"204",0,0.126015949919745,0.0148853919056806,0.234109426061611,0.225161478971944,0.0419901554402234,0.0244176804951634,0.153934575970147,0.177024147438968,0.00246119379651813
"205",0,0.126992290144567,0.0148331306224484,0.234928422687019,0.224482560755732,0.0418750342733461,0.0243507108063924,0.153539720626862,0.176543103735159,0.00245502634847514
"206",0,0.127965842707714,0.0147812173214945,0.235744552970899,0.223807360750299,0.0417601402099328,0.0242838314743828,0.153145258828023,0.176062937502549,0.00244885823470521
"207",0,0.128936617860046,0.0147295367933697,0.236557829765572,0.223135690255401,0.0416455190318056,0.0242170920009314,0.152751234678653,0.175583788338688,0.00244269127553365
"208",0,0.129904625571782,0.0146780809620722,0.237368265477451,0.222467345433069,0.0415311981127169,0.0241505237475573,0.152357679374966,0.175105753799026,0.00243652752135862
"209",0,0.13086987560921,0.0146268415361566,0.238175872055145,0.221802175136125,0.0414171979916518,0.0240841448974569,0.151964623034062,0.174628900838007,0.00243036890218631
"210",0,0.13183237757893,0.0145758151137916,0.238980661259435,0.221140055190121,0.0413035339554739,0.0240179671789026,0.151572093593413,0.17415327896073,0.00242421716920277
"211",0,0.132792140954739,0.014524998966773,0.239782644700465,0.220480882869241,0.0411902175787963,0.0239519982493054,0.151180116970957,0.173678925824137,0.00241807388558649
"212",0,0.13374917509639,0.0144743907374965,0.240581833858208,0.219824571255363,0.0410772576353734,0.0238862431318972,0.150788717188156,0.173205870661905,0.00241194043521123
"213",0,0.134703489263398,0.0144239882601103,0.241378240093051,0.219171045585503,0.0409646607445376,0.023820705053514,0.150397916526214,0.172734136436524,0.0024058180371491
"214",0,0.135655092625629,0.0143737895067236,0.242171874653412,0.2185202406568,0.0408524318369001,0.023755385982413,0.150007735677076,0.172263741299399,0.00239970776164749
"215",0,0.136603994271679,0.0143237925683413,0.242962748682308,0.21787209893588,0.040740574502423,0.02369028698627,0.149618193883981,0.171794699623326,0.00239361054579228
"216",0,0.137550203215636,0.0142739956416002,0.243750873223183,0.21722656914876,0.0406290912562227,0.0236254084790336,0.149229309068826,0.17132702275861,0.00238752720812807
"217",0,0.138578921350835,0.0142220458466933,0.244536129407552,0.216545095387066,0.0405133095917455,0.023557789688704,0.148824589017894,0.17084076613574,0.00238135357377032
"218",0,0.139604573317667,0.0141704527423024,0.24531853692973,0.215867427901934,0.040397738384297,0.0234902602279949,0.148420418599313,0.170355416221639,0.00237517567512335
"219",0,0.140627170729951,0.0141190968135642,0.246098108885135,0.215193370225015,0.0402824263749618,0.0234228719479357,0.148016840500416,0.169871118978086,0.00236899554493545
"220",0,0.141646724882347,0.014067969767472,0.246874857911295,0.214522710751225,0.0401674030569553,0.0233556577483072,0.14761388396935,0.16938797646233,0.00236281545071824
"221",0,0.142663246837721,0.0140170630696639,0.247648796174524,0.213855292939797,0.0400526907413669,0.0232886367672591,0.147211577198017,0.168906058742209,0.00235663752944354
"222",0,0.143676747477564,0.0139663732416019,0.24841993564907,0.213190988480956,0.0399383062160437,0.0232218213950018,0.146809946173247,0.168425417639824,0.00235046372669133
"223",0,0.144687237532629,0.0139158974981911,0.249188288155404,0.212529691477357,0.0398242623553276,0.0231552197636189,0.146409014845569,0.167946092584703,0.00234429578719969
"224",0,0.145694727604307,0.013865633436698,0.249953865381334,0.211871312539732,0.0397105690742358,0.0230888372474794,0.146008805257885,0.167468114194236,0.00233813526409138
"225",0,0.146699228180354,0.0138155788520832,0.25071667889292,0.211215774963483,0.0395972340057044,0.0230226773386757,0.14560933770829,0.166991506524326,0.00233198353416428
"226",0,0.14770074964695,0.0137657316815255,0.251476740142322,0.210563012012449,0.039484262988942,0.0229567422092031,0.145210630907081,0.166516288596801,0.00232584181472711
"227",0,0.148699302298231,0.0137160899846519,0.252234060474566,0.209912964940039,0.0393716604347547,0.0228910330853125,0.144812702122624,0.166042475479711,0.00231971118011071
"228",0,0.149694896343978,0.0136666519297515,0.252988651133544,0.20926558151324,0.0392594296047839,0.0228255505057341,0.144415567313269,0.165570079078609,0.00231359257709111
