"","Alive","Death","ODN","ODF","REL","BUP","BUPC","MET","METC","ABS"
"0",0,0,0,0,0,1,0,0,0,0
"1",0,0.000327263472410522,0.00278496601078572,0.000134953176767937,0.352249190900672,0.635195231104071,0,0,0,0.00930839533529266
"2",0,0.00345499502642843,0.0353178844516745,0.00184637826598534,0.323011017378225,0.518036159398089,0.0224395915406989,0.00719640221175165,0.0788412337700848,0.00985633795706192
"3",0,0.00589140229256002,0.0310117261587329,0.00334913662855422,0.373871465872043,0.437911630944206,0.0283451236274003,0.010459893482137,0.0987583580557833,0.0104012629385833
"4",0,0.00818743528086585,0.0319813691462592,0.00489888170514066,0.391111188869912,0.380858530556536,0.0352971349687061,0.0139224151789345,0.123194367462895,0.0105486768307508
"5",0,0.0103345286732255,0.0320412865202819,0.00645153024264427,0.409573444105483,0.336441738736536,0.0396917463912506,0.0166166801742872,0.138257880405349,0.0105911647509424
"6",0,0.0123858846161347,0.0324006488211402,0.00802159266739952,0.421774654159235,0.30113688749188,0.0434892993709003,0.0190521868573652,0.151199284598848,0.0105395614170963
"7",0,0.0143548553620093,0.0327686883582167,0.00960948945871878,0.431776608946896,0.272212767692922,0.046479665437307,0.0211773492522312,0.161173461551506,0.010447113940192
"8",0,0.0162589762946669,0.0331695162070602,0.0112168094642995,0.439344040682843,0.248148624171418,0.0490045368002382,0.0230883064144807,0.169441122024915,0.0103280679400787
"9",0,0.0181089058043045,0.0335591974428618,0.0128430125443935,0.445317931209936,0.227824249705498,0.0511239245139273,0.0248069610346708,0.176219126655354,0.0101966910890544
"10",0,0.0199139388894303,0.0339314708886706,0.0144872551567272,0.449945178912504,0.210471322470196,0.0529392816424208,0.0263660791302813,0.181885772934707,0.0100596999750623
"11",0,0.0216811452782408,0.0342773249587462,0.0161482570778905,0.453531978735317,0.195513281488453,0.0545028188606643,0.0277850354602047,0.186638216440002,0.00992194170048078
"12",0,0.0234163365359094,0.0345945773967345,0.0178246323372483,0.45626531702372,0.182517743231065,0.0558609736134213,0.0290812952463312,0.190652971354364,0.00978615326120557
"13",0,0.0251464698609265,0.0348812348981506,0.0195148983731221,0.458293049764688,0.171145997383551,0.0570452578901563,0.0302676980323524,0.194051392493473,0.00965400130358021
"14",0,0.0268530640934567,0.0351386370882915,0.0212176375390564,0.45974718568185,0.161137922540726,0.058083348636068,0.0313562133398881,0.19693948286904,0.00952650821162345
"15",0,0.0285392697568259,0.0353677332158195,0.0229314781870466,0.460725643582515,0.152282691938141,0.058995884187314,0.032356363532795,0.199396744456822,0.00940419114272194
"16",0,0.0302076941019218,0.0355699045412826,0.0246551156018616,0.461306350304679,0.144409785383348,0.0597996887445607,0.0332763400346617,0.201487869334886,0.00928725195279812
"17",0,0.0318604988902301,0.0357466707638237,0.026387318709466,0.461553217971116,0.13737963228426,0.0605084562931475,0.0341232122488232,0.203265296390167,0.00917569644896619
"18",0,0.0334994826965392,0.0358996200676223,0.0281269333956505,0.461518670244177,0.131076915685766,0.0611335540508069,0.0349031666936088,0.204772254430417,0.0090694027354137
"19",0,0.0351261448649702,0.0360303316964371,0.0298728820727996,0.461246181676748,0.125405523625444,0.06168450023271,0.0356216577074775,0.206044607209863,0.00896817091355043
"20",0,0.0367417375694262,0.0361403419868663,0.0316241616007071,0.46077197769159,0.120284742783602,0.0621693583398411,0.0362835338461849,0.20711239091912,0.00887175526266238
"21",0,0.0383473078084594,0.0362311214005018,0.0333798400944217,0.460126427129505,0.115646325790645,0.0625950208388403,0.036893132801406,0.208000937717697,0.00877988641852318
"22",0,0.039943731747999,0.0363040634808527,0.03513905319697,0.459335102030932,0.111432210864217,0.0629674310218009,0.0374543579245672,0.208731763636139,0.00869228609652236
"23",0,0.0415317428801545,0.0363604795594358,0.0369010000955489,0.45841962599123,0.107592725658653,0.0632917529829179,0.0379707391652674,0.209323256744007,0.00860867692278582
"24",0,0.0431119552592025,0.0364015976426301,0.0386649394837769,0.457398348379779,0.104085159046085,0.0635725053183919,0.0384454827501795,0.209791223312703,0.00852878880725274
"25",0,0.0447128271504417,0.0364273743619446,0.0404301279537333,0.456271456940235,0.100870136149032,0.0638118856201808,0.0388805222884974,0.210143383497263,0.00845228603867179
"26",0,0.046306724982896,0.0364401011825957,0.0421959331367376,0.455067755666573,0.0979182350518324,0.0640151870585846,0.0392794870519937,0.210397592972789,0.00837898289599774
"27",0,0.0478940015711377,0.0364407283592753,0.0439617687113104,0.453799067642452,0.0952015347571656,0.0641854849545768,0.0396448181647538,0.2105639404332,0.00830865540612875
"28",0,0.0494749533816756,0.0364301915914355,0.0457270936978591,0.452474947856466,0.0926956719514432,0.064325625916868,0.0399787868182628,0.210651639151683,0.00824108963430667
"29",0,0.0510498268430662,0.0364093376848625,0.047491408151091,0.451103822524419,0.0903792581700795,0.064438127951359,0.0402834764392237,0.210668654445908,0.00817608778999147
"30",0,0.0526188267724402,0.0363789583893345,0.0492542504921234,0.44969287990718,0.0882334773186596,0.064525270090719,0.0405608141832078,0.210622056698279,0.00811346614805592
"31",0,0.0541821226473993,0.036339785083272,0.0510151945830239,0.448248341132184,0.0862417204467656,0.0645891079392361,0.0408125820417125,0.210518090998038,0.00805305512836856
"32",0,0.0557398542363363,0.0362924955510161,0.0527738471297614,0.44677556821385,0.0843892882744145,0.0646315064108872,0.0410404318738623,0.210362309936183,0.00799469837368932
"33",0,0.0572921362718163,0.0362377170168436,0.0545298452321802,0.445279196678737,0.082663136565495,0.0646541604293234,0.0412458966809558,0.210159659101661,0.00793825202298822
"34",0,0.0588390624511458,0.0361760300985773,0.0562828541255556,0.443763234183875,0.0810516612600268,0.0646586148584869,0.0414304011772716,0.209914557996043,0.00788358384901873
"35",0,0.0603807088199948,0.0361079721855384,0.0580325650858383,0.442231149214375,0.0795445150402369,0.0646462807269354,0.041595270930902,0.20963096557081,0.00783057242536876
"36",0,0.0619171366498058,0.0360340407088751,0.0597786934933717,0.440685945050116,0.078132450613932,0.0646184494817175,0.041741740581636,0.209312437120872,0.00777910629967443
"37",0,0.0634825200493838,0.0359532041884248,0.0615209047452948,0.439111398534516,0.0768047238356513,0.0645740115982481,0.0418696133887482,0.208954631549743,0.00772899210998973
"38",0,0.0650426120802154,0.0358674327342407,0.0632589597058401,0.437528635583399,0.0755564087483466,0.064516354855816,0.0419812856249696,0.208568105953559,0.00768020471361338
"39",0,0.0665974367670078,0.0357770681943015,0.0649926358044226,0.43594015299643,0.0743807831815807,0.0644463970576915,0.0420777420734438,0.208155117716231,0.00763266620889182
"40",0,0.0681470152354104,0.0356824962950789,0.0667217291618933,0.434347343185331,0.0732718512948459,0.0643651134579699,0.0421599373059264,0.207718215242998,0.00758629882054614
"41",0,0.0696913629546376,0.0355840474503271,0.0684460519102085,0.432751701773051,0.072224177799573,0.0642733523373235,0.0422287500172568,0.207259523352326,0.00754103240529694
"42",0,0.0712304915368068,0.0354820371967245,0.0701654314715214,0.431154442218414,0.0712328555149526,0.0641719099102695,0.0422850057378123,0.206781024720252,0.00749680169324619
"43",0,0.0727644091528877,0.0353767555667273,0.0718797093223041,0.429556651248838,0.0702934379570476,0.0640615150757149,0.0423294753807284,0.206284499582641,0.00745354671311104
"44",0,0.0742931213257791,0.0352684723349421,0.0735887400116983,0.427959262381168,0.0694018931811286,0.0639428428884982,0.0423628812063211,0.20577157455734,0.0074112121131246
"45",0,0.0758166314811717,0.0351574374556265,0.0752923902010657,0.426363088828203,0.068554558610625,0.0638165169816325,0.0423858996748318,0.20524372989425,0.00736974687259388
"46",0,0.0773349414673217,0.0350438828742238,0.0769905377913215,0.424768833733798,0.0677481027894288,0.0636831148835229,0.0423991649069108,0.204702317646178,0.00732910390729452
"47",0,0.0788480519807578,0.0349280237640284,0.0786830711101938,0.423177105720432,0.0669794910765637,0.0635431716262475,0.0424032715445021,0.204148573432231,0.00728923974504334
"48",0,0.0803559629310671,0.0348100598164981,0.0803698881620087,0.421588430316496,0.0662459555009659,0.063397183360899,0.042398777480252,0.203583628219897,0.00725011421191599
"49",0,0.0818924988339034,0.03468868543315,0.0820508236847322,0.41998464359141,0.0655427579961569,0.0632432817535257,0.0423847965978415,0.203000911158417,0.00721160095086269
"50",0,0.0834236685659927,0.0345656188602799,0.0837257956786735,0.418384789501261,0.0648698098479375,0.0630842385709053,0.0423632130888582,0.202409133856196,0.00717373202989606
"51",0,0.0849494654542126,0.0344409660871558,0.0853947272801429,0.41678975953395,0.0642249573332368,0.0629203653443995,0.0423344692660935,0.201808805733394,0.00713648396741503
"52",0,0.0864698871357035,0.0343148956778459,0.0870575497936855,0.41519953135958,0.0636062878259866,0.0627520859229332,0.0422990160462014,0.20120091777475,0.00709982846331374
"53",0,0.0879849315615336,0.0341875368146887,0.0887142007837317,0.413614378180534,0.0630120201649654,0.0625797416884084,0.0422572628325784,0.200586187446988,0.00706374052657166
"54",0,0.0894945978609291,0.0340590191069243,0.0903646240952832,0.412034447856839,0.06244052391546,0.0624036638531043,0.0422095979715487,0.199965329302409,0.00702819603750302
"55",0,0.0909988859212714,0.0339294605542856,0.092008769291343,0.410459900940018,0.0618902956954159,0.0622241536171412,0.0421563846390606,0.199338976787705,0.00699317255375954
"56",0,0.0924977964819663,0.0337989717856801,0.0936465912957417,0.408890864656204,0.0613599514377885,0.0620414923670852,0.0420979646071922,0.198707718417544,0.00695864895079816
"57",0,0.0939913310842279,0.0336676554678774,0.0952780500073102,0.407327450534004,0.0608482145773808,0.0618559409132219,0.0420346590242737,0.198072092955169,0.0069246054365352
"58",0,0.0954794920799841,0.0335356072028397,0.0969031099575349,0.405769750876173,0.0603539069993071,0.0616677420666674,0.0419667700136743,0.197432597373715,0.00689102343010539
"59",0,0.0969622826216948,0.0334029159116963,0.0985217399868198,0.404217842581999,0.0598759402861507,0.0614771217651195,0.0418945818260317,0.196789689532433,0.0068578854880555
"60",0,0.0984397066562486,0.0332696643440519,0.100133912945428,0.402671788340646,0.0594133080046701,0.0612842904756845,0.0418183620090208,0.196143792005902,0.00682517521834792
"61",0,0.0999484733907575,0.033134312089649,0.101739527038814,0.401111463663044,0.0589628009924028,0.0610868883453527,0.0417367880253612,0.195486965535152,0.00679278091946632
"62",0,0.101451700283938,0.0329986099403824,0.103338565311861,0.399557116749518,0.0585258349248324,0.0608876759094867,0.0416516574971254,0.194828079971874,0.00676075941098204
"63",0,0.102949387318237,0.0328625656894,0.10493101118709,0.398009392487831,0.0581015702871573,0.0606867285454807,0.0415631719369611,0.194167066261571,0.00672910628627145
"64",0,0.104441539787765,0.0327262633252195,0.106516852156918,0.39646797165059,0.05768929676449,0.0604842653350965,0.0414715603330662,0.193504440591853,0.00669781005500084
"65",0,0.1059281636975,0.0325897509775797,0.10809607804602,0.394932900567499,0.0572883257444036,0.0602804321395142,0.041377022512409,0.1928404650337,0.00666686128137423
"66",0,0.107409266580869,0.0324530839505753,0.109668681358981,0.393404120966133,0.0568980239364323,0.0600753801832387,0.0412797506498292,0.192175442342265,0.00663625003167505
"67",0,0.108884856911665,0.0323163110245237,0.111234656964174,0.391881618373171,0.0565177980755097,0.0598692427681868,0.0411799236635092,0.191509625320014,0.0066059668992469
"68",0,0.110354944108339,0.0321794786457586,0.112794001980652,0.39036536735785,0.0561470961029542,0.0596621453914029,0.0410777104200056,0.190843253267051,0.00657600272598658
"69",0,0.111819538395354,0.0320426298438843,0.11434671561259,0.38885534775593,0.0557854027760978,0.0594542038132579,0.0409732696993966,0.190176543375972,0.00654634872751723
"70",0,0.113278650745677,0.0319058048209846,0.115892799012263,0.387351537854398,0.0554322374169988,0.0592455259247741,0.0408667511341132,0.189509696633418,0.00651699645737287
"71",0,0.114732292815026,0.0317690410062106,0.117432255145679,0.385853916096516,0.0550871511737481,0.0590362120874404,0.0407582957118529,0.188842898148973,0.00648793781455353
"72",0,0.116180476891838,0.0316323732772768,0.118965088668941,0.38436246018708,0.0547497247119287,0.0588263558565391,0.040648036353018,0.188176319024271,0.00645916502910725
"73",0,0.11765933561111,0.0314942492979622,0.120491229015438,0.382857305687206,0.0544173880439873,0.0586135152898973,0.0405345234134933,0.18750187755649,0.00643057608441603
"74",0,0.119132578416196,0.0313563455551771,0.122010686857335,0.381358301088676,0.05409194732828,0.0584003249335289,0.0404194388332412,0.18682814329211,0.00640223369545588
"75",0,0.120600213104962,0.0312186321900553,0.123523471419904,0.379866033389991,0.0537730205238911,0.0581867658446667,0.0403028721187508,0.186154851196198,0.00637414021158116
"76",0,0.122062252496463,0.0310811569209437,0.125029594240743,0.378380139293569,0.0534603185858912,0.0579729684132415,0.0401849467024641,0.185482332892732,0.00634629045395242
"77",0,0.123518709834723,0.0309439345528145,0.126529067574862,0.376900625637489,0.0531535415456243,0.0577589960472112,0.0400657631645589,0.184810680799791,0.00631868084292711
"78",0,0.124969599604702,0.0308069891975957,0.128021904845683,0.375427400836255,0.0528524148632217,0.0575449230171184,0.0399454202677102,0.184140040474471,0.00629130689324257
"79",0,0.126414936942159,0.0306703406038192,0.129508120433597,0.373960421924381,0.0525566767336103,0.0573308108377587,0.0398240090038745,0.183470519250467,0.00626416427033344
"80",0,0.127854737638876,0.0305340081474934,0.130987729657912,0.372499639317847,0.0522660815925981,0.0571167179970438,0.0397016154523163,0.182802221652054,0.00623724854385979
"81",0,0.12928901800615,0.0303980096218075,0.132460748700154,0.371045012428724,0.0519803978389296,0.0569026976878592,0.0395783204269725,0.182135239948069,0.00621055534133359
"82",0,0.130717794821214,0.0302623616921483,0.133927194549418,0.36959650235644,0.0516994074967289,0.0566887993613129,0.0394542001176495,0.181469659266714,0.00618408033837478
"83",0,0.132141085266623,0.0301270798308125,0.135387084944548,0.368154073151395,0.0514229052129311,0.0564750687771856,0.0393293263151412,0.180805557211409,0.00615781928995468
"84",0,0.13355890688647,0.0299921784262309,0.136840438321621,0.366717690535124,0.0511506975254431,0.0562615484598988,0.03920376672911,0.180143005078588,0.00613176803751353
"85",0,0.135010776785411,0.0298559486514835,0.138287190310814,0.36526562778595,0.0508802605889436,0.0560455048837962,0.0390758456870853,0.17947302619368,0.00610581911283696
"86",0,0.13645700855695,0.029720192445344,0.139727363860193,0.363819579484096,0.0506137552886482,0.0558297758614567,0.0389473522970892,0.178804927366043,0.0060800448401798
"87",0,0.1378976139488,0.0295848580404175,0.141160979409295,0.362380187255378,0.0503509769032969,0.0556142909197238,0.0388183190435268,0.178138323013556,0.00605445146600632
"88",0,0.13933260994973,0.0294499794892608,0.142588059047766,0.36094704861438,0.0500918083941089,0.0553991472964026,0.0386888195423633,0.177473490913612,0.00602903675237626
"89",0,0.140762013726182,0.0293155561386156,0.144008624833597,0.3595201697192,0.049836106947262,0.055184371394726,0.0385589057544503,0.176810451447391,0.00600380003857575
"90",0,0.142185843544682,0.0291815985967713,0.145422699338833,0.35809944913232,0.0495837451431762,0.0549700044254604,0.0384286309709973,0.176149289357097,0.00597873949066324
"91",0,0.143604118131724,0.0290481137340207,0.146830305468438,0.356684839826635,0.0493345978905997,0.0547560761341047,0.0382980430405864,0.175490052494885,0.00595385327900611
"92",0,0.145016856693492,0.0289151089780394,0.148231466487303,0.355276288100385,0.0490885471838787,0.0545426153695354,0.0381671873399341,0.174832790530675,0.00592913931675652
"93",0,0.146424078777085,0.0287825909229945,0.149626205979859,0.353873750726606,0.0488454803913561,0.0543296474088904,0.0380361062086664,0.174177544144767,0.00590459543977544
"94",0,0.147825804223345,0.028650565767703,0.151014547830918,0.352477186781859,0.0486052906249006,0.0541171955221228,0.0379048394946151,0.173524350349367,0.00588021940516939
"95",0,0.149222053111262,0.0285190391871952,0.15239651620029,0.35108655896607,0.0483678763123905,0.0539052808848578,0.0377734246489979,0.172873241754435,0.00585600893450177
"96",0,0.150612845720612,0.028388016399912,0.153772135500659,0.349701832117151,0.0481331410148652,0.0536939229509203,0.0376418969340091,0.172224247632236,0.00583196172963534
"97",0,0.152039675840974,0.0282557072300014,0.155141343396822,0.348300194533203,0.0478985608530795,0.053480224655372,0.037508451296539,0.171567875391792,0.00580796680221716
"98",0,0.153460870733558,0.0281239816316908,0.156504168167344,0.346904427003958,0.0476664704787727,0.0532671480777523,0.0373749471131075,0.170913884779739,0.00578410201407785
"99",0,0.154876444146163,0.0279927774784924,0.157860635080279,0.345515207717536,0.0474367423857643,0.0530545977150372,0.0372413880200061,0.170261831720248,0.00576037573647449
"100",0,0.156286415212694,0.0278621227999019,0.159210770761929,0.344132114130543,0.0472093362107474,0.0528426564290472,0.0371078227629365,0.169611974379264,0.00573678731293725
"101",0,0.157690803099238,0.0277320098344742,0.160554601462494,0.342755154985861,0.0469841791990316,0.0526313334790594,0.0369742787970098,0.168964301463613,0.00571333767921964
"102",0,0.159089627998472,0.0276024430437492,0.161892153648367,0.341384225361316,0.0467612101038506,0.052420654958179,0.036840786488739,0.168318871937999,0.00569002645932886
"103",0,0.160482910458667,0.0274734233911454,0.16322345383263,0.340019277867012,0.0465403656752917,0.0522106359121523,0.0367073718614473,0.167675707786947,0.00566685321470686
"104",0,0.161870671413858,0.027344952817358,0.164548528622405,0.338660258025367,0.046321586002802,0.0520012914565554,0.036574059659087,0.167034834831852,0.00564381717071512
"105",0,0.16325293204401,0.0272170327554665,0.165867404694257,0.337307122426263,0.0461048129799666,0.0517926338734444,0.0364408726703285,0.166396271145655,0.00562091741060767
"106",0,0.164629713732178,0.0270896645678419,0.16718010879077,0.335959830064133,0.0458899909564104,0.0515846742079124,0.0363078322347828,0.165760032568844,0.0055981528771264
"107",0,0.166001038012091,0.0269628493888954,0.168486667709499,0.334618343734312,0.0456770665248829,0.0513774221175118,0.0361749582762567,0.16512613181522,0.00557552242133034
"108",0,0.167366926534737,0.0268365881751616,0.169787108294348,0.333282628453809,0.0454659885506838,0.0511708862139733,0.036042269459487,0.164494579495586,0.0055530248222141
"109",0,0.168770624467731,0.0267090258890531,0.171081367498282,0.331928909206934,0.0452541912122289,0.0509620351728417,0.0359078588594191,0.163855442362492,0.00553054533101802
"110",0,0.17016869595047,0.0265820923531202,0.172369475789119,0.330580933194922,0.0450441327620732,0.0507539479052299,0.0357736574578964,0.163218898253257,0.00550816633391298
"111",0,0.171561155626613,0.0264557195417622,0.173651460338308,0.329239411115363,0.0448357213502237,0.0505465145799059,0.0356396535107627,0.162584466321707,0.00548589761535466
"112",0,0.172948023708744,0.0263299330432905,0.174927349557249,0.327903902750967,0.044628954084831,0.0503398126896538,0.0355058833326719,0.161952401351448,0.00546373948114457
"113",0,0.174329320357639,0.0262047215702236,0.176197171310378,0.326574419122088,0.0444237918951431,0.0501338431823735,0.0353723617177318,0.161322676973575,0.00544169387084756
"114",0,0.175705066742194,0.0260800867075323,0.177460953538935,0.325250852064442,0.0442202057134492,0.0499286252093578,0.0352391072606067,0.160695341449208,0.00541976131427473
"115",0,0.177075284338007,0.0259560265922035,0.17871872409388,0.323933153649905,0.0440181624131306,0.0497241668304022,0.0351061347010892,0.160070405138687,0.00539794224269537
"116",0,0.178439994965347,0.0258325405533792,0.179970510793669,0.322621268421187,0.0438176305405069,0.0495204766514943,0.0349734581010867,0.159447883270735,0.0053762367025949
"117",0,0.179799220646294,0.0257096275566541,0.181216341406629,0.321315152468528,0.0436185788115527,0.0493175607411796,0.0348410900967538,0.158827783711839,0.00535464456056885
"118",0,0.181152983563888,0.0255872866494445,0.18245624365493,0.320014764337916,0.0434209769021777,0.0491154242802534,0.0347090423957619,0.15821011270953,0.00533316550609945
"119",0,0.182501306010639,0.0254655167875314,0.183690245210139,0.318720066508696,0.0432247953217969,0.0489140713764033,0.0345773257793315,0.157594873901425,0.00531179910403702
"120",0,0.183844210356795,0.0253443168785074,0.18491837369089,0.317431023739316,0.0430300055358598,0.0487135053992798,0.0344459502362813,0.156982069346735,0.00529054481633617
"121",0,0.185226337619507,0.0252217859760898,0.186140564600241,0.316123091216766,0.04283399493124,0.0485105922417413,0.034312931815256,0.15636141697649,0.00526928462266849
"122",0,0.186602844288565,0.0250998981501097,0.187356849100228,0.314820788454653,0.0426393095981158,0.0483085060352742,0.0341802627636177,0.155743437142025,0.00524810446741079
"123",0,0.187973745437239,0.024978581928768,0.188567254889523,0.313524851868776,0.0424458750014618,0.0481071282328011,0.0340479228823687,0.155127624643166,0.0052270151158962
"124",0,0.189339061882475,0.024857861939764,0.189771810860202,0.312234826567989,0.0422537078150694,0.047906534708281,0.0339159422035735,0.154514236522465,0.00520601750018143
"125",0,0.190698814337705,0.0247377250817279,0.190970545269477,0.31095072506345,0.0420627861410958,0.0477067222175854,0.0337843288360178,0.153903238823639,0.00518511422930302
"126",0,0.192053024529682,0.0246181715571851,0.192163486384376,0.309672436176482,0.0418730975189963,0.047507706687965,0.033653095214895,0.153294675499873,0.00516430643054693
"127",0,0.193401714470097,0.0244991981081183,0.193350662314047,0.308399911189613,0.0416846243587521,0.0473094927665048,0.0335222501273913,0.152688551554492,0.00514359511098363
"128",0,0.19474490649962,0.0243808027851381,0.194532101073179,0.307133093498169,0.0414973499516868,0.0471120858977716,0.0333918019945425,0.152084877439864,0.00512298086002915
"129",0,0.196082623141488,0.0242629833405322,0.195707830567539,0.305871938453632,0.0413112569522545,0.0469154890987499,0.033261758074162,0.151483656308795,0.00510246406284655
"130",0,0.197414887061482,0.0241457376834696,0.19687787860158,0.304616403917978,0.0411263282456993,0.0467197046612809,0.033132124960844,0.150884889964072,0.00508204490359366
"131",0,0.198741721016303,0.0240290636967884,0.198042272877159,0.303366451811153,0.0409425468584602,0.0465247339455308,0.0330029085715411,0.150288577802565,0.00506172342049998
"132",0,0.200063147822381,0.0239129592780287,0.199201040994254,0.302122046395264,0.0407598961258358,0.0463305777170765,0.0328741142697757,0.149694717868425,0.00504149952895973
"133",0,0.201425796569394,0.0237954548389286,0.200354115111035,0.300857546911711,0.0405756697131268,0.0461339607233122,0.0327436592629164,0.149092546765124,0.00502125010445267
"134",0,0.202782819137322,0.0236785942778966,0.201501526428381,0.299598572005294,0.0403925290188607,0.0459381959892908,0.0326136261650099,0.148493071330505,0.00500106564743939
"135",0,0.204134230724809,0.0235623026647506,0.202643302516226,0.298345893689898,0.0402104071741258,0.0457431568576868,0.0324839893938657,0.14789575912313,0.00498095785550839
"136",0,0.205480052546158,0.0234466048045276,0.203779472146498,0.297099036562235,0.0400293324919349,0.0455489206499573,0.0323547762644595,0.147300876417061,0.00496092811716957
"137",0,0.206820305673005,0.02333148640185,0.204910063398403,0.295858014985109,0.0398492922744753,0.045355481824946,0.0322259913085555,0.146708384561641,0.00494097957201452
"138",0,0.208155012224853,0.023216947018996,0.206035104329937,0.294622713480564,0.0396702832637426,0.0451628551304965,0.0320976438128274,0.146118326944631,0.00492111379395222
"139",0,0.209484194602527,0.0231029826597706,0.207154622805451,0.293393082098382,0.0394922963451102,0.0449710435917284,0.0319697394265246,0.145530706249669,0.00490133222083709
"140",0,0.210807875538524,0.0229895907307586,0.20826864656362,0.292169062542494,0.0393153228925154,0.0447800511973514,0.0318422836003883,0.144945531092996,0.0048816358413523
"141",0,0.212126077944338,0.0228767683650509,0.209377203204201,0.290950609049812,0.0391393531905018,0.0445898794949205,0.0317152807370558,0.144362802594733,0.00486202541938696
"142",0,0.213438824870103,0.0227645128954156,0.210480320197699,0.289737678463618,0.0389643773686369,0.0444005293743787,0.0315887347076882,0.143782520625046,0.00484250149741559
"143",0,0.214746139451502,0.0226528216610782,0.211578024885684,0.288530231872393,0.0387903853266298,0.0442120008424745,0.031462648827605,0.143204682678063,0.00482306445457126
"144",0,0.216048044878101,0.0225416920488507,0.2126703444831,0.28732823280928,0.0386173669299657,0.0440242933711507,0.0313370259786983,0.142629284969764,0.00480371453108984
"145",0,0.217394390182206,0.0224290363555929,0.213757205039497,0.286104267234389,0.0384424447887793,0.0438339058111645,0.0312096315654092,0.142044798955311,0.00478432006764981
"146",0,0.218735082133194,0.022317020737552,0.214838637571479,0.284885731839051,0.0382684630319406,0.0436443783317909,0.031082695254527,0.141463012645345,0.00476497845512018
"147",0,0.220070135825124,0.0222055653695362,0.2159146692275,0.283673455355083,0.0380953565342673,0.0434555738896206,0.0309561871187774,0.140883354154024,0.00474570252606756
"148",0,0.221399572814986,0.022094696316272,0.216985328419051,0.282466929880907,0.037923162106422,0.0432675743631233,0.0308301341213428,0.140306107918524,0.00472649405937245
"149",0,0.222723414479085,0.0219843981520689,0.218050642810129,0.281266172678022,0.0377518722255675,0.0430803727554485,0.0307045388929026,0.139731231295724,0.00470735671105307
"150",0,0.224041683313007,0.0218746701961703,0.219110640031743,0.280071061537979,0.0375814892701243,0.0428939839741129,0.0305794092999093,0.139158769926741,0.00468829245021353
"151",0,0.225354402105017,0.0217655080002428,0.220165347499348,0.278881544598125,0.0374120090683752,0.0427084104001116,0.0304547494123153,0.138588725821621,0.00466930309484458
"152",0,0.226661593994373,0.0216569086308498,0.221214792486248,0.277697560961148,0.037243427737924,0.0425236555270067,0.0303305631958622,0.138021107492302,0.00465038997428687
"153",0,0.227963282307908,0.0215488688815139,0.22225900211037,0.276519063173545,0.037075739994413,0.0423397202864745,0.0302068535904242,0.137455915484968,0.00463155417038394
"154",0,0.229259490518102,0.0214413857772259,0.223298003345479,0.27534600655097,0.0369089401680561,0.0421566049633411,0.0300836230605529,0.136893149095424,0.00461279652084747
"155",0,0.23055024218683,0.0213344563671194,0.224331823022348,0.274178350953649,0.0367430221320932,0.0419743089468194,0.0299608735636392,0.136332805145814,0.00459411768168917
"156",0,0.231835560932124,0.0212280777676732,0.225360487832018,0.273016058852785,0.0365779795230151,0.0417928311016178,0.0298386066768427,0.135774879160437,0.00457551815348606
"157",0,0.233166550642814,0.0211201283456896,0.226383921655971,0.27183102248609,0.0364108736138462,0.0416085834944138,0.0297145253569126,0.135207531573535,0.00455686283072821
"158",0,0.234491848138544,0.0210128094577842,0.227402155048467,0.270651335338193,0.0362446171468889,0.0414251940568486,0.0295909195543608,0.134642869124595,0.00453825213431924
"159",0,0.235811468818519,0.0209060396897409,0.228415214618616,0.269477848808581,0.0360791465106815,0.0412425212284046,0.0294677572439753,0.134080303618786,0.00451969946269551
"160",0,0.237125434747452,0.0207998454082985,0.229423128253203,0.26831004108821,0.0359145029180255,0.0410606486842932,0.0293450649914191,0.133520127060652,0.00450120684844734
"161",0,0.238433767778106,0.0206942107559489,0.230425923070592,0.267147930371116,0.0357506817764538,0.0408795686534074,0.0292228443752243,0.132962294966366,0.00448277825278548
"162",0,0.239736490912548,0.0205891349061958,0.231423626149098,0.265991391263336,0.0355876885832519,0.040699295994986,0.0291011024318232,0.13240685386472,0.00446441589404181
"163",0,0.24103362744622,0.0204846131969775,0.232416264341122,0.264840370824275,0.0354255219548757,0.0405198326953362,0.0289798423391094,0.131853805372109,0.00444612182997444
"164",0,0.242325201031857,0.0203806425239904,0.233403864348638,0.263694806776202,0.0352641806891853,0.0403411819301103,0.0288590672210624,0.13130315786972,0.00442789760923435
"165",0,0.243611235511121,0.020277219512767,0.234386452710101,0.262554650701346,0.0351036620216089,0.0401633442651827,0.0287387791926338,0.130754911565119,0.00440974452012032
"166",0,0.244891754872366,0.0201743410349722,0.235364055812374,0.261419857031422,0.034943962679578,0.0399863196305537,0.0286189799253512,0.130209065419406,0.00439166359397709
"167",0,0.246166783193023,0.0200720039956308,0.236336699892345,0.260290384887597,0.0347850788125766,0.0398101070597451,0.0284996706116257,0.12966561587775,0.00437365566970705
"168",0,0.247436344605764,0.0199702053771216,0.237304411040672,0.259166196086449,0.0346270062241209,0.0396347050707713,0.0283808520934993,0.129124558080645,0.0043557214209567
"169",0,0.248753231396766,0.0198667728706964,0.238267110082831,0.258018251381531,0.0344667178584866,0.0394564090527277,0.028260145924958,0.12857364039415,0.00433772103785407
"170",0,0.250064373161163,0.019763960750571,0.239224827081342,0.256875580556509,0.0343072191567592,0.0392789655716233,0.0281399223255869,0.12802539262613,0.00431975877031522
"171",0,0.251369785627424,0.0196616854954914,0.240177588051477,0.255739065442634,0.0341484461558023,0.0391022275912226,0.0280201473919877,0.127479205619077,0.00430184862488396
"172",0,0.252669491453792,0.0195599741139637,0.241125420317277,0.254608166297324,0.0339904435853492,0.038926281560321,0.0279008479975334,0.126935381837452,0.00428399283698811
"173",0,0.253963513049688,0.0194588103118313,0.242068350413205,0.253482902827239,0.0338332085653693,0.0387511191117669,0.0277820251379872,0.126393874939928,0.00426619564298629
"174",0,0.255251874013749,0.0193581932271849,0.243006404831958,0.252363145761376,0.0336767486441635,0.0385767554250139,0.0276636855178649,0.125854733109723,0.004248459468967
"175",0,0.256534598240433,0.0192581180578405,0.243939609833532,0.251248840992862,0.033521064155881,0.0384031923402405,0.0275458318690835,0.125317957937142,0.00423078657298524
"176",0,0.257811709990745,0.0191585816098699,0.244867991523149,0.250139924671622,0.0333661555639312,0.0382304329664455,0.0274284669017746,0.124783558090286,0.00421317868217731
"177",0,0.259083233717524,0.0190595804149895,0.245791575837968,0.249036347326256,0.0332120216459353,0.0380584777241078,0.0273115923079338,0.124251533774251,0.00419563725103486
"178",0,0.260349194022722,0.0189611112632212,0.2467103885596,0.247938062424085,0.0330586605923781,0.0378873263952958,0.0271952093476964,0.123721883930367,0.00417816346463475
"179",0,0.261609615598019,0.0188631709831708,0.247624455315976,0.246845028294151,0.0329060699348772,0.0377169778489794,0.027079318810112,0.123194604909118,0.00416075830559702
"180",0,0.262864523190166,0.0187657564874311,0.248533801585418,0.245757206057017,0.0327542467894288,0.0375474304353658,0.0269639211454856,0.122669691727433,0.00414342258225425
"181",0,0.264170713133698,0.0186665517426059,0.249438340616492,0.244643352254798,0.032599942291984,0.0373747008893233,0.0268464520824866,0.122133941448472,0.00412600554014057
"182",0,0.265471075709201,0.0185679609673769,0.250338102160778,0.243534709454929,0.0324463861198888,0.0372028189371668,0.0267294668690987,0.121600859962399,0.00410861981916091
"183",0,0.266765626729982,0.0184698951153206,0.251233111654873,0.242432230139812,0.0322935105812654,0.0370316258220358,0.0266129285166241,0.12106979083741,0.00409128060267818
"184",0,0.268054389520293,0.0183723831729896,0.252123395939991,0.241335334155392,0.032141365400008,0.0368612148409717,0.0264968656800563,0.120541060907384,0.00407399038291438
"185",0,0.269337387103235,0.0182754078776096,0.253008981020837,0.240244044899106,0.0319899488107094,0.0366915769086646,0.0263812790949411,0.120014620466717,0.00405675381818077
"186",0,0.270614643786138,0.0181789684615779,0.253889892864914,0.239158224771665,0.0318392703121729,0.0365227284477846,0.0262661757039099,0.119490522039172,0.00403957361266568
"187",0,0.271886184188737,0.0180830599381047,0.254766157198081,0.238077817345144,0.0316893315658994,0.0363546714821478,0.0261515581804413,0.118968767810407,0.00402245229103834
"188",0,0.273152033325031,0.0179876790456357,0.255637799588145,0.237002755579322,0.0315401343450599,0.0361874094387905,0.0260374292012697,0.118449367672016,0.00400539180472952
"189",0,0.274412216414576,0.0178928222289533,0.25650484543064,0.235932987943797,0.0313916785652546,0.0360209428556235,0.0259237903644073,0.117932322385841,0.00398839381090644
"190",0,0.275666758837733,0.0177984862116129,0.257367319962328,0.234868466043213,0.0312439634745233,0.0358552715985817,0.0258106428222183,0.117417631374379,0.00397145967541158
"191",0,0.27691568607206,0.0177046677598395,0.258225248263268,0.233809146711683,0.0310969875749712,0.0356903945602678,0.0256979872369738,0.116905291276018,0.00395459054491902
"192",0,0.27815902365549,0.0176113637314777,0.259078655261262,0.23275498977646,0.0309507488866473,0.0355263100850227,0.0255858239227858,0.116395297303716,0.00393778737713889
"193",0,0.279453744110773,0.0175162718468492,0.259927454320822,0.231674651539391,0.0308019951305281,0.0353590250629518,0.0254715756230148,0.115874383705699,0.00392089865997031
"194",0,0.280742549055222,0.017421782482087,0.260771674638705,0.230599478756562,0.0306539620396074,0.0351925805681637,0.0253578109351431,0.115356123621751,0.00390403790275933
"195",0,0.282025455201091,0.0173278069302306,0.261611341113125,0.229530427839429,0.0305065820961304,0.0350268167142323,0.0252444924547424,0.114839857172823,0.00388722047819667
"196",0,0.283302486853875,0.0172343739990076,0.262446480038256,0.228466914769329,0.0303599060392103,0.0348618272719474,0.02513164885132,0.114325913184412,0.00387044899264333
"197",0,0.2845736679803,0.0171414664455098,0.263277116872717,0.227408962708258,0.03021393269875,0.0346976029194883,0.0250192806857438,0.113814241458307,0.00385372823092545
"198",0,0.285839023837805,0.0170490834655098,0.26410327703616,0.226356432707474,0.0300686722562828,0.0345341600775404,0.0249073947879528,0.113304894826512,0.00383706100476401
"199",0,0.287098579987507,0.0169572200436236,0.264924985705198,0.225309267623283,0.029924126966132,0.0343715006609791,0.024795993690434,0.112797875381312,0.00382044994153122
"200",0,0.288352362381589,0.0168658728905894,0.265742267897058,0.224267399606104,0.0297802991783201,0.0342096280174476,0.0246850799374024,0.112293193004678,0.00380389708681189
"201",0,0.289600397172543,0.0167750384246732,0.266555148455401,0.223230776462543,0.0296371893477078,0.0340485425892206,0.02457465499111,0.111790848370806,0.0037874041859956
"202",0,0.290842710668994,0.0166847133451219,0.267363652063942,0.222199349168176,0.029494797236208,0.033888244150251,0.0244647198705749,0.111290840809482,0.00377097268725054
"203",0,0.292079329271707,0.0165948943955818,0.268167803248603,0.221173073987351,0.0293531218333492,0.0337287314994384,0.0243552751060049,0.110793166843468,0.0037546038144972
"204",0,0.293310279436717,0.0165055784132617,0.26896762638204,0.220151910215677,0.0292121616233357,0.0335700028889287,0.0242463208818201,0.110297821560205,0.00373829859801498
"205",0,0.294596100109937,0.0164143413456866,0.269763028372791,0.219102551031429,0.0290684670467675,0.0334078179094651,0.0241351132362205,0.109790685341735,0.00372189560596812
"206",0,0.295875889592981,0.0163237009458332,0.27055403813403,0.218058317054266,0.0289254724656286,0.0332464696443266,0.0240243874719329,0.109286208793531,0.00370551589747074
"207",0,0.297149665101959,0.0162335638096714,0.271340680052781,0.217020228050278,0.0287831063269031,0.0330857876638382,0.0239141035899215,0.108783689540257,0.00368917586439014
"208",0,0.298417451988717,0.0161439604618445,0.272122979995223,0.215987663534415,0.0286414232803783,0.0329258719692108,0.0238042920558064,0.108283478408554,0.00367287830585079
"209",0,0.299679275200208,0.0160548728533408,0.272900962952923,0.214960649950093,0.0285004225733075,0.0327667126169346,0.0236949533697227,0.107785522132124,0.00365662835134648
"210",0,0.300935161057338,0.0159663002846688,0.273674653883549,0.213939040731393,0.028360115597945,0.032608327194605,0.0235860947477331,0.107289877474265,0.00364042902850392
"211",0,0.302185136192933,0.0158782376009353,0.274444077494977,0.212922776553077,0.028220505277979,0.0324507178207402,0.023477718831349,0.106796547056076,0.0036242831719333
"212",0,0.303429227651645,0.015790681473591,0.275209258333787,0.211911786576129,0.0280815946426789,0.0322938881707317,0.0233698282898599,0.106305541864144,0.00360819299743382
"213",0,0.304667462686318,0.0157036282628111,0.275970220770184,0.210906016637081,0.0279433846927268,0.032137838831201,0.0232624246483058,0.105816863069052,0.00359216040232026
"214",0,0.305899868712513,0.0156170746261804,0.276726989012404,0.209905415910062,0.0278058756845824,0.0319825696892281,0.023155508969139,0.105330510427912,0.00357618696798017
"215",0,0.30712647324083,0.0155310172677639,0.277479587108971,0.208909939186035,0.0276690670434775,0.0318280796005809,0.0230490818019832,0.104846480712867,0.00356027403749118
"216",0,0.308347303838274,0.0154454529905505,0.27822803895349,0.207919544464895,0.0275329576481705,0.0316743668458625,0.0229431433356375,0.104364769175129,0.00354442274799187
"217",0,0.309624093864941,0.015357932536539,0.278972249754041,0.206900265653876,0.027394035884272,0.0315171101615742,0.0228348901291269,0.103870953914128,0.00352846810150168
"218",0,0.310894724186467,0.0152710005661213,0.279712248027212,0.205886090210483,0.0272557999717906,0.0313606863482857,0.0227271176436982,0.103379798996641,0.00351253404930093
"219",0,0.312159213124539,0.0151845625620721,0.280448057709502,0.204878059571031,0.0271181768987307,0.0312049210183766,0.0226197849161519,0.102890586792355,0.00349663740724169
"220",0,0.31341758737207,0.015098649421822,0.281179704234626,0.203875539267795,0.0269812228820027,0.0310499164319156,0.0225129230775971,0.102403676217571,0.00348078109460073
"221",0,0.314669873159834,0.0150132428809584,0.281907212151249,0.202878556375998,0.0268449373873087,0.0308956623157708,0.0224065325891926,0.101919012723882,0.00346497041580607
"222",0,0.315916098121112,0.014928342247607,0.28263060597451,0.201886960877117,0.0267093323418156,0.0307421766357516,0.0223006208021405,0.101436654479114,0.00344920852083168
"223",0,0.317156290193524,0.0148439423081519,0.283349909966906,0.20090069209968,0.0265744109871902,0.0305894615169289,0.0221951903831521,0.100956604183766,0.00343349836070162
"224",0,0.318390477727896,0.0147600397046103,0.284065148228215,0.19991967755123,0.026440176673918,0.0304375206977371,0.0220902440324436,0.100478873133468,0.00341784225048235
"225",0,0.319618689279042,0.014676630762322,0.284776344680148,0.19894386183268,0.0263066306675772,0.030286354758251,0.0219857832798029,0.10000346256296,0.00340224217721726
"226",0,0.320840953560519,0.0145937121097865,0.285483523081042,0.197973192960994,0.0261737734665082,0.0301359635700641,0.0218818091836196,0.0995303722650527,0.00338669980241379
"227",0,0.322057299375576,0.0145112804231868,0.286186707028169,0.197007624714487,0.0260416047113185,0.0299863459531876,0.0217783222786664,0.0990595989737275,0.0033712165416804
"228",0,0.323267755578012,0.0144293324799901,0.286885919962645,0.196047114163687,0.0259101234768896,0.0298375001430978,0.0216753227318473,0.0985911378658934,0.00335579359793832
