"","Alive","Death","ODN","ODF","REL","BUP","BUPC","MET","METC","ABS"
"0",0,1.11022302462516e-16,0,0,0,0.25,0.25,0.25,0.25,0
"1",0,0.000324118630494863,0.0429427958891108,0.00206976793077071,0.305330314371767,0.182900725275179,0.140252255364907,0.1754984388344,0.144237875555826,0.00644370814754526
"2",0,0.000722609201199487,0.0648582984521129,0.00519582489564986,0.330885190219797,0.157590131260188,0.107588003331695,0.180405985565027,0.144641618919454,0.00811233815487683
"3",0,0.00113002841220367,0.0501063476404535,0.00761086353780211,0.369985037203342,0.140803295151069,0.087828978666565,0.187443442125508,0.145654858572378,0.00943714869067967
"4",0,0.00154159654131525,0.0468645222062708,0.00986965184315387,0.399249122198943,0.126435890146,0.0727874783910271,0.190250478054677,0.142523226691579,0.0104780339270336
"5",0,0.00195779312098388,0.0462720864346365,0.0120998857766772,0.417859038814289,0.114933922759932,0.062217282347707,0.193073092345033,0.140334929979762,0.0112519684209801
"6",0,0.00237692474886031,0.0454243649657058,0.0142892610126171,0.431163856367152,0.105690339527242,0.0546893642510984,0.195848652081226,0.138648285214551,0.0118689518315476
"7",0,0.00279781585502303,0.0449110990118451,0.0164538977239859,0.440887905212335,0.0980925708202102,0.0491490830342388,0.198288578559302,0.137036578560825,0.0123824712222346
"8",0,0.00321978301071746,0.044633102532543,0.0186051354894823,0.447850046783915,0.0918041568468601,0.0450376283565617,0.200478467068223,0.135552405463006,0.0128192744486919
"9",0,0.00364229167432251,0.0444357517398394,0.0207468612906691,0.452820288443037,0.0865680805884729,0.0419615063574788,0.202447041031619,0.134178449427673,0.0131997294468882
"10",0,0.00406493703246791,0.0442916207013579,0.0228816402269604,0.456321681090198,0.0821799423741842,0.0396386465233009,0.204200057366509,0.132883591128493,0.013537883556528
"11",0,0.00448741944308428,0.0490617795467248,0.0252463325072342,0.455672952929592,0.0782397590450274,0.0375663932313842,0.205121173176997,0.130769346431212,0.0138348436887439
"12",0,0.00490984145186568,0.0495438699629974,0.0276342607054932,0.454089165693063,0.0754730427749224,0.0365875199935726,0.207334677128825,0.130333109221398,0.0140945130678625
"13",0,0.00535364421144535,0.0493359911705818,0.0300121695082023,0.453625725554621,0.073077178618553,0.0357368655344953,0.209030772960637,0.129469421818826,0.0143582306226382
"14",0,0.00579626939327238,0.0493577863314083,0.0323911287996835,0.452935246979453,0.0709859001878029,0.0350286921476253,0.210400352725933,0.128495162914702,0.0146094605201192
"15",0,0.00623772060991135,0.0493160342872538,0.0347680757153926,0.452011387413021,0.0691910821886387,0.0344813688117814,0.211588713983102,0.127559107526155,0.014846509464744
"16",0,0.00667793350172885,0.0492280787399215,0.0371407833269895,0.450957572051376,0.0676417797528283,0.0340519030434401,0.212594764380781,0.126635814951894,0.0150713702510415
"17",0,0.00711687199751032,0.0491367206230977,0.0395090876365539,0.449774607366137,0.0662993319133581,0.0337137789780532,0.213435768074392,0.125729126851227,0.0152847065596709
"18",0,0.00755451003057306,0.0490402687261554,0.0418727431327605,0.448476669469838,0.0651350068942067,0.0334497121930125,0.214134793738629,0.124849154683576,0.0154871411312489
"19",0,0.00799082436583087,0.0489375680434757,0.0442314486350257,0.447087447200606,0.0641232763327387,0.033244145337735,0.21470763858688,0.123998248246451,0.0156794032512567
"20",0,0.00842579692282497,0.0488302559590158,0.0465849818818193,0.445625945042105,0.0632421221862141,0.0330843916377958,0.215167316003894,0.123177065157232,0.0158621252090985
"21",0,0.0088594143318852,0.0487188073970972,0.0489331435021361,0.444108119334204,0.062472881415716,0.0329604759202927,0.215525434485714,0.122385871576422,0.0160358520365332
"22",0,0.00929166697018635,0.0486033592667312,0.0512757407237463,0.442547860224606,0.0617995930736283,0.0328644127614214,0.215792060553091,0.121624238938304,0.0162010674882851
"23",0,0.00972254841609443,0.0558182120229826,0.0539660812757788,0.436522120883841,0.060831238036575,0.0323150670053284,0.214937530408966,0.119543109510441,0.0163440924399924
"24",0,0.0101526088674658,0.0566280681808367,0.056695455483384,0.430359474249794,0.060816671731637,0.0327826142053539,0.216198527896257,0.119905696576633,0.0164608828086383
"25",0,0.0106084745147623,0.0562351823077605,0.0594058932765404,0.426961191916439,0.0607239445723946,0.0329936948122054,0.216885407461547,0.119577995226057,0.0166082159122944
"26",0,0.0110622185018919,0.0562433728303022,0.0621167258386107,0.423982497506303,0.060541931056171,0.0330603563859772,0.217230810681895,0.119005508886271,0.0167565783125785
"27",0,0.0115140438340178,0.0561551505424313,0.0648233062401397,0.421208736940135,0.0603586616059087,0.033107330771918,0.217475197052198,0.118458817893587,0.0168987551196642
"28",0,0.0119639810458981,0.0559722301451558,0.0675210701972727,0.418708945984369,0.0601705300278071,0.0331295899187433,0.217601893232114,0.117896329298182,0.017035430150457
"29",0,0.0124120796237502,0.055781903935872,0.070209660762776,0.416393513955925,0.0599756979578876,0.0331296991337601,0.217615652238873,0.117315994442071,0.0171657979490846
"30",0,0.0128583887803519,0.0555864178660313,0.0728888292403624,0.41420336392315,0.0597803333173178,0.0331175465443726,0.217540025604095,0.116735840336283,0.0172892543880365
"31",0,0.013302943911119,0.0553830012232554,0.075558193390236,0.412115609920289,0.0595873458270959,0.0330972791042271,0.217388518414523,0.116161321614534,0.017405786594721
"32",0,0.0137457742038039,0.0551755965852306,0.078217560997975,0.4101121115818,0.059397805122005,0.0330707593945274,0.217170495972817,0.115594380812238,0.0175155153296035
"33",0,0.0141869053687163,0.0549659486687821,0.0808668239414687,0.408178363523324,0.0592124270666079,0.0330394358803128,0.216894517293209,0.115036970367847,0.0176186078897333
"34",0,0.0146263599532603,0.0547545204061499,0.0835058964111333,0.406304216143957,0.0590315105777132,0.0330042256745092,0.216567796474548,0.114490192964843,0.0177152813938862
"35",0,0.0150641580822308,0.0545417690233733,0.0861347146348836,0.40448207293365,0.0588550144426346,0.0329656623570724,0.216196356470194,0.113954475169478,0.0178057768864835
"36",0,0.0155003180740596,0.0543280448611326,0.0887532317264444,0.402705949812535,0.0586827170899587,0.0329240930838134,0.215785384928583,0.11342991791856,0.0178903425049131
"37",0,0,0,0,0,0,0,0,0,0
