"","Alive","Death","ODN","ODF","REL","BUP","BUPC","MET","METC","ABS"
"0",0,0,0,0,0,1,0,0,0,0
"1",0,0.000316066003455351,0.00205784572559246,9.23644231428868e-05,0.190350728097978,0.533170982581144,0.254511320102902,0.00873129657823728,0.00822110557660182,0.00254829091094612
"2",0,0.00067404873630339,0.0364826770866186,0.00172985424169748,0.278651816102629,0.476161444697259,0.149102080171485,0.0121445596259295,0.0405488455360034,0.0045046738020751
"3",0,0.00105815913768414,0.030315543480953,0.00309053820894442,0.345067171549686,0.396723436424236,0.136736552432683,0.0204200231629865,0.0611675711714971,0.00542100443132909
"4",0,0.00145485895332675,0.0300014414318305,0.00443712400827995,0.384181901441519,0.347751358384564,0.11676420454363,0.0285824035330254,0.0807878906507878,0.00603881705303565
"5",0,0.00185946392123515,0.0286432707220761,0.00572274962358618,0.410099562999063,0.308313894332768,0.104240319368516,0.0371646233737524,0.0975286834599642,0.00642743219903935
"6",0,0.00226888598668873,0.0278990702271432,0.00697497251653947,0.426779209977202,0.27736573204068,0.0940102857403602,0.0457761806832071,0.112245595738062,0.00668006709011778
"7",0,0.00268125369925754,0.0273055420367834,0.00820055546839328,0.437447794599174,0.252074434983976,0.0859691702461784,0.0543386355226094,0.125144328857808,0.0068382845858206
"8",0,0.00309529717528423,0.0268429468761822,0.00940537528206513,0.443942433790574,0.231103577053203,0.0794079658983783,0.0627707597614756,0.13650041783668,0.00693122632615768
"9",0,0.00351014133838023,0.0264489663598157,0.0105925116597674,0.447497245555508,0.21343620020537,0.0739893354685341,0.0710279452698453,0.146520087304533,0.00697756683824715
"10",0,0.00392516592094028,0.0260995781560003,0.0117639660844948,0.44894099916795,0.198373180506218,0.0694462723489872,0.0790804644995484,0.155380115128375,0.00699025818748561
"11",0,0.00433992565736974,0.0257796760376768,0.0129210620107917,0.448852910435245,0.18539689516039,0.0655926516604163,0.0869102329459854,0.163228253768363,0.00697839232376141
"12",0,0.00475409797264847,0.0254811717079991,0.0140647598577897,0.447646183520737,0.174119191113955,0.0622894559504526,0.0945067112608709,0.17018991707415,0.00694851154139745
"13",0,0.00518961543677721,0.025198606695755,0.0151957750463981,0.445609047915771,0.164238989438541,0.0594310189550883,0.101862922246195,0.176368674665181,0.00690534960029258
"14",0,0.00562407723791625,0.0249297235436165,0.0163147216737284,0.442976179879994,0.155526508497524,0.0569382638199458,0.108978806023288,0.181859231263577,0.0068524880604093
"15",0,0.00605735434357679,0.0246726039929888,0.017422127737703,0.439913319574959,0.147797102235549,0.0547486852224704,0.115855509723574,0.186740717420401,0.00679257974877798
"16",0,0.00648935519876848,0.0244259510955354,0.0185184630239675,0.436545488735502,0.140902497686209,0.0528129288445856,0.122496033879501,0.191081651131538,0.00672763040439215
"17",0,0.00692001652369711,0.0241888275233839,0.0196041552471087,0.432967716505331,0.134722278394459,0.0510915485264783,0.12890468157283,0.194941607667965,0.00665916803874665
"18",0,0.00734929651274141,0.0239605173609454,0.020679599988532,0.429252647924716,0.12915766181812,0.0495526704783088,0.135086655856952,0.198372586239265,0.00658836382041953
"19",0,0.00777716974824116,0.0237404451104247,0.0217451669989785,0.425456039877353,0.124126877435821,0.0481702814454007,0.141047765657957,0.201420134117308,0.00651611960851549
"20",0,0.00820362335762415,0.0235281278727664,0.0228012043547305,0.421620785887733,0.119561681584965,0.0469229570604768,0.146794209419267,0.20412427831994,0.00644313214249748
"21",0,0.00862865408387226,0.0233231463423566,0.0238480413119415,0.417779900576161,0.115404694498508,0.0457929046500096,0.152332415354232,0.206520302530533,0.00636994065238643
"22",0,0.0090522660348209,0.0231251268651214,0.024885990355662,0.413958757053535,0.111607341196717,0.0447652341244936,0.157668923321288,0.208639398513468,0.00629696253489353
"23",0,0.00947446894228265,0.0229337301004614,0.0259153487399665,0.410176780762934,0.108128242116047,0.0438273964301371,0.162810297559652,0.210509215011732,0.00622452033678685
"24",0,0.00989527680766389,0.0227486436862098,0.0269363996988545,0.40644874314031,0.104931942890316,0.0429687466088399,0.167763062463487,0.212154322366439,0.00615286233788048
"25",0,0.0103423102297571,0.0225688467567996,0.0279493806457581,0.402771314521014,0.101985566380665,0.0421791184135367,0.17252983629173,0.213591498764199,0.00608212799653976
"26",0,0.0107878824927496,0.0223948354398981,0.0289545512623214,0.399167793223634,0.0992650461824009,0.041451783305783,0.177120461623125,0.214845140711028,0.00601250575906015
"27",0,0.0112320165295549,0.0222263347644583,0.0299521588883784,0.395644032132218,0.0967474021182735,0.0407800323434192,0.181541129786373,0.215932790437797,0.00594410299952777
"28",0,0.0116747365318156,0.0220631016011023,0.030942439951135,0.392204093424638,0.0944125502966854,0.0401580486440989,0.185797866455955,0.216870165019106,0.00587699807546271
"29",0,0.0121160675234218,0.0219049073636269,0.0319256206179254,0.388850621652593,0.0922428746140769,0.039580762870259,0.189896525246754,0.217671373978232,0.00581124613311112
"30",0,0.0125560350209823,0.0217515361404493,0.0329019173651006,0.385585131853489,0.0902228642364909,0.0390437420171585,0.193842780459714,0.218349109162459,0.00574688374415663
"31",0,0.0129946647642415,0.0216027833165168,0.0338715374850619,0.382408242178542,0.088338813852529,0.0385430946406229,0.197642123639767,0.218914807490923,0.00568393263179665
"32",0,0.0134319825029835,0.0214584547447506,0.0348346795561061,0.379319860434567,0.0865785728821182,0.0380753926164024,0.201299862642688,0.219378791961993,0.00562240265839163
"33",0,0.0138680138292767,0.021318366047699,0.0357915338809257,0.376319334212753,0.0849313350656525,0.0376376057656818,0.204821122569776,0.219750394397606,0.00556229423062923
"34",0,0.0143027840461734,0.0211823419941664,0.0367422828971296,0.373405571939121,0.083387461007531,0.0372270471286971,0.208210848081375,0.220038062664703,0.00550360024110274
"35",0,0.0147363180657629,0.0210502159328073,0.0376871015623419,0.370577140680647,0.0819383278658772,0.0368413269124809,0.211473806715349,0.220249454624418,0.00544630764031571
"36",0,0.0151686403309043,0.0209218292715192,0.0386261577159325,0.367832345309268,0.0805762014849413,0.0364783135716856,0.214614592926407,0.220391520676711,0.00539039871263055
"37",0,0.0156336730391008,0.0207961827171533,0.0395595743449614,0.365152653679048,0.0792917931904,0.036134903356466,0.217631512364215,0.220463911111015,0.0053357961976404
"38",0,0.0160974320659443,0.0206740222545374,0.0404875079192986,0.362553353147265,0.0780811367671963,0.0358105463657849,0.220534673093494,0.22047880352994,0.00528252485654004
"39",0,0.0165599421910173,0.0205551869160415,0.0414101076839373,0.360032190501705,0.0769385967635278,0.0355037269777578,0.223328198626134,0.220441491432866,0.00523055890701243
"40",0,0.0170212274834549,0.0204395426513254,0.0423275168671502,0.357586868095038,0.0758590565750347,0.0352130761781747,0.22601605333897,0.220356787616419,0.00517987119443302
"41",0,0.0174813113003589,0.0203269631876762,0.0432398730295812,0.355215070203813,0.074837871337267,0.0349373508880462,0.228602053650052,0.22022907288378,0.00513043351942559
"42",0,0.0179402162869197,0.0202173285702916,0.0441473083478179,0.35291447555928,0.073870815670801,0.0346754244264368,0.231089872444677,0.220062341744707,0.00508221694906896
"43",0,0.0183979643793073,0.0201105242939903,0.0450499498589937,0.350682771240071,0.0729540395114542,0.0344262739210124,0.233483044150458,0.219860240535916,0.00503519210879706
"44",0,0.0188545768108767,0.0200064409579721,0.0459479196898922,0.348517664471947,0.0720840286594908,0.0341889694984796,0.235784969775899,0.219626100710095,0.00498932942534822
"45",0,0.0193100741212805,0.0199049739929159,0.0468413352738036,0.346416892550293,0.0712575701325202,0.0339626644624503,0.237998921868652,0.219362968270241,0.00494459932784407
"46",0,0.019764476168025,0.019806023411274,0.0477303095561736,0.344378230923669,0.0704717215769071,0.0337465866219092,0.240128049359849,0.219073629970965,0.00490097241122832
"47",0,0.0202178021399924,0.0197094935742684,0.0486149511897935,0.342399499640528,0.0697237842517726,0.0335400306118628,0.242175382273127,0.218760636750801,0.0048584195678547
"48",0,0.0206700705725085,0.0196152929719553,0.0494953647201186,0.34047856837887,0.069011279116297,0.0333423511045187,0.244143836287905,0.218426324755638,0.00481691209218875
"49",0,0.021155397702637,0.0195225136678054,0.0503716139407481,0.338597395907505,0.0683298289098088,0.0331518106280298,0.246029052114912,0.218066017482536,0.00477636964601809
"50",0,0.021639606370187,0.019431931629259,0.0512437974738318,0.33677055102837,0.0676793694389658,0.0329689681430211,0.247840677946383,0.217688288589109,0.00473680938087389
"51",0,0.0221227147578545,0.0193434427797387,0.052112009270143,0.334995964182615,0.0670579937915902,0.0327933463656319,0.249581329791995,0.217294994375171,0.00469820468525984
"52",0,0.0226047403810611,0.019256966949149,0.0529763396820974,0.33327165047152,0.0664639259536892,0.032624501978816,0.25125352003788,0.216887824815295,0.00466052973049169
"53",0,0.0230857001208954,0.019172429055198,0.0538368756921141,0.33159570865691,0.0658955205704296,0.0324620192036678,0.252859667491362,0.216468319845246,0.0046237593641771
"54",0,0.0235656102512574,0.019089757754855,0.0546937010804492,0.329966311381999,0.0653512512333784,0.0323055123089705,0.254402100255884,0.216037886668889,0.00458786906431731
"55",0,0.0240444864627219,0.0190088847356719,0.0555468965612205,0.328381700684765,0.0648297013266063,0.0321546234356107,0.255883059190793,0.215597812666557,0.00455283493605389
"56",0,0.024522343884835,0.018929744516862,0.0563965399095035,0.326840184679857,0.0643295549460733,0.0320090207679186,0.257304701277655,0.215149276306477,0.00451863371081925
"57",0,0.0249991971073298,0.0188522743146427,0.0572427060823842,0.325340135037657,0.0638495886612331,0.0318683964900926,0.258669102883714,0.214693356676911,0.00448524274603598
"58",0,0.0254750602005167,0.0187764139211966,0.0580854673345787,0.323879984831069,0.063388663955066,0.0317324648689095,0.259978262910361,0.214231041955936,0.00445264002236627
"59",0,0.0259499467349562,0.0187021055909289,0.0589248933289477,0.322458226570109,0.0629457203417326,0.0316009604555068,0.261234105821519,0.213763237017936,0.00442080413836301
"60",0,0.0264238698004782,0.018629293930909,0.0597610512420936,0.321073410331655,0.0625197691008833,0.0314736364306635,0.262438484553343,0.213290770307371,0.00438971430260298
"61",0,0.026934598797476,0.0185570430752333,0.0605939662451793,0.319707038276257,0.0621077148540485,0.031349027938176,0.263584466269444,0.212806848746386,0.00435929579779983
"62",0,0.0274442918577809,0.0184862266745813,0.0614237027223366,0.318375516795839,0.0617107879550182,0.0312281039109167,0.264682290775135,0.212319504009635,0.00432957529875787
"63",0,0.0279529619507964,0.0184167696898106,0.062250321689638,0.317077442373872,0.0613282181568229,0.0311106885785703,0.265733630310187,0.211829432935427,0.00430053431487645
"64",0,0.0284606215573465,0.0183486216171831,0.0630738818963441,0.315811489689073,0.0609592683313528,0.030996612995466,0.266740089313006,0.211337259521224,0.00427215507900493
"65",0,0.0289672827027232,0.018281735923724,0.0638944400031279,0.314576407931878,0.0606032448765671,0.0308857111777474,0.267703213877548,0.210843543117476,0.00424442038920851
"66",0,0.0294729569821346,0.0182160686231611,0.064712050696381,0.313371008117376,0.060259494464272,0.0307778255362395,0.268624493170196,0.210348788883093,0.00421731352714628
"67",0,0.0299776555817207,0.0181515775731273,0.0655267667709752,0.312194156683757,0.0599274025138226,0.0306728069054327,0.269505361567018,0.209853454173669,0.00419081823047806
"68",0,0.0304813892973147,0.0180882223273066,0.0663386392063887,0.311044770775336,0.0596063908354033,0.0305705146743854,0.270347200743248,0.209357953466411,0.00416491867420641
"69",0,0.030984168551653,0.0180259640551207,0.0671477172392263,0.309921814727449,0.0592959153880133,0.0304708164501062,0.271151341708952,0.208862662421674,0.00413959945780535
"70",0,0.0314860034104263,0.0179647654728943,0.0679540484326511,0.308824297225161,0.05899546407122,0.0303735876534101,0.27191906677668,0.208367921363578,0.0041148455939783
"71",0,0.0319869035973888,0.017904590779424,0.0687576787429237,0.307751268891245,0.0587045546328502,0.0302787110648335,0.27265161145444,0.207874038338764,0.00409064249813078
"72",0,0.0324868785086604,0.017845405592707,0.0695586525831015,0.306701820162544,0.0584227326984957,0.0301860763687028,0.273350166264088,0.207381291843689,0.00406697597801248
"73",0,0.0330239793884283,0.0177863064276063,0.0703569738141819,0.305658233661952,0.0581474681329169,0.0300943553967175,0.274006537806516,0.206882365831225,0.00404377954045632
"74",0,0.0335600795866295,0.017728172975683,0.0711526857812706,0.304637135222753,0.0578803704137047,0.0300046207095193,0.274631006798996,0.206384844502886,0.00402108400855836
"75",0,0.034095188527668,0.0176709486946176,0.0719458292916258,0.303637609682261,0.0576210941407713,0.0299168040208533,0.275224655468452,0.205888993314813,0.00399887685893857
"76",0,0.0346293152899749,0.0176146008013399,0.0727364436810692,0.302658802672806,0.0573692964613423,0.0298308357244415,0.275788520690615,0.205395038599023,0.0039771460793884
"77",0,0.0351624686350734,0.017559099753075,0.0735245669594234,0.301699917139812,0.05712464993906,0.0297466418376109,0.276323602716545,0.204903173003826,0.00395588001557427
"78",0,0.0356946570285647,0.0175044178488752,0.0743102358931808,0.300760200959378,0.056886841639739,0.0296641500302768,0.276830865732847,0.204413563571442,0.00393506729569561
"79",0,0.0362258886564694,0.0174505285575774,0.0750934860580079,0.299838940894238,0.0566555736965748,0.0295832902308968,0.277311239186465,0.203926355910486,0.00391469680928458
"80",0,0.0367561714392923,0.0173974063980819,0.0758743518858768,0.298935458277739,0.0564305628591001,0.0295039952696396,0.277765619088918,0.203441677086103,0.00389475769524947
"81",0,0.0372855130445734,0.0173450268862562,0.0766528667098128,0.298049105927683,0.0562115399811015,0.0294262010080363,0.278194869296523,0.202959637810159,0.00387523933585551
"82",0,0.0378139208983611,0.0172933664924259,0.0774290628067342,0.297179265753768,0.05599824938666,0.0293498463570549,0.278599822751546,0.202480334201029,0.00385613135241991
"83",0,0.038341402195844,0.0172424026021884,0.0782029714385341,0.296325346807485,0.0557904482116747,0.0292748732064643,0.278981282676916,0.202003849259161,0.00383742360173207
"84",0,0.0388679639112911,0.0171921134773208,0.0789746228914061,0.295486783628371,0.0555879057408868,0.0292012263174073,0.279340023723643,0.201530254137079,0.00381910617259483
"85",0,0.0394362968361663,0.0171415177450859,0.0797440034035738,0.294644428408462,0.0553881045959072,0.0291274938213213,0.279665865218927,0.201051177912745,0.0038011120578112
"86",0,0.0400036207859475,0.0170916006778763,0.0805111434362631,0.293817036296579,0.0551930312908461,0.0290549239991101,0.279970294411783,0.200574869502903,0.00378347959869196
"87",0,0.0405699429785787,0.0170423139565889,0.0812760712819437,0.293003983880468,0.0550025280323912,0.0289834961924506,0.280254024222826,0.200101439268235,0.00376620018651804
"88",0,0.0411352703731747,0.0169936351270458,0.0820388142252507,0.292204699373938,0.0548164259567054,0.0289131846697784,0.280517735295428,0.199630969372083,0.00374926560659672
"89",0,0.0416996096986223,0.0169455447755354,0.082799398679454,0.291418659291082,0.0546345603790123,0.0288439555775581,0.280762085136855,0.199163518587357,0.00373266787452395
"90",0,0.0422629674726805,0.0168980249958836,0.0835578502541217,0.290645375227888,0.054456770710022,0.028775773867232,0.280987708052556,0.198699130259886,0.00371639915973005
"91",0,0.0428253500157152,0.0168510586649598,0.084314193790267,0.289884387701776,0.0542829019218214,0.0287086041974019,0.2811952159686,0.198237835970668,0.0037004517687907
"92",0,0.0433867634619215,0.0168046293306751,0.0850684533904666,0.289135261909099,0.0541128048225387,0.0286424118500581,0.281385199253222,0.197779657843254,0.00368481813876487
"93",0,0.0439472137689486,0.0167587211732879,0.0858206524472436,0.288397584838588,0.0539463362006006,0.028577163060639,0.281558227535651,0.197324610138213,0.00366949083682793
"94",0,0.0445067067264459,0.0167133189778707,0.0865708136702136,0.287670963141753,0.0537833587781445,0.0285128252082968,0.281714850504713,0.196872700431044,0.00365446256151887
"95",0,0.0450652479638072,0.0166684081097245,0.0873189591121279,0.286955021479599,0.0536237410862787,0.0284493668938969,0.28185559867835,0.196423930531713,0.00363972614450349
"96",0,0.0456228429572899,0.0166239744891614,0.0880651101937847,0.286249401182426,0.0534673572889489,0.0283867579646407,0.28198098414241,0.19597829722915,0.00362527455218858
"97",0,0.0462255420952997,0.0165789823224547,0.0888092418453781,0.285533907231667,0.05331164887143,0.0283235133202732,0.282079363047175,0.195526760863179,0.00361104040314403
"98",0,0.0468271941795944,0.0165344884040125,0.0895513764303017,0.284828766651516,0.053158824804925,0.0282609950581315,0.282163195789122,0.195078091585968,0.00359706709642917
"99",0,0.0474278050682155,0.0164904491577299,0.0902915343560774,0.284133529606303,0.0530088182133767,0.0281992054357524,0.282232961568443,0.194632347904911,0.00358334868919109
"100",0,0.0480273804132382,0.0164468483864049,0.0910297353032312,0.283447792685996,0.0528615447713611,0.0281381398198914,0.282289115295943,0.194189563758849,0.00356987956508563
"101",0,0.048625925690118,0.0164036728331452,0.0917659983572664,0.282771195648088,0.0527169193373336,0.0280777835952833,0.282332097105743,0.193749753170636,0.00355665426238621
"102",0,0.0492234462161519,0.0163609105566456,0.0925003420677124,0.282103407579567,0.0525748562140748,0.0280181196505793,0.282362331896693,0.193312918422485,0.00354366739609165
"103",0,0.0498199471628572,0.0163185501693258,0.0932327844729778,0.281444120625222,0.0524352710241249,0.0279591294315784,0.282380229849046,0.192879053621214,0.00353091364365438
"104",0,0.050415433565578,0.0162765807291219,0.0939633431203473,0.280793045768159,0.052298081293245,0.0279007939950767,0.282386186951427,0.192448146835775,0.00351838774126978
"105",0,0.0510099103313788,0.0162349917091147,0.094692035084615,0.280149910053973,0.0521632068724924,0.0278430944309009,0.282380585538074,0.192020181492758,0.00350608448669343
"106",0,0.0516033822458219,0.0161937729787887,0.0954188769858766,0.279514454615488,0.0520305701374862,0.0277860121285169,0.282363794817185,0.191595137347239,0.00349399874359784
"107",0,0.0521958539789481,0.0161529147880501,0.0961438850066042,0.278886433196764,0.0519000960865752,0.0277295289188124,0.282336171380647,0.191172991197296,0.00348212544630223
"108",0,0.0527873300906564,0.0161124077501853,0.0968670749079562,0.278265611001351,0.0517717123680163,0.027673627154433,0.282298059692969,0.190753717430258,0.0034704596041752
"109",0,0.0534271605833402,0.0160711595113275,0.09758841342184,0.277630654357202,0.0516427646437123,0.0276167366211636,0.282236508539534,0.190327669828149,0.00345893249373171
"110",0,0.0540658824725415,0.0160302950014571,0.0983079177715617,0.277003201021562,0.0515156468245054,0.0275603226409119,0.28216497216632,0.189904170096853,0.00344759200428778
"111",0,0.0547035008148515,0.0159897728304527,0.0990256033226714,0.276382901821968,0.0513903405710411,0.0275044000783444,0.28208378050408,0.189483265935329,0.00343643412126276
"112",0,0.0553400204902224,0.015949580564694,0.0997414848826483,0.275769451886436,0.0512668063673032,0.027448975759189,0.28199324393391,0.189064980996737,0.00342545511885983
"113",0,0.0559754462334228,0.0159097087078418,0.100455576832738,0.27516258732929,0.05114500133191,0.0273940452909066,0.281893663284458,0.188649319611078,0.00341465137835503
"114",0,0.0566097826530049,0.0158701489849819,0.101167893182773,0.274562070689792,0.0510248796508442,0.0273396010546177,0.281785329105888,0.188236275370979,0.00340401930711966
"115",0,0.0572430342433395,0.0158308935410159,0.101878447590019,0.273967684439572,0.0509063947028035,0.0272856333676328,0.281668521999872,0.187825834790581,0.0033935553251645
"116",0,0.0578752053935399,0.0157919348326176,0.102587253373166,0.273379226677364,0.0507894998057491,0.0272321316365025,0.281543512966616,0.187417979451566,0.00338325586287824
"117",0,0.0585063003944961,0.0157532656024347,0.103294323525165,0.272796508356752,0.0506741487825186,0.0271790848363012,0.281410563770697,0.187012687366013,0.00337311736562199
"118",0,0.0591363234447099,0.0157148788654629,0.103999670725452,0.272219351360674,0.0505602962821521,0.027126481821708,0.281269927305018,0.186609933894939,0.00336313629988391
"119",0,0.0597652786552889,0.0156767678981112,0.10470330735168,0.271647587101195,0.0504478979866286,0.0270743115032852,0.28112184794242,0.186209692401636,0.00335330915975352
"120",0,0.0603931700543321,0.0156389262259181,0.105405245490904,0.27108105545794,0.0503369107356358,0.0270225629565334,0.280966561872423,0.185811934733338,0.00334363247297604
"121",0,0.0610724110681035,0.0156002080293651,0.106105445801171,0.270497309540569,0.0502245667871777,0.0269695813203572,0.280789970060607,0.185406471632945,0.00333403575970463
"122",0,0.0617504626041465,0.0155617997776702,0.106803922194058,0.269919279690617,0.0501134192269051,0.0269169245676277,0.28060647179353,0.18500314926451,0.00332457088093665
"123",0,0.0624273292903973,0.0155236608628692,0.107500686758492,0.269346674802129,0.05000347762238,0.0268646152060166,0.280416300567072,0.184602019620874,0.00331523526977016
"124",0,0.063103015592307,0.01548578113326,0.10819575112775,0.268779247651623,0.0498947278917034,0.0268126668740145,0.280219673101047,0.184203110004006,0.00330602662428823
"125",0,0.0637775258473567,0.0154481534181537,0.108889126613262,0.268216791454619,0.0497871511359609,0.0267610810703807,0.280016799853841,0.183806427890428,0.00329694271599848
"126",0,0.0644508642853087,0.0154107717283891,0.109580824257637,0.267659124567638,0.0496807241739133,0.0267098555978162,0.279807884110123,0.183411969973812,0.00328798130536343
"127",0,0.0651230350405718,0.0153736304168106,0.110270854850018,0.267106083727723,0.049575421844013,0.0266589858137843,0.279593122197312,0.18301972598126,0.00327914012850742
"128",0,0.0657940421610574,0.0153367240686088,0.110959228936512,0.266557519607648,0.0494712178517801,0.0266084658628442,0.27937270372295,0.182629680892841,0.00327041689575888
"129",0,0.066463889614925,0.0153000474779065,0.11164595682956,0.266013293989471,0.049368085421642,0.0265582891974333,0.279146811836506,0.182241816335157,0.00326180929739838
"130",0,0.0671325812960044,0.0152635956370501,0.112331048616845,0.265473277830153,0.0492659976879281,0.0265084489193759,0.278915623493595,0.18185611150802,0.00325331501102801
"131",0,0.0678001210283103,0.0152273637285952,0.11301451416982,0.264937349878912,0.0491649279617838,0.0264589379781011,0.278679309711545,0.181472543833684,0.00324493170924934
"132",0,0.0684665125699051,0.0151913471157427,0.11369636315182,0.264405395648916,0.0490648499087326,0.026409749296974,0.278438035813527,0.181091089427512,0.00323665706687027
"133",0,0.0691881068884991,0.0151543264357675,0.11437655049626,0.263853435338291,0.0489628201453552,0.0263591120884117,0.278176380006809,0.180700851403216,0.00322841719738944
"134",0,0.0699084110594431,0.015117568697935,0.115055088005046,0.263306072450293,0.0488615885262006,0.0263087017828506,0.277909928511848,0.180312372284563,0.00322026868182062
"135",0,0.070627429559633,0.0150810325543332,0.115731985624219,0.262763045763393,0.0487611827879763,0.026258546644997,0.277638852187485,0.179925714809008,0.00321221006895538
"136",0,0.0713451667053834,0.015044709150061,0.116407252902381,0.262224139252424,0.0486616046706459,0.0262086652115112,0.277363306481839,0.179540915464827,0.00320424016092777
"137",0,0.0720616266914994,0.015008592735639,0.117080899130071,0.261689178410802,0.0485628500524523,0.0261590628695632,0.277083442686668,0.179157989615173,0.00319635780813096
"138",0,0.0727768136138039,0.0149726787543445,0.117752933393306,0.261158013917896,0.0484649095666482,0.0261097408858602,0.276799406865574,0.178776941183107,0.00318856181946025
"139",0,0.0734907314825397,0.0149369629499967,0.118423364587066,0.260630514457912,0.0483677710913633,0.0260606977604861,0.276511340001233,0.178397766720786,0.00318085094861707
"140",0,0.074203384231727,0.0149014412527064,0.11909220142366,0.260106562023498,0.0482714206868083,0.0260119305530968,0.2762193781662,0.178020457769178,0.00317322389312576
"141",0,0.0749147757261081,0.014866109756252,0.119759452440069,0.259586048951619,0.0481758433207524,0.0259634354483376,0.275923652722645,0.177645002333159,0.00316567930105747
"142",0,0.0756249097665872,0.0148309647089245,0.120425126004883,0.259068875913201,0.0480810233138152,0.0259152081282578,0.275624290527393,0.177271385857448,0.00315821577949086
"143",0,0.0763337900946505,0.0147960025071493,0.121089230324948,0.258554950491654,0.0479869446505472,0.0258672439908912,0.275321414130396,0.176899591906464,0.00315083190329927
"144",0,0.0770414203960612,0.014761219687379,0.121751773451653,0.258044186138729,0.0478935911935975,0.0258195382913956,0.275015141963664,0.176529602654093,0.00314352622342828
"145",0,0.07780982502092,0.0147252858220247,0.122412703721425,0.257510306272766,0.0477977442303315,0.0257701477426695,0.274688287775777,0.176149480563631,0.00313621885045522
"146",0,0.0785768147177867,0.0146895865079397,0.123072031661873,0.256980345898833,0.0477024336446109,0.0257209165589579,0.274358106780008,0.175770791457846,0.00312897277214495
"147",0,0.0793423940493038,0.0146540779395229,0.123729765834431,0.256454053030494,0.0476077011991224,0.0256718785368026,0.274024729362588,0.175393612624991,0.00312178742274422
"148",0,0.0801065674076653,0.0146187518480796,0.124385914429403,0.255931224123406,0.0475135597674845,0.025623056636682,0.273688270751079,0.175017992545709,0.00311466249049144
"149",0,0.0808693390605201,0.014583603304789,0.125040485415867,0.255411700018823,0.0474200153694499,0.0255744593095494,0.273348843386279,0.174643956442292,0.00310759769243091
"150",0,0.081630713177143,0.0145486286377897,0.125693486598093,0.254895348050241,0.0473270678764334,0.0255260903834633,0.273006555681153,0.174271516919254,0.00310059267642974
"151",0,0.0823906938437398,0.014513824459935,0.126344925628321,0.254382054199087,0.0472347137527391,0.0254779505599483,0.272661512126267,0.173900678423477,0.0030936470064857
"152",0,0.0831492850739486,0.014479187545921,0.126994810014028,0.253871717982133,0.047142947099939,0.0254300388721315,0.272313813421166,0.173531439828693,0.00308676016204016
"153",0,0.0839064908164854,0.0144447148091275,0.12764314712415,0.253364249239302,0.0470517604675065,0.0253823533098335,0.27196355663926,0.173163796048582,0.00307993154575228
"154",0,0.0846623149610172,0.0144104032931027,0.128289944194927,0.252859565967102,0.0469611453560638,0.0253348912320806,0.271610835400177,0.172797739102336,0.00307316049319355
"155",0,0.0854167613428428,0.0143762501660099,0.128935208335493,0.25235759279698,0.0468710925727945,0.0252876496106507,0.271255740036662,0.172433258855658,0.00306644628290861
"156",0,0.086169833746729,0.0143422527131351,0.129578946533135,0.251858259886357,0.0467815924799906,0.0252406251883591,0.27089835775273,0.172070343553641,0.00305978814592291
"157",0,0.0869870109738636,0.0143070170481715,0.130221103211896,0.251333910960817,0.0466892591396737,0.0251917700132975,0.270520384926649,0.171696441034917,0.00305310269071411
"158",0,0.0878026303652807,0.0142719967805287,0.130861688039678,0.25081304338321,0.0465972932739929,0.0251430309369325,0.27014013376545,0.171323726522141,0.00304645693278588
"159",0,0.0886166967187639,0.0142371467408695,0.131500708657,0.25029541090909,0.0465057453390584,0.0250944451671937,0.269757707441761,0.170952288054896,0.00303985097136765
"160",0,0.0894292146495885,0.0142024590775227,0.132138172351966,0.249780817818671,0.046414635195524,0.0250460383823834,0.269373194130584,0.170582183239344,0.00303328515441643
"161",0,0.0902401886426993,0.0141679294079812,0.132774086215976,0.249269114581757,0.046323975243831,0.0249978209443252,0.268986680087731,0.17021344503416,0.00302675984153901
"162",0,0.0910496230822962,0.0141335546418214,0.133408457201718,0.248760179009167,0.0462337711899058,0.0249497982857826,0.26859824830689,0.169846092980948,0.00302027530147101
"163",0,0.0918575222689841,0.014099331963193,0.134041292135496,0.248253907995896,0.0461440249342447,0.0249019724956896,0.268207978602018,0.169480137907429,0.00301383169704925
"164",0,0.0926638904314311,0.0140652587031467,0.134672597723818,0.247750212148909,0.0460547356813452,0.0248543438560448,0.267815947716029,0.169115584654317,0.00300742908495892
"165",0,0.0934687317347646,0.0140313323161136,0.135302380558939,0.247249012417962,0.0459659008016456,0.0248069115034058,0.267422229465367,0.168752433777433,0.00300106742436996
"166",0,0.0942720502869494,0.0139975503716939,0.135930647124025,0.246750237828586,0.0458775163699893,0.0247596738657247,0.26702689489307,0.168390682672372,0.00299474658758927
"167",0,0.0950738501438071,0.0139639105495155,0.136557403798096,0.246253823894738,0.0457895775480046,0.0247126289211114,0.266630012416809,0.16803032635683,0.0029884663710884
"168",0,0.0958741353130813,0.0139304106320472,0.137182656860642,0.245759711466225,0.0457020788536062,0.0246657743665578,0.266231647968488,0.167671358033414,0.00298222650593882
"169",0,0.096742572601533,0.0138955778031658,0.137806346485216,0.24523854070544,0.0456114244863672,0.024616933503298,0.265812197457097,0.167300468059536,0.00297593889834697
"170",0,0.0976092881279322,0.0138609494458844,0.13842848184933,0.244720596124522,0.0455210226540816,0.0245681779359506,0.265391230205009,0.166930578369815,0.00296967528747575
"171",0,0.098474287082136,0.0138264783287804,0.139049070010558,0.24420562950368,0.0454309311501322,0.024519548292992,0.264968831480136,0.166561787867687,0.00296343628389949
"172",0,0.0993375744528465,0.0137921567376812,0.139668117680229,0.243693445958402,0.0453411752173149,0.0244710728651392,0.264545071265078,0.16619416307387,0.00295722274943801
"173",0,0.100199155087563,0.0137579805996351,0.140285631386866,0.243183899271473,0.0452517720311968,0.0244227636667743,0.264120018204323,0.165827744206962,0.00295103554520811
"174",0,0.101059033726452,0.0137239471889976,0.140901617536649,0.242676871874405,0.045162731530018,0.0243746274376498,0.263693738153027,0.165462557129624,0.00294487542317808
"175",0,0.101917215021866,0.0136900540536414,0.141516082425699,0.242172266082615,0.0450740594787014,0.0243266673341885,0.263266294246236,0.165098618346639,0.002938743010413
"176",0,0.102773703551536,0.0136562988809918,0.142129032246341,0.241669998400438,0.0449857586515028,0.02427888456134,0.262837746994659,0.164735937904135,0.00293263880905634
"177",0,0.103628503827994,0.0136226794737222,0.142740473092271,0.241169995953899,0.0448978297509952,0.024231279077118,0.262408154418877,0.164374521199376,0.0029265632057473
"178",0,0.10448162030568,0.0135891937415742,0.14335041096337,0.240672194094265,0.0448102719842557,0.024183850057918,0.261977572192858,0.164014370176889,0.00292051648318905
"179",0,0.10533305738649,0.0135558396963859,0.143958851770279,0.240176534723388,0.0447230834732619,0.0241365961747336,0.261546053782576,0.163655484160765,0.00291449883212045
"180",0,0.106182819424222,0.0135226154449482,0.144565801338667,0.239682965080676,0.0446362615453921,0.0240895157735975,0.261113650576125,0.163297860453712,0.00290851036266194
"181",0,0.107108111250896,0.0134878992968906,0.145171192706189,0.239159003838223,0.0445458244443689,0.0240401980024125,0.260658524184268,0.162926792420334,0.00290245385641798
"182",0,0.108031483937259,0.0134533853695302,0.145775034949328,0.23863818393004,0.0444555532257428,0.0239909393393872,0.260202440560265,0.162556569471754,0.00289640921669364
"183",0,0.108952943285592,0.0134190220563348,0.146377334828255,0.238120241598971,0.0443655148897438,0.0239417856452876,0.259745474438509,0.162187305755461,0.00289037750184515
"184",0,0.10987249486416,0.0133848013547297,0.146978098743954,0.237604971836821,0.0442757404266933,0.0238927690422457,0.259287684127076,0.161819079564023,0.00288436004029769
"185",0,0.1107901440793,0.0133507192480278,0.147577332917124,0.237092223153122,0.04418625180889,0.0238439036446659,0.258829127007402,0.161451939990225,0.00287835815124316
"186",0,0.11170589621604,0.0133167731875028,0.148175043454066,0.236581875425941,0.0440970629227472,0.0237951976990663,0.258369857907638,0.161085920162198,0.00287237302480146
"187",0,0.112619756461398,0.0132829609117204,0.14877123635958,0.236073830209602,0.0440081829507003,0.0237466554630532,0.257909929165416,0.160721042774006,0.00286640570452405
"188",0,0.113531729920052,0.0132492803000271,0.149365917543282,0.23556800444519,0.0439196176812074,0.0236982790098479,0.257449390718476,0.160357323294533,0.00286045708738431
"189",0,0.114441821625477,0.0132157293463044,0.149959092824744,0.235064326525225,0.043831370526444,0.0236500690094178,0.25698829023804,0.159994771970121,0.00285452793422605
"190",0,0.115350036548286,0.0131823061504083,0.150550767938254,0.234562733653529,0.0437434431617806,0.0236020252443087,0.256526673272684,0.159633395148127,0.00284861888262288
"191",0,0.1162563796027,0.0131490089130918,0.151140948537341,0.234063170003281,0.0436558359820267,0.023554146916315,0.256064583387124,0.159273196197914,0.00284273046020694
"192",0,0.117160855651703,0.0131158359285243,0.15172964019897,0.233565585385403,0.0435685484251952,0.0235064328470631,0.25560206229196,0.158914176173858,0.00283686309732421
"193",0,0.118143244802998,0.0130811214014123,0.152316773732488,0.233036454332701,0.0434774659179454,0.0234563922054095,0.255116454620218,0.15854117641832,0.00283091656850767
"194",0,0.119123498838728,0.0130466063175459,0.152902358089715,0.232510402119228,0.0433865005244338,0.0234063990198986,0.2546303263334,0.158168934935025,0.00282497382202638
"195",0,0.120101624265867,0.0130122378008102,0.153486399849174,0.231987160501942,0.0432957231892284,0.0233565011299185,0.254143744175125,0.157797572857296,0.00281903623063877
"196",0,0.121077627331515,0.0129780078610382,0.154068905230758,0.231466521997921,0.0432051677090307,0.0233067321103876,0.253656758106828,0.157427174217005,0.00281310543551614
"197",0,0.122051514103892,0.0129439125873766,0.154649880278827,0.230948334375767,0.0431148584943995,0.0232571069591134,0.253169417384491,0.157057792758006,0.00280718305812768
"198",0,0.12302329051795,0.01290994957025,0.155229330929588,0.230432477762889,0.0430248115506625,0.0232076345929516,0.252681768872158,0.156689465626268,0.00280127057728191
"199",0,0.123992962401535,0.0128761166899923,0.155807263024109,0.229918854619097,0.042935037963053,0.0231583197958652,0.252193857105171,0.156322219089694,0.00279536931148404
"200",0,0.12496053549295,0.0128424119668925,0.156383682314599,0.229407383232497,0.0428455452526127,0.0231091650808952,0.251705724379863,0.155956071860341,0.00278948041934823
"201",0,0.12592601545342,0.0128088335342961,0.156958594469488,0.228897993648341,0.0427563384291009,0.0230601714983895,0.251217410886928,0.155591037169274,0.00278360491076227
"202",0,0.126889407876419,0.0127753796298326,0.1575320050781,0.228390624937131,0.0426674206541019,0.0230113391695939,0.2507289548552,0.155227124139101,0.00277774366052109
"203",0,0.127850718294869,0.0127420485902113,0.158103919655105,0.227885223288406,0.0425787937148013,0.0229626676043032,0.250240392689949,0.154864338739932,0.00277189742242364
"204",0,0.128809952186876,0.0127088388435657,0.158674343644621,0.227381740632657,0.0424904583608827,0.0229141559087921,0.249751759101699,0.154502684478251,0.00276606684265603
"205",0,0.129854451401176,0.0126739371782385,0.159243201106509,0.226843510475983,0.042397907596062,0.0228630770178044,0.249238170686323,0.154125602300946,0.00276014223695902
"206",0,0.130896560807603,0.0126392396014194,0.159810501201084,0.226308422173752,0.0423054304770324,0.0228120314539954,0.248724399898525,0.153749199642415,0.00275421474417312
"207",0,0.13193628788123,0.0126046887145443,0.160376250512383,0.225776187724404,0.0422131058324205,0.022761072004893,0.24821050988214,0.153373611411103,0.00274828603688242
"208",0,0.132973639791969,0.0125702760784918,0.160940455245662,0.225246585492169,0.0421209719503918,0.0227102357811937,0.247696545607868,0.152998931973022,0.00274235807923294
"209",0,0.134008623501068,0.0125359976752668,0.161503121425831,0.224719454103304,0.0420290568258774,0.0226595395974897,0.247182551536524,0.152625222523502,0.00273643281113661
"210",0,0.135041245815373,0.01250185111167,0.162064254970386,0.224194667405594,0.0419373792454077,0.0226089935999384,0.246668569763302,0.152252526074518,0.00273051201381103
"211",0,0.136071513418394,0.0124678343027035,0.162623861703237,0.223672123503838,0.0418459525861566,0.0225586034041618,0.246154640082623,0.151880873708638,0.00272459729024833
"212",0,0.137099432891114,0.0124339453092632,0.163181947361261,0.223151737654012,0.041754786297506,0.0225083721295224,0.245640800079936,0.151510288211871,0.00271869006551362
"213",0,0.138125010726727,0.0124001823091949,0.163738517599551,0.222633437817969,0.0416638870508038,0.0224583012840715,0.245127085271191,0.151140786341667,0.00271279159882518
"214",0,0.139148253341624,0.0123665435879901,0.164293577996242,0.222117161682551,0.0415732594641906,0.022408391348539,0.244613529253585,0.150772380326906,0.00270690299837303
"215",0,0.140169167083859,0.0123330275333193,0.164847134057103,0.221602854581274,0.0414829066207465,0.0223586421243066,0.244100163850338,0.15040507891238,0.00270102523667335
"216",0,0.141187758239864,0.0122996326268896,0.165399191219758,0.221090467993215,0.041392830437275,0.0223090529613021,0.243587019245181,0.150038888111348,0.00269515916516758
"217",0,0.142295797670073,0.012264464153242,0.16594966987935,0.220541504067977,0.0412982912876872,0.0222567578371458,0.243047882050987,0.149656443536968,0.00268918951656969
"218",0,0.143401163012438,0.0122295040658031,0.166498579389093,0.219995757543192,0.0412038031458665,0.022204490969731,0.242508845289993,0.149274644161221,0.00268321242266273
"219",0,0.14450386287731,0.0121946924030097,0.167045926410884,0.219452927620357,0.0411094496268761,0.0221523080839333,0.241969969559629,0.148893633624479,0.00267722979352192
"220",0,0.145603905526648,0.0121600204719954,0.16759171721645,0.218912783370277,0.0410152718536219,0.022100248361342,0.241431296402726,0.148513512957451,0.00267124383948955
"221",0,0.146701298984545,0.0121254841851169,0.168135957894047,0.218375157204781,0.0409213000988856,0.0220483296956045,0.240892866941269,0.148134348256199,0.00266525673955151
"222",0,0.147796051099402,0.0120910811482448,0.168678654424473,0.217839918554199,0.0408275549427612,0.0219965629605733,0.24035471992447,0.147756186445148,0.00265927050072826
"223",0,0.148888169579515,0.0120568092867648,0.16921981269541,0.217306962332419,0.0407340512524616,0.0219449542639877,0.239816891799554,0.147379061852102,0.00265328693778576
"224",0,0.149977662016926,0.0120226666765829,0.169759438508177,0.216776201463889,0.0406407997398091,0.0218935070820148,0.23927941680828,0.147003000030531,0.00264730767378948
"225",0,0.151064535904296,0.0119886515139017,0.170297537583132,0.21624756220678,0.0405478081691273,0.0218422231901192,0.238742327132919,0.146628020146726,0.00264133415299731
"226",0,0.15214879864748,0.0119547621054588,0.170834115564635,0.215720981015893,0.0404550821198529,0.0217911032771106,0.238205653053529,0.146254136559421,0.00263536765662102
"227",0,0.153230457575209,0.0119209968627568,0.171369178025743,0.215196402354829,0.0403626255320868,0.0217401473113932,0.237669423098595,0.145881359920247,0.00262940931914062
"228",0,0.154309519946761,0.0118873542935159,0.171902730472537,0.214673777115434,0.040270441095317,0.0216893547809382,0.23713366418462,0.145509697967058,0.00262346014381762
