"","Alive","Death","ODN","ODF","REL","BUP","BUPC","MET","METC","ABS"
"0",0,1.11022302462516e-16,0,0,0,0,0,1,0,0
"1",0,0.000324118630494863,0.01148389576841,0.000617090789135134,0.279578310385063,0,0,0.703224039674266,0,0.00477254475263105
"2",0,0.000710869090701838,0.0598689682118395,0.00383416882463749,0.274862528542608,0.00800068370202972,0.00800068370202972,0.61976993408226,0.0193586628614233,0.00559350098246998
"3",0,0.00110587160963005,0.0477060213076381,0.00639766704239463,0.293621684288546,0.0176437385110611,0.0160976681812029,0.571942444902657,0.0391624754056903,0.00632242875118036
"4",0,0.0015012066098653,0.0440687058128604,0.00876571295596245,0.314208224662908,0.0235789317108037,0.01943926585286,0.532460532134518,0.0489072577841741,0.00707016247604809
"5",0,0.00189920920318132,0.0452395930945985,0.0111966768697671,0.327986073042567,0.0278537876397179,0.0213564527751186,0.500589530316077,0.0561757556465625,0.00770292141240999
"6",0,0.00229944365581425,0.0456505097878319,0.0136497215226875,0.338398509809886,0.0314303237867606,0.0228757238498259,0.474839711771498,0.0625985098474733,0.00825754596822253
"7",0,0.0027010124703537,0.0459889820675374,0.0161209540911374,0.347073913819366,0.0343632911836714,0.0239650709798726,0.453168187055393,0.0678516467343231,0.00876694159834561
"8",0,0.00310352158737215,0.0464895445363233,0.0186190845429453,0.354108157706929,0.0367997700910674,0.0247800780098765,0.434613563253792,0.0722492210303058,0.00923705924138877
"9",0,0.00350664556235925,0.0469700141451642,0.0211430331818958,0.35984855411815,0.0388650026187411,0.0254304420641893,0.418544938280402,0.0760173120500796,0.00967405797901895
"10",0,0.00391009434455503,0.0474034398086713,0.023690272086634,0.364598854105431,0.0406317871474006,0.0259631561758553,0.40445955844656,0.0792592555330923,0.0100835823518011
"11",0,0.00431363839866661,0.0478017751363752,0.0262589156668125,0.368543166769079,0.0421544005805205,0.0264100715686413,0.391987543092701,0.0820611887919288,0.0104692999952746
"12",0,0.00471709116141739,0.0481622620164746,0.0288469301240697,0.371819946535998,0.0434765575053573,0.0267945922776512,0.380852579150198,0.0844961653642079,0.0108338758646256
"13",0,0.00514191903045136,0.0484827962763012,0.0314521685916566,0.374531006493093,0.044631123241651,0.0271313417615302,0.370831766140828,0.0866185296231469,0.0111793488413415
"14",0,0.00556633670583973,0.0487670132121147,0.0340726795466245,0.376774025031445,0.045645497317547,0.0274311879558585,0.36176068911201,0.0884751216225868,0.011507449495974
"15",0,0.00599022636365365,0.0490170141636997,0.0367066243821856,0.378619081962651,0.0465410692863644,0.0277014082845752,0.353501831474895,0.0901032154288009,0.0118195286531753
"16",0,0.0064134872462448,0.0492350117171898,0.0393522833855714,0.380123403809254,0.0473351335989613,0.0279471277405922,0.345943225485048,0.0915336221825302,0.0121167048346082
"17",0,0.00683603271873157,0.0494232588371817,0.0420080579077821,0.381334196388623,0.0480417943625149,0.0281720123270865,0.338992675363935,0.0927920503604121,0.0123999217337336
"18",0,0.00725778795211196,0.0495839158752116,0.0446724653869943,0.382290785143574,0.0486726523017755,0.0283787373787084,0.332573531051477,0.0939001350639032,0.0126699898462434
"19",0,0.00767868806416883,0.0497190177476425,0.047344132608262,0.383026227849553,0.0492373185239755,0.0285692930968642,0.32662150572044,0.0948761992403448,0.0129276171487492
"20",0,0.00809867662213593,0.0498304689175841,0.05002178869357,0.383568515925391,0.0497438107591636,0.0287451941479244,0.321082261211564,0.095735852332158,0.0131734313905092
"21",0,0.00851770442018507,0.0499200403954821,0.0527042579307121,0.383941500324167,0.0501988624118686,0.0289076241421967,0.315909549116156,0.096492464622637,0.0134079966365956
"22",0,0.00893572846969626,0.0499893727358566,0.0553904527632006,0.384165616834091,0.0506081648584514,0.0290575348129022,0.311063759068084,0.0971575447458323,0.0136318257118862
"23",0,0.00935271115805913,0.0500399826237482,0.0580793671341008,0.384258460134822,0.0509765589157008,0.0291957144429727,0.306510772311159,0.0977410436554318,0.0138453896240053
"24",0,0.00976861954232455,0.0500732705179947,0.0607700702405784,0.384235243803986,0.0513081872199574,0.029322835215509,0.302221047089546,0.0982516016143436,0.0140491247557597
"25",0,0.0102107235977399,0.0500887872037619,0.0634616071410976,0.384095921063337,0.0516052604605505,0.029438628627386,0.298161705193116,0.0986940583615805,0.0142433083514303
"26",0,0.0106516113279479,0.0500896591581723,0.0661531908963641,0.38386544250051,0.0518721356508499,0.0295444404870927,0.294317491666108,0.0990776069299569,0.0144284213829985
"27",0,0.0110912592625791,0.0500767765697204,0.0688440824016456,0.383553926418312,0.0521115396778498,0.0296407802735562,0.290668737966845,0.0994080685460739,0.0146048288834189
"28",0,0.0115296468332048,0.0500511746694479,0.0715335981806787,0.383170153218235,0.0523258377598014,0.0297280970930666,0.287198079272482,0.0996905368701237,0.0147728761029603
"29",0,0.0119667560627498,0.0500138008020055,0.0742211056630659,0.382721813285784,0.0525171134255294,0.0298068168082066,0.283890174838464,0.0999295285506091,0.0149328905635858
"30",0,0.012402571259902,0.0499655141766978,0.0769060184482949,0.38221569453287,0.0526872104336699,0.0298773423723584,0.280731417670283,0.100129046588398,0.0150851845175255
"31",0,0.0128370787609705,0.049907111668003,0.0795877929561566,0.381657796422843,0.0528377670396242,0.0299400556941983,0.277709696057217,0.100292645054387,0.0152300563466002
"32",0,0.0132702667072109,0.0498393307598716,0.0822659252353766,0.381053428045713,0.0529702467046219,0.0299953215337282,0.274814198507144,0.10042349089995,0.0153677916063846
"33",0,0.0137021248480532,0.0497628526096218,0.0849399479368852,0.380407298256168,0.0530859629451722,0.0300434893119343,0.272035246381874,0.100524413739767,0.0154986639705246
"34",0,0.0141326443682609,0.0496783071093411,0.0876094275590644,0.379723591901389,0.0531860998080832,0.0300848941690382,0.26936415101085,0.100597948060499,0.015622936013474
"35",0,0.0145618177360123,0.0495862771649787,0.0902739619229327,0.379006035042505,0.0532717290517337,0.0301198577832168,0.26679309175871,0.10064636967386,0.0157408598660506
"36",0,0.0149896385689353,0.0494873024437303,0.0929331778486968,0.378257951412275,0.0533438245722853,0.0301486889532063,0.264315011390545,0.100671727029309,0.0158526777810173
"37",0,0.0154496320592207,0.049379696717331,0.0955866115465516,0.377465789014603,0.0534014902608561,0.030170564862095,0.261915409142823,0.100672367970743,0.0159584384257758
"38",0,0.0159081380718393,0.0492663653820672,0.098233955349085,0.376649009877829,0.0534472257911383,0.0301868456214513,0.259596566887817,0.100653382293714,0.016058510725059
"39",0,0.0163651529758719,0.0491474663815391,0.100874910076034,0.375810089035084,0.0534818236225205,0.0301978366843126,0.257353282022732,0.100616323735407,0.0161531154664988
"40",0,0.016820673900991,0.0490234268211328,0.103509199497781,0.374951129386196,0.0535059820947076,0.0302037994412422,0.255180763943268,0.100562561058554,0.016242463856128
"41",0,0.0172746987033969,0.0488946311877503,0.106136568045231,0.37407399452677,0.0535203467763562,0.0302049892864741,0.25307465290362,0.100493360639907,0.0163267579304936
"42",0,0.0177272258848955,0.0487614171425232,0.108756778293621,0.373180384977203,0.0535255141856444,0.0302016497383883,0.251030961269466,0.100409876608835,0.0164061918994231
"43",0,0.0181782545318152,0.0486241032824317,0.111369609938095,0.372271845986793,0.0535220349896829,0.0301940109033749,0.249046029854379,0.100313158006307,0.0164809525071218
"44",0,0.0186277842637168,0.0484829877886773,0.11397485869666,0.371349776809377,0.0535104198848524,0.030182291908839,0.247116497456115,0.100204163947448,0.0165512192443143
"45",0,0.0190758151845957,0.048338347719797,0.116572335175152,0.370415447474166,0.0534911438122861,0.0301667015925313,0.24523927124444,0.100083773132738,0.0166171646642936
"46",0,0.0195223478387351,0.0481904412449956,0.119161863852211,0.369470012344446,0.0534646493189723,0.0301474388655671,0.243411500063708,0.0999527918020694,0.0166789546692953
"47",0,0.0199673831710971,0.0480395092168902,0.121743282148767,0.368514521785599,0.0534313495627658,0.0301246931826363,0.241630551059941,0.0998119611017804,0.0167367487705234
"48",0,0.0204109224915427,0.0478857763899504,0.124316439563005,0.367549932839947,0.0533916309399236,0.0300986449702368,0.239893988922095,0.0996619635454113,0.0167907003378877
"49",0,0.0208863711596278,0.0477272619195368,0.126881079151793,0.36656052230482,0.053344009044319,0.0300683105559491,0.23819185103007,0.0994998390281443,0.0168407558057399
"50",0,0.0213601952440777,0.047566615771846,0.129437086368776,0.365563979791485,0.0532905768812327,0.0300349686345807,0.236529669556489,0.0993296888532505,0.0168872188982627
"51",0,0.0218323974058594,0.0474037440376448,0.131984341621355,0.364561128771474,0.0532317000226243,0.0299988078888584,0.234905559976639,0.0991520886796694,0.0169302315958753
"52",0,0.0223029805239574,0.0472388475475438,0.134522736108628,0.363552595060524,0.0531676896975349,0.0299599767260017,0.233317715109667,0.0989675300880135,0.0169699291381295
"53",0,0.0227719477204786,0.0470721006546248,0.137052170398611,0.362538925589146,0.0530988395509295,0.0299186216080485,0.231764463397814,0.0987764906973978,0.0170064403829485
"54",0,0.0232393023282587,0.0469036467751352,0.139572552765839,0.361520645684359,0.053025425022313,0.0298748810341576,0.230244243878932,0.0985794134548682,0.0170398890561367
"55",0,0.0237050478739662,0.0467336250410772,0.142083798961148,0.360498249633973,0.0529477029927016,0.0298288840827653,0.228755592373686,0.0983767050301924,0.01707039401049
"56",0,0.0241691880661667,0.0465621676560759,0.144585831839378,0.359472195338308,0.0528659146133449,0.0297807528723853,0.227297136996592,0.0981687432701864,0.0170980693475628
"57",0,0.0246317267812193,0.0463893980640899,0.14707858088867,0.35844290837109,0.0527802868797763,0.0297306032299995,0.225867591201228,0.0979558799338399,0.0171230246500873
"58",0,0.0250926680499485,0.0462154321725014,0.149561981825485,0.357410784417921,0.0526910337076563,0.0296785450083636,0.224465746917035,0.0977384427121432,0.0171453651889464
"59",0,0.02555201604548,0.0460403789958169,0.152035976224212,0.356376191210742,0.0525983569555804,0.0296246824913327,0.223090468580113,0.0975167373895994,0.0171651921071234
"60",0,0.0260097750719207,0.0458643410240271,0.154500511166573,0.355339470670033,0.0525024473266415,0.0295691147404666,0.221740687676312,0.0972910497280253,0.0171826025960011
"61",0,0.0265023645398516,0.045685031800049,0.156955410870792,0.35428273688164,0.0524014258085902,0.0295106485767614,0.220407257520361,0.0970576670987086,0.0171974569032454
"62",0,0.0269932250259266,0.0455052151117038,0.159400648068111,0.353224822411741,0.05229742373641,0.0294506185399442,0.219097261884402,0.0968207497556895,0.0172100354660723
"63",0,0.0274823618618267,0.0453246719104185,0.161836183719125,0.352166106663809,0.0521906539044012,0.0293891457883623,0.217809873135421,0.096580572151901,0.017220430864736
"64",0,0.0279697804162253,0.0451435153080125,0.16426198486253,0.351106797051657,0.052081282075093,0.0293263116810927,0.216544251027575,0.0963373469313284,0.017228730646486
"65",0,0.0284554861430708,0.0449618358643696,0.166678023403286,0.350047059063111,0.0519694660517854,0.0292621993089135,0.215299614999242,0.096091297472679,0.0172350176935417
"66",0,0.028939484560806,0.0447796972726436,0.169084274668926,0.348987073796178,0.0518553539981259,0.0291968867048745,0.214075224948689,0.0958426325415132,0.0172393715082446
"67",0,0.0294217812483389,0.0445971647859649,0.171480717493378,0.347927023238888,0.0517390833022979,0.029130445192123,0.21287037378558,0.095591542540843,0.017241868412586
"68",0,0.0299023818451567,0.0444143018336759,0.173867334118968,0.346867080894355,0.0516207829347818,0.0290629419235313,0.211684389178691,0.0953382056657812,0.0172425816050591
"69",0,0.0303812920475163,0.0442311676099712,0.17624410996884,0.345807413009425,0.0515005745065885,0.0289944404656924,0.210516631917662,0.0950827891352444,0.0172415813390602
"70",0,0.0308585176043211,0.044047818006032,0.178611033469469,0.344748178409049,0.0513785728474415,0.0289250010012006,0.209366493756893,0.0948254498302243,0.0172389350753702
"71",0,0.0313340643132701,0.0438643059445883,0.180968095891149,0.343689528106595,0.0512548865798425,0.0288546806268522,0.208233395682154,0.0945663352440343,0.0172347076115141
"72",0,0.0318079380170242,0.0436806814458458,0.183315291192026,0.342631605417315,0.0511296186095596,0.0287835335904937,0.207116786250225,0.0943055842728206,0.0172289612046893
"73",0,0.0323161389009631,0.043494652382095,0.185652490162036,0.3415564599292,0.0510008011590889,0.0287103213165803,0.206008269693911,0.09403935163465,0.0172215148214758
"74",0,0.0328225276334478,0.0433088900539506,0.1879797071343,0.340482642952934,0.0508704962283738,0.0286363421744309,0.204915097680481,0.093771671125891,0.01721262501619
"75",0,0.0333271109731876,0.0431231361293092,0.190296942560385,0.339410378857575,0.0507388423594689,0.0285616784888481,0.203836859753245,0.093502697542319,0.0172023533356625
"76",0,0.0338298956442952,0.0429374632743856,0.192604200796595,0.338339731207277,0.0506059357921778,0.0284863754003072,0.202773106685204,0.0932325337185564,0.0171907574812023
"77",0,0.0343308883922766,0.042751923590157,0.194901488998903,0.337270734034962,0.050471868585861,0.0284104814554069,0.201723423113694,0.0929613001535771,0.0171778916751635
"78",0,0.0348300959670909,0.0425665451792644,0.19718881583338,0.336203446911282,0.0503367266680937,0.0283340417991999,0.200687410435136,0.0926891093249258,0.0171638078816273
"79",0,0.035327525123658,0.0423813597458325,0.199466191669734,0.335137939206502,0.0502005885747316,0.0282570965576676,0.199664681474564,0.092416061690428,0.0171485559568823
"80",0,0.0358231826261719,0.0421963991114923,0.201733628587613,0.334074280094719,0.0500635275737668,0.0281796832561707,0.198654863837224,0.0921422512464754,0.0171321836663673
"81",0,0.0363170752479142,0.0420116927380455,0.203991140249808,0.333012538982703,0.0499256125255891,0.0281018373220704,0.197657599795813,0.0918677663168432,0.0171147368212131
"82",0,0.036809209770404,0.0418272685163261,0.206238741817833,0.331952784669842,0.0497869082846309,0.0280235922149097,0.196672545536204,0.0915926897991676,0.0170962593906826
"83",0,0.0372995929825366,0.0416431529802225,0.208476449879006,0.330895084370101,0.0496474761062387,0.0279449796506981,0.195699370691742,0.0913170997461209,0.0170767935933342
"84",0,0.0377882316794733,0.0414593712673506,0.210704282371425,0.329839503290229,0.0495073739813913,0.0278660297681697,0.1947377578391,0.0910410698197157,0.0170563799831462
"85",0,0.0383146690287924,0.0412734019233653,0.212922121742036,0.328766149240669,0.0493643663114912,0.0277853410910786,0.193778895541356,0.0907602709654501,0.0170347841557602
"86",0,0.0388392060071253,0.0410881267452462,0.215130005292064,0.327695414835006,0.0492206915502917,0.0277043267377758,0.192830860074125,0.0904790975343151,0.0170122712240503
"87",0,0.0393618503911762,0.0409032387967206,0.217327953829414,0.326627470496118,0.0490764546181702,0.0276230516992864,0.191893443432026,0.0901976526609661,0.016988884076123
"88",0,0.0398826098786698,0.0407187944026299,0.219515991188623,0.32556231292279,0.0489317166968873,0.0275415417830116,0.190966383186334,0.08991598764411,0.0169646622969441
"89",0,0.0404014921561331,0.040534827989944,0.221694143054176,0.324499912029098,0.0487865365369856,0.0274598275663389,0.190049441708699,0.0896341763807178,0.0169396425779081
"90",0,0.0409185048813885,0.0403513492760156,0.223862435632719,0.323440269990522,0.0486409681518019,0.027377936892679,0.189142388157014,0.0893522870100244,0.0169138600078366
"91",0,0.0414336556865685,0.0401683730002611,0.226020895922927,0.322383403436102,0.0484950594151257,0.027295893155745,0.188244993607264,0.0890703775786421,0.0168873481973639
"92",0,0.0419469521852365,0.0399859150558868,0.228169551777503,0.321329332329444,0.0483488542733943,0.0272137178803966,0.187357035363734,0.088788501868994,0.0168601392654112
"93",0,0.0424584019740784,0.0398039897619966,0.230308431818588,0.32027808011836,0.0482023935900878,0.027131431226965,0.186478297467162,0.0885067100869552,0.0168322639558062
"94",0,0.0429680126336719,0.0396226106577194,0.232437565395856,0.319229672557787,0.0480557154973421,0.0270490520922836,0.185608570460525,0.0882250489756783,0.0168037517291369
"95",0,0.0434757917291078,0.0394417906788925,0.23455698255409,0.318184136420972,0.0479088557555068,0.0269665983113982,0.184747651418832,0.0879435622982765,0.0167746308329237
"96",0,0.0439817468102029,0.0392615420651514,0.236666713995775,0.317141498837487,0.0477618480380219,0.0268840867972075,0.183895343896058,0.0876622911925587,0.0167449283675375
"97",0,0.0445275850575154,0.039079221973039,0.238766648409362,0.316080655993047,0.0476122921702841,0.026800015694058,0.183042593957208,0.0873766120803039,0.0167143746651825
"98",0,0.0450714316833272,0.0388978242804986,0.240856835360285,0.31502317005446,0.0474625410401992,0.0267158717791253,0.182197931874505,0.0870911515282266,0.0166832423993724
"99",0,0.0456132952913956,0.0387170160225483,0.242937306522,0.313969184730366,0.0473126811645101,0.0266317105111895,0.181361256930084,0.0868059860240011,0.0166515628039065
"100",0,0.0461531843771787,0.0385368451222435,0.245008096143121,0.312918661181102,0.0471627545276532,0.0265475471473264,0.180532406815555,0.0865211405605977,0.0166193641252226
"101",0,0.0466911074047992,0.0383573364623832,0.24706923980935,0.311871535450527,0.0470128015342085,0.0264634023732828,0.179711239841183,0.0862366650460402,0.0165866720782265
"102",0,0.0472270727884518,0.0381784899375582,0.249120773100724,0.310827779314933,0.0468628584949888,0.0263792944222392,0.178897616269871,0.0859526044996441,0.0165535111715909
"103",0,0.0477610888970721,0.0380003111625995,0.251162731898993,0.309787381227335,0.0467129562038451,0.0262952373661557,0.178091393733528,0.0856689946959297,0.0165199048145419
"104",0,0.0482931640633274,0.0378228074055178,0.253195152476457,0.308750334668175,0.0465631222049031,0.0262112437829114,0.177292431971892,0.0853858681399891,0.0164858752868269
"105",0,0.0488233065864376,0.0376459847516823,0.255218071432417,0.307716638140855,0.0464133816377662,0.0261273252670443,0.176500593613106,0.0851032547271898,0.0164514438435008
"106",0,0.0493515247338867,0.037469848901076,0.257231525672462,0.306686293826364,0.0462637575715899,0.0260434925206763,0.175715744167505,0.0848211818117414,0.0164166307946988
"107",0,0.0498778267429012,0.037294405328137,0.259235552396353,0.30565930614774,0.0461142713458935,0.0259597555459448,0.174937752274207,0.0845396746551722,0.0163814555636517
"108",0,0.0504022208214172,0.0371196591646107,0.261230189079605,0.304635680997605,0.0459649428340024,0.025876123772395,0.174166489845761,0.0842587567437273,0.0163459367408764
"109",0,0.0509683771658029,0.036942870282753,0.2632153259561,0.303593220680829,0.0458132322021293,0.0257910096248644,0.173392636978303,0.0839735508162644,0.0163097762929539
"110",0,0.0515324463436133,0.0367671286353001,0.265191019299313,0.302554567809859,0.0456616017698478,0.0257059696149869,0.172625107304411,0.0836889021157017,0.0162732571069678
"111",0,0.0520944377042338,0.0365920826583451,0.267157306491317,0.30151985216243,0.0455101282777733,0.0256210543248401,0.171863862611118,0.0834048726746753,0.0162364030952677
"112",0,0.0526543604649815,0.0364177762277208,0.26911422727187,0.300489012496569,0.0453588430147416,0.0255362731639896,0.171108798924877,0.0831214730947996,0.0161992353404509
"113",0,0.0532122237971431,0.0362442289171789,0.271061822432532,0.299461963583459,0.0452077761116203,0.025451641337945,0.170359830877225,0.0828387403387525,0.0161617726041448
"114",0,0.0537680368058658,0.0360714350091072,0.273000132457623,0.298438658416261,0.045056953858428,0.0253671716620383,0.169616872366338,0.0825567067410171,0.0161240326833219
"115",0,0.0543218085362331,0.0358993949346846,0.274929197854633,0.297419068082866,0.0449063973000631,0.0252828728936106,0.168879832169835,0.0822753957230246,0.0160860325050493
"116",0,0.054873547983872,0.0357281110529118,0.276849059257816,0.296403169732707,0.0447561245620865,0.0251987524763089,0.168148618944131,0.0819948279033851,0.0160477880867809
"117",0,0.0554232640986413,0.035557584744192,0.278759757375601,0.295390946459748,0.0446061517104314,0.0251148170649686,0.16742314215201,0.0817150217597188,0.0160093146346893
"118",0,0.0559709657870351,0.035387817215649,0.28066133298128,0.294382385839502,0.0444564930845612,0.0250310726167378,0.166703312174222,0.0814359936843278,0.0159706266166845
"119",0,0.0565166619142848,0.0352188096537145,0.282553826911902,0.293377478395866,0.0443071616347703,0.024947524582776,0.165989040668253,0.0811577584248986,0.0159317378135342
"120",0,0.0570603613058577,0.0350505630939686,0.284437280060161,0.292376216758988,0.0441581691789199,0.0248641780317709,0.165280240814133,0.0808803293898246,0.0158926613663754
"121",0,0.0576473633728657,0.0348802686377841,0.286311582381691,0.291355487377906,0.0440068635470919,0.0247793761937983,0.164567358276622,0.0805986233957097,0.0158530768165321
"122",0,0.0582321786035964,0.0347110860577727,0.288176793623511,0.290338846912247,0.043855800683304,0.0246947348901058,0.163859610729979,0.0803176710160532,0.0158132774834311
"123",0,0.0588148170568212,0.0345426511789562,0.290032953963583,0.289326416749632,0.0437050519741253,0.0246103021420963,0.163156998419296,0.080037525900134,0.0157732826153562
"124",0,0.0593952886383089,0.0343750059215573,0.291880105832464,0.288318120143424,0.0435546426314457,0.0245260840925437,0.162459453498898,0.0797581905371395,0.0157331087042193
"125",0,0.0599736031957212,0.0342081667163162,0.293718292543624,0.287313857466697,0.0434045969067908,0.0244420928557956,0.161766925628977,0.0794796946365636,0.0156927700495147
"126",0,0.0605497704968433,0.0340421245492158,0.295547556926161,0.286313569157052,0.04325493527418,0.0243583381124564,0.161079362080982,0.0792020632665979,0.0156522801365112
"127",0,0.0611238002369991,0.03387687681113,0.297367941668969,0.28531721471008,0.0431056730756528,0.0242748255123995,0.160396703546535,0.0789253127164509,0.0156116517217842
"128",0,0.0616957020511567,0.0337124229703507,0.299179489432373,0.284324760402184,0.0429568228934434,0.0241915594750653,0.159718889292247,0.0786494566949658,0.0155708967882133
"129",0,0.0622654855183715,0.0335487616322185,0.300982242801755,0.283336179073666,0.0428083954261796,0.0241085437295381,0.159045858174823,0.0783745070038546,0.0155300266395931
"130",0,0.0628331601647739,0.0333858913492901,0.302776244284717,0.282351448575354,0.0426603998278083,0.0240257814108319,0.158377548822584,0.0781004735949097,0.0154890519697298
"131",0,0.0633987354661882,0.0332238107700138,0.304561536316237,0.281370550165937,0.042512844047261,0.0239432752541885,0.157713900058558,0.0778273650120407,0.0154479829095757
"132",0,0.0639622208500605,0.0330625185015959,0.306338161256448,0.280393467620621,0.0423657350845742,0.0238610277183469,0.157054851203446,0.0775551886940484,0.0154068290708595
"133",0,0.0645711751520914,0.032899103751769,0.308106005053138,0.279395854064682,0.0422162760045278,0.0237772922892579,0.156390457862957,0.0772785906468504,0.0153652451747256
"134",0,0.0651778347972751,0.0327368365916949,0.309865129372407,0.278402512626129,0.0420671532343491,0.0236937671787191,0.155730367713887,0.0770028582041049,0.015323540281433
"135",0,0.0657822105706584,0.0325753372140824,0.311615575471289,0.277413561632454,0.0419184364209919,0.0236104999324107,0.155074607248947,0.0767280407144454,0.0152817307947217
"136",0,0.0663843130820987,0.0324146474975272,0.313357386857179,0.276428911404509,0.0417701476361281,0.0235274949383609,0.154423132317697,0.0764541359239829,0.0152398303425182
"137",0,0.0669841528720534,0.0322547822267964,0.315090607831934,0.275448450135842,0.0416223080580786,0.0234447627304553,0.153775915909624,0.0761811698269387,0.0151978504082775
"138",0,0.0675817403875874,0.0320957302456548,0.316815282097931,0.274472108297833,0.0414749349875425,0.0233623112646545,0.153132927423445,0.0759091635458699,0.0151558017494825
"139",0,0.0681770859913154,0.0319374870786912,0.318531453117054,0.273499836483246,0.0413280405382922,0.023280144385087,0.152494128612291,0.0756381293174764,0.0151136944765465
"140",0,0.0687701999752405,0.0317800504481634,0.320239164228797,0.272531592750683,0.0411816340891201,0.0231982647167391,0.151859478929452,0.0753680768578511,0.0150715380039539
"141",0,0.0693610925660075,0.031623417269873,0.321938458606921,0.271567342307316,0.0410357231921095,0.0231166742306598,0.15122893662065,0.0750990140624108,0.0150293411440532
"142",0,0.0699497739284983,0.0314675844797329,0.323629379260536,0.270607055850932,0.0408903139263675,0.0230353743498356,0.150602458956879,0.0748309470724386,0.0149871121747791
"143",0,0.0705362541689779,0.0313125491825171,0.32531196904318,0.269650707883852,0.0407454112486359,0.0229543661511633,0.14998000270681,0.0745638807298234,0.0149448588850398
"144",0,0.0711205433374494,0.0311583085084203,0.326986270654178,0.268698275766672,0.0406010192560809,0.0228736504924515,0.149361524481558,0.0742978188865866,0.0149025886166038
"145",0,0.0717537580347891,0.0310017769078978,0.32865216098987,0.267723514086505,0.0404541223535863,0.0227913448082882,0.148736406172865,0.0740269937429653,0.0148599229032346
"146",0,0.0723845548125338,0.0308464185891202,0.330309703096923,0.266753156449839,0.0403076116513353,0.022709276451601,0.148114988377688,0.0737570947432193,0.0148171958277404
"147",0,0.0730129452628636,0.0306918293468386,0.331958938301908,0.265787323625694,0.0401615583998143,0.0226274945629861,0.147497318121603,0.0734881700866876,0.0147744222916046
"148",0,0.0736389407756265,0.0305380529647619,0.333599910284126,0.264825912856093,0.0400159836149312,0.0225460027305722,0.146883367817376,0.0732202146617002,0.0147316142948127
"149",0,0.0742625526592298,0.0303851037321482,0.335232663490717,0.263868799509317,0.0398709073943175,0.022464810967948,0.14627312734067,0.072953253248468,0.0146887816571844
"150",0,0.0748837921134229,0.0302329688534809,0.336857241681248,0.26291590449012,0.0397263456871098,0.0223839264525781,0.145666581910101,0.0726873052984121,0.0146459335135271
"151",0,0.0755026702402252,0.0300816426246263,0.338473688308775,0.261967170337179,0.0395823090105091,0.0223033520317216,0.145063708081775,0.0724223809768715,0.0146030783883177
"152",0,0.0761191980600576,0.0299311216829742,0.34008204664566,0.261022547882659,0.039438805045749,0.022223089281339,0.144464479405463,0.07215848785316,0.0145602241429378
"153",0,0.0767333865180188,0.0297814018702516,0.341682359740822,0.260081995820947,0.0392958396044213,0.0221431391131472,0.143868867611319,0.0718956316491592,0.0145173780719142
"154",0,0.0773452464882191,0.0296324790964177,0.343274670423399,0.25914547890332,0.0391534170091486,0.0220635018951736,0.14327684289093,0.0716338163215247,0.0144745469718672
"155",0,0.0779547887775671,0.0294843494931617,0.344859021314664,0.258212966127168,0.0390115404666371,0.0219841776682104,0.142688374421535,0.0713730445438659,0.01443173718719
"156",0,0.0785620241286252,0.0293370092618415,0.346435454831768,0.257284429712193,0.0388702123461683,0.021905166281224,0.142103430752229,0.0711133180338379,0.0143889546521122
"157",0,0.0792196518678694,0.0291873225517423,0.348003844885929,0.256332738172379,0.0387263167965887,0.0218245228276063,0.141511118947919,0.0708486804339743,0.0143458035159908
"158",0,0.0798747319306783,0.0290388088596475,0.349564254509642,0.255385526212601,0.0385828385205335,0.0217441333898349,0.140922071546089,0.070585004081139,0.0143026309498348
"159",0,0.0805272767380573,0.0288910561880566,0.351116724596586,0.254442912735887,0.0384398486474534,0.0216640472931077,0.140336347648479,0.0703223353723394,0.0142594507800342
"160",0,0.0811772984856465,0.0287441088575262,0.352661298422018,0.253504786359348,0.0382973673777567,0.0215842677327852,0.139753931033456,0.07006066785533,0.0142162738761331
"161",0,0.081824809276082,0.028597980393099,0.354198019987969,0.252571015099002,0.0381554139405586,0.0215048043130221,0.139174822730322,0.0698000253196494,0.0141731089402953
"162",0,0.082469821089423,0.0284526571968653,0.355726932565781,0.251641513984814,0.038014003247201,0.0214256636211893,0.138599018383617,0.0695404258905582,0.0141299640205515
"163",0,0.0831123457959055,0.0283081328652867,0.357248079082701,0.250716220331038,0.0378731446992001,0.0213468478470585,0.138026504478954,0.069281878320197,0.0140868465796595
"164",0,0.0837523951739478,0.0281644033652521,0.358761502249253,0.24979508024993,0.0377328448270906,0.0212683578851718,0.137457264074552,0.0690243887322978,0.0140437634425053
"165",0,0.0843899809173108,0.0280214638952834,0.360267244517955,0.248878048111184,0.0375931082795256,0.0211901939611386,0.136891278030967,0.0687679613941268,0.0140007208925095
"166",0,0.0850251146400794,0.0278793097515175,0.361765348088559,0.247965084654763,0.0374539382190278,0.0211123557638079,0.136328525325845,0.068512598815875,0.0139577247405249
"167",0,0.0856578078810007,0.0277379364801353,0.363255854921493,0.247056155124195,0.0373153367052292,0.0210348426686554,0.135768983604645,0.0682583022442542,0.0139147803703931
"168",0,0.0862880721067751,0.0275973397235516,0.364738806743024,0.24615122820312,0.037177304980236,0.0209576538771255,0.135212629588368,0.068005071996977,0.0138718927808234
"169",0,0.0869706711615463,0.0274543082965877,0.366214072725366,0.245222039444269,0.0370365995854949,0.0208787650441889,0.134648187858516,0.0677467102161661,0.0138286456678651
"170",0,0.0876505829329591,0.0273124459040613,0.367681715686957,0.244297380190104,0.0368963261916901,0.020800138253657,0.13408668229489,0.0674893258226493,0.0137854027230322
"171",0,0.0883278207373261,0.0271713297609193,0.369141775727744,0.243377369892378,0.0367565569692137,0.0207218237640655,0.133528181478937,0.0672329644566334,0.0137421772127831
"172",0,0.0890023976396503,0.0270310054462891,0.370594295396883,0.242461888849427,0.0366173120440799,0.0206438247478099,0.132972677526514,0.0669776189950742,0.0136989793542725
"173",0,0.0896743265995635,0.0268914861361695,0.372039317951549,0.241550797878719,0.0364786104898562,0.0205661507992362,0.13242017984298,0.0667233131192849,0.0136558171826419
"174",0,0.0903436204388962,0.0267527576370397,0.373476885886221,0.240644006638215,0.0363404668339215,0.0204888082693605,0.131870691773529,0.066470064428483,0.0136126980943343
"175",0,0.0910102918565845,0.0266148130957984,0.374907041327126,0.239741447853282,0.036202889953403,0.0204117989957425,0.13132420704009,0.0662178809675152,0.0135696289104588
"176",0,0.0916743534488647,0.0264776480641426,0.376329826161458,0.238843063586522,0.0360658857779373,0.020335123473303,0.130780715586549,0.065966768077032,0.0135266158241918
"177",0,0.0923358177174474,0.0263412573365432,0.377745281996692,0.237948804582438,0.0359294583099803,0.0202587815059804,0.130240204856801,0.0657167291958673,0.0134836644982499
"178",0,0.0929946970752337,0.0262056358250776,0.379153450166902,0.237058628284444,0.0357936100395733,0.0201827723526763,0.12970266014195,0.0654677659796923,0.0134407801344501
"179",0,0.0936510038512729,0.0260707787123496,0.380554371747297,0.236172496899321,0.0356583423414253,0.020107094960076,0.129168065157932,0.0652198788106262,0.0133979675197006
"180",0,0.0943047502945384,0.0259366812952651,0.381948087560364,0.235290376287343,0.0355236557699958,0.0200317481076329,0.128636402474213,0.064973067142414,0.0133552310682341
"181",0,0.0950152221661071,0.0257999189437995,0.383334454405006,0.234381598302417,0.0353860342654446,0.0199545375256859,0.128095504794584,0.0647206142345765,0.0133121153623791
"182",0,0.0957228430857193,0.025664335472229,0.38471353562871,0.233477410691187,0.0352488442161567,0.0198775895457405,0.127557283891851,0.0644691402797775,0.0132690171886291
"183",0,0.0964276274469384,0.0255294793963623,0.386085370318315,0.232577940326533,0.0351121623873018,0.019800957806834,0.127021819726707,0.0642186926099783,0.0132259499810305
"184",0,0.0971295893541644,0.0253953999337049,0.387450000205378,0.231683055323718,0.034976010142914,0.0197246458807277,0.126489111525397,0.0639692637392264,0.0131829238947698
"185",0,0.0978287427906932,0.0252621107921314,0.388807467758054,0.230792604703901,0.0348404076512559,0.0196486640253082,0.125959176638112,0.0637208788457094,0.0131399467948351
"186",0,0.0985251015814925,0.0251295969190646,0.390157814635644,0.229906490271778,0.0347053700856564,0.019573018862592,0.125432025445827,0.0634735563029642,0.0130970258949817
"187",0,0.0992186794113126,0.0249978510513944,0.39150108210716,0.229024638646112,0.0345709065732957,0.0194977121808179,0.124907657882725,0.063227304329815,0.013054167817368
"188",0,0.0999094898482974,0.0248668684567743,0.392837311187323,0.228146986708347,0.0344370230780312,0.0194227443099206,0.124386069639321,0.0629821282343086,0.0130113785376765
"189",0,0.100597546353673,0.0247366436184606,0.394166542594409,0.227273480797273,0.0343037234965715,0.0193481148281297,0.123867253541638,0.0627380312822558,0.0129686634875893
"190",0,0.101282862288544,0.0246071711556851,0.395488816757556,0.226404074543001,0.0341710101111852,0.0192738227295135,0.123351199944618,0.062495014842095,0.0129260276278023
"191",0,0.101965450919757,0.0244784459836679,0.396804173832671,0.225538726779876,0.0340388840183357,0.0191998666770486,0.122837897359393,0.0622530789329563,0.0128834754962949
"192",0,0.102645325424378,0.0243504631487638,0.398112653709475,0.22467740034289,0.0339073454466678,0.0191262451600719,0.122327332919319,0.0620122225958115,0.0128410112526238
"193",0,0.103382344731534,0.0242198166491741,0.399414113255099,0.223789061959649,0.0337728404744808,0.0190507403173271,0.121807253120421,0.0617656582626945,0.0127981712296207
"194",0,0.104116346080817,0.0240903295536022,0.400708614770486,0.222905335746718,0.0336387721640213,0.0189755010310912,0.121289664585033,0.0615200765738964,0.0127553594943338
"195",0,0.104847344955507,0.0239615520551667,0.401996196386065,0.222026345564761,0.0335052169139388,0.0189005807250998,0.120774650635866,0.0612755234944347,0.0127125892691609
"196",0,0.105575356523142,0.0238335335026302,0.403276898884034,0.221151954355932,0.0333721960874683,0.0188259831741512,0.120262215131142,0.0610319918860784,0.0126698704554216
"197",0,0.106300395815667,0.0237062869717927,0.404550763749224,0.220282007894344,0.0332397297486017,0.0187517186316619,0.119752379647009,0.0607895068580506,0.0126272106836482
"198",0,0.107022477689837,0.0235797973716597,0.405817831655548,0.219416405246028,0.0331078328161956,0.0186777935517314,0.119245158338057,0.060548086392161,0.0125846169387816
"199",0,0.107741616847779,0.0234540573178855,0.407078142880118,0.218555070447672,0.0329765141510076,0.0186042095570021,0.118740554811187,0.0603077383738606,0.0125420956134879
"200",0,0.108457827862768,0.0233290619081886,0.408331737436619,0.21769793811401,0.0328457794265597,0.0185309667895468,0.118238568267794,0.0600684677378801,0.0124996524566332
"201",0,0.109171125189993,0.0232048054830451,0.409578655034622,0.21684495251748,0.0327156322302823,0.0184580646255621,0.117739194895176,0.0598302773485191,0.0124572926753209
"202",0,0.109881523174143,0.0230812825279059,0.41081893508737,0.215996065373055,0.032586074526548,0.018385501854178,0.117242428283838,0.0595931681651742,0.0124150210077874
"203",0,0.110589036055936,0.0229584878290527,0.412052616727946,0.21515123373196,0.032457107090034,0.0183132769340478,0.11674826006466,0.0593571397944178,0.0123728417719457
"204",0,0.111293677977101,0.0228364163113244,0.413279738816719,0.21431041875838,0.0323287298268174,0.01824138815286,0.116256680382719,0.0591221908641906,0.0123307589098889
"205",0,0.112059492207729,0.0227114791514777,0.414500147367497,0.213440350667625,0.0321971367089071,0.0181674605104532,0.11575460733527,0.0588810537664698,0.0122882722845711
"206",0,0.112822096236554,0.0225877057352779,0.415713904914415,0.212574944558505,0.0320659729458901,0.0180937952727003,0.115254869265083,0.0586408935443611,0.0122458175272132
"207",0,0.113581506864367,0.0224646216226395,0.416921048497421,0.211714331229893,0.0319353192882847,0.0180204490324383,0.114757557424697,0.0584017577350921,0.0122034083051681
"208",0,0.114337740532166,0.0223422796229969,0.41812161799419,0.210858362515729,0.0318051985878378,0.0179474262151758,0.11426268032459,0.0581636394678538,0.0121610547394611
"209",0,0.115090813526028,0.0222206932884104,0.419315654010626,0.210006873949367,0.0316756322293876,0.0178747378847745,0.113770264907723,0.0579265656222104,0.0121187645814737
"210",0,0.115840741932217,0.0220998469500821,0.420503196310662,0.20915975793504,0.0315466360005525,0.0178023909000014,0.113280329851497,0.0576905552013944,0.0120765449185539
"211",0,0.116587541661786,0.0219797330078099,0.421684284249833,0.20831693338439,0.0314182192675451,0.0177303869976755,0.112792882620592,0.0574556165881327,0.0120344022222358
"212",0,0.117331228480324,0.0218603464314212,0.422858956913376,0.207478330652281,0.0312903880009078,0.017658726316952,0.11230792590175,0.0572217550071237,0.0119923422958641
"213",0,0.118071818020542,0.0217416814101148,0.424027253074284,0.206643890452241,0.0311631459449679,0.0175874081653769,0.111825459084178,0.0569889734672524,0.0119503703810436
"214",0,0.118809325791156,0.0216237322895278,0.425189211201707,0.205813561467972,0.0310364951174808,0.0175164312205671,0.111345478721298,0.0567572729566028,0.0119084912336883
"215",0,0.119543767184483,0.0215064937328954,0.426344869478028,0.204987298110354,0.0309104362723158,0.0174457938060594,0.110867979211309,0.0565266530297417,0.011866709174814
"216",0,0.120275157482263,0.0213899605522896,0.427494265806849,0.204165059207939,0.0307849692418165,0.0173754940627495,0.110392953303129,0.0562971122058794,0.0118250281370847
"217",0,0.121069272826089,0.0212705028430729,0.428637243037698,0.203312607316596,0.0306561818025563,0.0173030907829385,0.109906989274073,0.0560611812885821,0.0117829308283943
"218",0,0.1218599737936,0.0211521969142109,0.429773863061857,0.202464853251098,0.0305278220719729,0.0172309495406683,0.109423247275088,0.0558262258340859,0.0117408682574185
"219",0,0.122647278605133,0.0210345622311876,0.430904161948936,0.201621927997822,0.0303999720911281,0.0171591278548159,0.108941821872865,0.0555922930973849,0.0116988543007277
"220",0,0.123431205082642,0.0209176528537208,0.432028178673457,0.200783676400981,0.0302726554015273,0.0170876306286825,0.10846272492893,0.0553593768520603,0.0116568991779982
"221",0,0.124211770873263,0.0208014820766815,0.433145952924351,0.199949928777557,0.0301458939330168,0.017016469283377,0.107985986678346,0.055127504737254,0.0116150107161533
"222",0,0.124988993400665,0.020686034116446,0.434257523542408,0.19912057379668,0.0300197037521741,0.0169456507782512,0.10751162852209,0.0548966960221836,0.0115731960691015
"223",0,0.125762889893383,0.0205713012987917,0.435362928956042,0.198295527216996,0.0298940943747736,0.0168751768598178,0.107039660409738,0.0546669592306101,0.0115314617598475
"224",0,0.126533477417854,0.0204572785043069,0.436462207318574,0.197474716741425,0.0297690718299208,0.0168050476196857,0.106570087314339,0.0544382996230639,0.0114898136308302
"225",0,0.127300772892619,0.0203439598436731,0.437555396466859,0.196658080791068,0.0296446398548074,0.0167352622828557,0.106102910748577,0.0542107201678757,0.0114482569516652
"226",0,0.128064793098364,0.0202313395910445,0.438642533930074,0.195845566024807,0.0295208004141223,0.0166658194254132,0.105638129257838,0.0539842217620064,0.0114067964963304
"227",0,0.128825554686493,0.0201194123436452,0.439723656947076,0.195037125039379,0.0293975541758001,0.0165967172591539,0.10517573912067,0.0537588038326735,0.0113654365951097
"228",0,0.129583074185692,0.0200081728531884,0.440798802474702,0.194232715018012,0.0292749008626635,0.0165279538084055,0.104715734869555,0.0535344647456218,0.0113241811821609
