"","Alive","Death","ODN","ODF","REL","BUP","BUPC","MET","METC","ABS"
"0",0,0,0,0,0,0.434167573,0,0.565832427,0,0
"1",0,0.000324118604821177,0.00581548090327557,0.000310979481006582,0.125367282560845,0.272735096008648,0.0869383855862566,0.424870260657511,0.0804789033780282,0.0031594928196076
"2",0,0.000676180002444848,0.0314640573530988,0.00199350176742949,0.171591594539065,0.239486947920379,0.0707286666279176,0.384966258805421,0.0949200519303803,0.00417274105386373
"3",0,0.001043157963035,0.0301998253287944,0.00360841997685017,0.216487413751496,0.210357266387597,0.0677963027142898,0.356517999352702,0.109204192454716,0.00478542207051913
"4",0,0.00141894879353655,0.0313410301707308,0.00528436345578341,0.246994795328878,0.189683996112636,0.0638777445496529,0.33539573325803,0.120835152398437,0.00516823593231523
"5",0,0.00180094575003709,0.031937474372513,0.0069922014437701,0.270495262663124,0.173386334425964,0.0605612539022766,0.318783621735767,0.130625321746689,0.00541758395985999
"6",0,0.00218750561716496,0.0324436320984371,0.00872710592368295,0.288873785249867,0.160192153653146,0.0576443186132135,0.305272567690528,0.139079624362437,0.00557930679152352
"7",0,0.00257749159627274,0.0329469174328055,0.0104889232960433,0.303442225626346,0.149242482162105,0.0551038580229551,0.294034614265585,0.146482443025646,0.00568104457224236
"8",0,0.0029700689025477,0.0333922207217125,0.0122745530044731,0.315164492369104,0.139999240742145,0.0528904430330565,0.284531500607161,0.153037088354746,0.00574039226505451
"9",0,0.00336459997780003,0.0337877106696858,0.0140813313093492,0.324666342674695,0.132092362854868,0.0509587365932353,0.276393393315993,0.158886318520394,0.00576920408398038
"10",0,0.00376058510434196,0.0341310823234757,0.015906471215005,0.332410208757652,0.125256794607103,0.0492681377669223,0.26935383697291,0.164137139533622,0.00577574371896748
"11",0,0.00415762497290995,0.0363000363434483,0.0178475946836157,0.33734692988064,0.119234448632035,0.0476937015737376,0.263124160554686,0.168530022848869,0.00576548051005863
"12",0,0.00455546968299458,0.0367509862696433,0.0198128324389622,0.342609438580702,0.113952226996465,0.0463458179238341,0.257635743364473,0.172594901971902,0.00574258277102333
"13",0,0.00497517015584836,0.0371386912970427,0.0217988024966255,0.346832431176321,0.109289466126816,0.0451661487774765,0.252781965680068,0.176306638824996,0.00571068546480608
"14",0,0.00539512296787248,0.03738268185211,0.0237978198082386,0.350313509521186,0.105149652371205,0.0441255968461355,0.248469451057785,0.179693822681325,0.00567234289414211
"15",0,0.00581512007723306,0.0375566776072518,0.0258061414423199,0.353129308682795,0.101455123059845,0.043202471897928,0.244619749756461,0.182786022353393,0.0056293851227741
"16",0,0.00623498918529375,0.0376896721463096,0.0278215748825305,0.355370305215424,0.0981427089306198,0.0423792385527888,0.241168729404084,0.185609597341266,0.00558318434168351
"17",0,0.00665458614691794,0.0377896805165783,0.0298423562125544,0.357123536020364,0.0951605617533445,0.041641902882552,0.238063220475087,0.188189380553082,0.0055347754395206
"18",0,0.00707378923670809,0.0378638460728712,0.0318671035028468,0.358459542815805,0.0924656131005737,0.0409788137018729,0.235258815789134,0.190547530958127,0.00548494482206092
"19",0,0.00749249504603855,0.0379160439976722,0.033894642047007,0.359438630426829,0.0900217400052083,0.0403802148378104,0.232718057450168,0.192703885165041,0.00543429102422591
"20",0,0.00791061532175286,0.0379492450830077,0.0359239560000213,0.36011138533642,0.0877984017949288,0.0398378590059707,0.23040910988432,0.194676158109681,0.00538326946389805
"21",0,0.00832807447978468,0.0379658084216829,0.0379541556680007,0.360520494566417,0.0857695944980444,0.0393447314861758,0.22830472804076,0.196480187049529,0.00533222578960519
"22",0,0.00874480761220719,0.0379676898179717,0.0399844559425595,0.360702135421156,0.0839130402829007,0.0388948362812844,0.226381452821998,0.198130160753496,0.0052814210664265
"23",0,0.00916075886713419,0.0427540702949255,0.0422707051474612,0.357104251438073,0.0820840662766057,0.0382891658820613,0.22441727117674,0.198689626019632,0.00523008489736735
"24",0,0.00957607401750471,0.0432477833714659,0.044583355373854,0.3571388530224,0.0804250051169441,0.0378333817658579,0.222573454075091,0.19944417280112,0.00517792045576232
"25",0,0.0100178716680692,0.0436526596106447,0.0469176561231917,0.356832405588217,0.0789187728900715,0.0374468190791935,0.220875231862872,0.200212388831015,0.00512619434672538
"26",0,0.0104586955777859,0.0437796644940289,0.0492587483852826,0.356522636425286,0.0775405614021023,0.0371050582503342,0.219308060085012,0.200951198159722,0.00507537722044601
"27",0,0.0108984740537493,0.0437812058073516,0.0515999230682127,0.356120177047658,0.0762731991722138,0.0367975726598688,0.217856351726165,0.2016475116311,0.00502558483368047
"28",0,0.0113371533991375,0.0437431606793182,0.0539390633099045,0.355586521672944,0.0751026137193521,0.0365163178227626,0.216507310311554,0.202290998155644,0.00497686092938311
"29",0,0.0117746923850869,0.0436757941363477,0.0562746011646366,0.354942265622706,0.0740175596438213,0.0362568367125815,0.215249582210565,0.202879464445976,0.00492920367827913
"30",0,0.0122110579819202,0.0435927722750895,0.0586056994733095,0.354197085754433,0.0730087359981618,0.0360157835522101,0.214073508457781,0.203412759997438,0.00488259650965663
"31",0,0.0126462232385001,0.0434986809963997,0.0609317663052223,0.353364618710445,0.0720682444787759,0.0357906425083889,0.212970648100493,0.203892160172667,0.00483701548910778
"32",0,0.0130801659289927,0.0433960797730895,0.0632523465960035,0.352457030068454,0.0711892890613071,0.0355794151786105,0.211933591094826,0.204319648985624,0.00479243331309292
"33",0,0.0135128676391859,0.0432865869375126,0.0655670718206692,0.351484923457809,0.0703659505114259,0.0353804560377663,0.210955787917415,0.204697534334697,0.00474882134351876
"34",0,0.0139443131163924,0.0431712340047436,0.0678756286139083,0.350457575614577,0.0695930314533064,0.0351923838580576,0.210031418583426,0.205028264154999,0.00470615060058917
"35",0,0.0143744897762214,0.0430508066258093,0.0701777456226441,0.349383004762233,0.0688659397368516,0.0350140200934031,0.209155291058268,0.205314309952037,0.00466439237253218
"36",0,0.0148033873151752,0.0429259302861652,0.0724731849412733,0.348268171977581,0.0681805979123049,0.0348443480122535,0.208322758253502,0.205558102721676,0.00462351858006853
"37",0,0,0,0,0,0,0,0,0,0
