"","Alive","Death","ODN","ODF","REL","BUP","BUPC","MET","METC","ABS"
"0",0,0,0,0,0,0.434167573,0,0.565832427,0,0
"1",0,0.000324118610738777,0.00491041233219951,0.000211219701993317,0.143043851458327,0.256049640983542,0.0963950406863611,0.402055113649334,0.0939839879348829,0.0030266146426211
"2",0,0.000679927873994846,0.0279822658712891,0.00141486726936248,0.172573747002582,0.226156490775051,0.0794584464073876,0.361891500100824,0.126461141001194,0.00338161369831512
"3",0,0.00104671242526655,0.0257033625606825,0.00252048859258478,0.202203755251552,0.198256210514204,0.0776628724189945,0.33640759687422,0.152543142116726,0.00365585924576977
"4",0,0.00141896898600669,0.0258108966727017,0.00363073545874691,0.220098709380029,0.179325848524528,0.0738322845789936,0.3190039625126,0.173063130523124,0.00381546336327058
"5",0,0.00179466477284085,0.0257622774311092,0.00473889098491036,0.23319746963316,0.164484260511026,0.070439045393336,0.306427589988253,0.189235512841344,0.00392028844402085
"6",0,0.00217272310731331,0.0257878861504426,0.00584814806135108,0.242878712316276,0.152571013527882,0.0673407089965087,0.296927518842855,0.20248290847859,0.00399038051878193
"7",0,0.00255241584839427,0.0258646592533265,0.00696070750647597,0.250199427566776,0.142735830591595,0.0645899643155709,0.289578682824092,0.213479565476402,0.00403874661736752
"8",0,0.00293323876134111,0.0259572795718711,0.00807725098283043,0.255810171826438,0.134469342245605,0.0621669620836655,0.28378070151964,0.222732141782771,0.00407291122583808
"9",0,0.00331482110939219,0.0260545948252261,0.00919798044142476,0.260139691974921,0.127424639235864,0.0600421941658845,0.279138413915287,0.230590036691624,0.00409762764037703
"10",0,0.00369688293457737,0.0261495432098125,0.0103227940722108,0.26348796376032,0.121356469609558,0.0581824045925006,0.275375547162782,0.237312418119452,0.00411597653878661
"11",0,0.00407920809094664,0.0276938208696636,0.0115140342767837,0.265276202526121,0.116010134722754,0.0564533404117785,0.272188172746102,0.242655745188727,0.00412934116712417
"12",0,0.0044617518408413,0.0279094197917353,0.0127145483950301,0.267304880154246,0.111364627538559,0.0550307604405733,0.26952405387022,0.247550941983074,0.00413901598572121
"13",0,0.0048647869277848,0.0280659726312084,0.0139217965799623,0.268743006646853,0.107299554181033,0.0538011574891741,0.26732443660602,0.251832145125953,0.00414714381201247
"14",0,0.00526763873693803,0.0281651382877814,0.015133310341594,0.269810208923948,0.103712091634573,0.0527253294801505,0.265479619396874,0.255552297698446,0.00415436549969548
"15",0,0.00567020698612408,0.0282409886713714,0.016348086781456,0.270562285778782,0.100529066088968,0.051783661918627,0.263913007445745,0.258791759146857,0.00416093718206943
"16",0,0.00607241251114377,0.0283046313552517,0.017565600789533,0.271057918117842,0.0976928893752884,0.0509581674693961,0.262568896832447,0.261612394836684,0.00416708871241357
"17",0,0.00647419245345038,0.0283592929937218,0.0187854660492376,0.271344663175942,0.0951567324506946,0.0502342226059429,0.261403086370759,0.264069361946148,0.00417298195410254
"18",0,0.00687549582315405,0.0284068636110917,0.0200073775427296,0.271460633058561,0.0928818807271313,0.0495991204245162,0.260380722516662,0.266209177178148,0.00417872911800641
"19",0,0.00727628098297128,0.0284483264258118,0.0212310725449733,0.271436899512119,0.0908358624507367,0.0490418447965122,0.259473830927315,0.268071478015682,0.00418440434387907
"20",0,0.00767651379988532,0.0284843490356516,0.0224563170474221,0.271298861888058,0.0889911730537363,0.0485528053579658,0.258659809407688,0.269690117034361,0.00419005337523255
"21",0,0.00807616625337471,0.0285154339364726,0.0236828986562162,0.271067409708803,0.087324323609559,0.0481236397142813,0.257920284613833,0.271094142213494,0.00419570129396514
"22",0,0.00847521534871909,0.0285419887667697,0.0249106225119262,0.270759804658984,0.0858151166914298,0.0477470454474782,0.257240257133223,0.272308591047447,0.00420135839402215
"23",0,0.0088736422504061,0.0322440961445265,0.0262975912465131,0.268417731395877,0.0842740331465349,0.0471764097414716,0.256340026140841,0.272171095263654,0.00420537467017533
"24",0,0.0092717732422849,0.0326192887418638,0.0277006987619678,0.268151149989826,0.0829563669628346,0.0468950674949254,0.255443080931884,0.272755246596979,0.00420732727743406
"25",0,0.00969547671531767,0.0328383461180006,0.0291132289553112,0.267564991757766,0.0818231105104733,0.0466913990750098,0.254696628159523,0.273366429909357,0.00421038879924149
"26",0,0.0101184202667675,0.0329282857073564,0.0305296278692377,0.266990990134278,0.0808101736562021,0.0465104301508475,0.254024143039763,0.273873336386992,0.00421459278855618
"27",0,0.0105405736592596,0.0329658782771094,0.0319476438146562,0.266395833741317,0.0798930164043563,0.0463516974356822,0.253390199844066,0.27429580429747,0.00421935252608335
"28",0,0.0109619183454501,0.0329842360834654,0.0333664494148178,0.265782538734472,0.0790572263399592,0.0462099959192884,0.252782947565168,0.274630275057632,0.00422441253974615
"29",0,0.0113824450600941,0.0329907524550359,0.034785535314467,0.26515799100037,0.0782923577811243,0.0460836920443332,0.252192613219289,0.274885005267227,0.0042296078580601
"30",0,0.0118021482874102,0.0329900023249203,0.0362045889475266,0.264526158828314,0.0775904309092844,0.0459712002904237,0.251613218868025,0.27506741890566,0.00423483263843615
"31",0,0.0122210247589454,0.0329839327073938,0.0376233814980705,0.263890542065321,0.0769448375387471,0.0458711087212288,0.251040442213476,0.275184714252679,0.00424001624413919
"32",0,0.0126390726501205,0.0329736125271221,0.0390417301296002,0.263253849732772,0.0763499338459308,0.0457820959761506,0.25047113182358,0.275243464181675,0.00424510913304899
"33",0,0.0130562911463386,0.0329596943098947,0.0404594800737904,0.262618206514222,0.0758007965609255,0.0457029270665707,0.249902940095412,0.27524958873174,0.0042500755011058
"34",0,0.0134726801823556,0.0329426124656353,0.0418764952483096,0.26198528532997,0.0752930774336338,0.0456324583679096,0.249334108214436,0.275208393952524,0.0042548888052266
"35",0,0.0138882402678312,0.0329226834918596,0.0432926531848583,0.261356397184571,0.07482290566222,0.0455696395065182,0.248763323620536,0.275124628048112,0.00425952903349312
"36",0,0.0143029723623102,0.0329001523957316,0.0447078419540361,0.260732562890776,0.0743868169598004,0.0455135123667358,0.24818962017059,0.275002539944757,0.00426398095526315
"37",0,0,0,0,0,0,0,0,0,0
