"","Alive","Death","ODN","ODF","REL","BUP","BUPC","MET","METC","ABS"
"0",0,1.11022302462516e-16,0,0,0,0.25,0.25,0.25,0.25,0
"1",0,0.00040425829509283,0.382138724740947,0.02532731301103,0.0434945520754014,0.154769423615925,0.0907917164287654,0.157374792113177,0.100857747269931,0.0448414724497305
"2",0,0.000975429327502164,0.422409700776803,0.0533236976164429,0.0335040849986845,0.149247488333454,0.0712295621360183,0.140205619048677,0.0827482827036879,0.0463561350587311
"3",0,0.00154816702500116,0.330492171626569,0.0752279908391607,0.0302250802642295,0.150475830078292,0.0841586208197152,0.13701351938974,0.131479031158982,0.0593795887983102
"4",0,0.00206529048328474,0.315059521051532,0.0961094419723499,0.0331909025684719,0.149345407009486,0.0792041028705317,0.13305433764629,0.123781777651047,0.0681892187470067
"5",0,0.00256555811883219,0.314677122382485,0.116965548563992,0.0328096145120252,0.147206255792043,0.0728340413075156,0.128240124991476,0.110318227180198,0.0743835071514333
"6",0,0.00305500938796643,0.298443060697736,0.136745697302871,0.0315612623996221,0.145858302445704,0.0705167578005641,0.12459864508468,0.108611515023469,0.0806097498573874
"7",0,0.00352658497606384,0.28276948764434,0.15548703614099,0.0309179510113796,0.144810002345298,0.0682977708640829,0.121474360647594,0.10623378444142,0.0864830219288324
"8",0,0.00398134056132859,0.271131365156942,0.173457025853739,0.0302249130432739,0.14376035057685,0.0655660328193477,0.11849757265548,0.101676719209671,0.0917046801233679
"9",0,0.004421574984106,0.259533249866036,0.190658318029984,0.0293376493395197,0.142824713650242,0.0631536891688942,0.115763931180945,0.0977803731088064,0.0965265006714666
"10",0,0.00484765522611386,0.247814521411258,0.207082918694877,0.0284598933391342,0.142021160318809,0.0610127822309606,0.11328800656027,0.094424889658589,0.101048172559989
"11",0,0.00525994097645877,0.23676717623573,0.222775325653437,0.0276207152857074,0.141297262684295,0.0589513006317891,0.111007314503848,0.0910561566183787,0.105264807410357
"12",0,0.00565914293127234,0.226277402155645,0.237772493489813,0.0267940340738601,0.140633721559159,0.0569856032016993,0.108892768533903,0.0877784371438137,0.109206396910834
"13",0,0.0060666228062829,0.216176574522209,0.252100200717831,0.0259889356253922,0.140020677213851,0.0551329585268781,0.106928130130804,0.0846765752501975,0.112909325206555
"14",0,0.00646152484872276,0.206505385600928,0.265786922845047,0.0252170558795077,0.139449344729338,0.0533751826726593,0.105097025690152,0.0817104228545303,0.116397134879114
"15",0,0.00684441338961539,0.197273701937515,0.278861789311938,0.0244785825321797,0.138909098547178,0.0517007293705052,0.103382133804047,0.0788611647573406,0.119688386349681
"16",0,0.00721583898006395,0.188456153367721,0.291352248080373,0.0237730458662701,0.138392619479906,0.0501062885612778,0.101769972935159,0.0761327460803709,0.122801086648859
"17",0,0.00757632235929317,0.180036286478115,0.303284656616215,0.0231007675088686,0.137893908007665,0.0485870105329759,0.10024888478119,0.0735213582829741,0.125750805432703
"18",0,0.00792636028834326,0.172002876762637,0.31468462844979,0.022461148812322,0.137407819261233,0.0471376345480847,0.0988084716759849,0.0710202614622594,0.128550798739346
"19",0,0.00826642864182614,0.164341756171003,0.325576838084254,0.0218529776025181,0.136930241620902,0.0457540497154506,0.0974397746464253,0.0686250984958163,0.131212835021804
"20",0,0.00859698160954592,0.157037999853681,0.335984970836611,0.0212749497059675,0.13645791315417,0.0444326582368747,0.0961350806849252,0.066332026229544,0.133747419688681
"21",0,0.00891845212712739,0.150077391176404,0.345931769776657,0.020725680382876,0.135988207098983,0.0431700405317521,0.094887677010852,0.0641368814997883,0.13616390039556
"22",0,0.00923125294923843,0.143445887675275,0.355439047270608,0.0202037040431005,0.135519030955599,0.0419630489168254,0.0936917217546235,0.0620356508299314,0.138470655604799
"23",0,0.00953577740548717,0.137129521255577,0.364527689910129,0.0197075455362443,0.135048743752684,0.0408087960712822,0.0925421360925372,0.0600245413986835,0.140675248577376
"24",0,0.00983240009178044,0.131114613741792,0.373217677727537,0.0192357593401023,0.134576072080233,0.0397045891488103,0.0914344944359766,0.0580998603325251,0.142784533101243
"25",0,0.0101405006731287,0.125381440907046,0.381527683476835,0.0187860822914078,0.134096158883,0.0386465675885025,0.0903623668456464,0.0562557998721113,0.144803399462323
"26",0,0.0104409097586716,0.119924292026447,0.389476001417758,0.0183580407857196,0.133612128425171,0.0376337563061264,0.0893249238067523,0.0544912318049137,0.146738715668441
"27",0,0.0107339724580979,0.114730151582698,0.397080063170222,0.0179504009968304,0.133123509089097,0.0366639851187627,0.0883192688024873,0.0528029018188709,0.148595746962934
"28",0,0.0110200168814748,0.10978695051993,0.404356500443701,0.0175619568564828,0.132629944781979,0.0357351105038077,0.0873427996260154,0.0511874165450329,0.150379303841576
"29",0,0.0112993551532337,0.105082933252565,0.411321165813349,0.0171915464559714,0.132131215084532,0.0348451411204211,0.0863932257821735,0.0496416018029556,0.152093815534799
"30",0,0.0115722840816295,0.100606715708245,0.417989157343079,0.0168380818783294,0.131627212169233,0.0339922071891505,0.0854685314358132,0.0481624331441362,0.153743377050384
"31",0,0.0118390858450831,0.0963473937831984,0.424374850396821,0.0165005465378041,0.131117914325994,0.0331745304955483,0.0845669336762082,0.0467469683956406,0.155331776543703
"32",0,0.0121000287076499,0.0922945151309123,0.43049192758,0.0161779875098812,0.130603369045331,0.0323904247592788,0.0836868514762931,0.04539237077887,0.156862525011784
"33",0,0.0123553676924801,0.0884380580668001,0.436353407282859,0.0158695135778534,0.130083679642244,0.0316382928765988,0.0828268802562933,0.0440959175691143,0.158338883035757
"34",0,0.0126053452213866,0.0847684327754172,0.441971672303795,0.0155742927438788,0.129558993168158,0.0309166196704742,0.0819857688063308,0.0428549924603198,0.15976388285024
"35",0,0.0128501917330089,0.081276474714719,0.447358498035546,0.0152915484664315,0.129029490403132,0.030223966683233,0.0811623993705331,0.0416670827719964,0.1611403478214
"36",0,0.013090126276092,0.0779534323555929,0.452525079838771,0.0150205561133031,0.128495377783104,0.0295589681807204,0.0803557706799291,0.0405297787735507,0.162470909998937
"37",0,0.0133438510109308,0.07478614581786,0.457481740866259,0.0147597785972761,0.127952193315054,0.0289190783051746,0.0795621227654532,0.0394388602680851,0.163756229053908
"38",0,0.0135927043944833,0.0717721175282643,0.462238638737144,0.01450946482293,0.127404846278575,0.0283043540556655,0.07878349191083,0.0383941413192366,0.165000240952872
"39",0,0.01383689013265,0.0689034215809212,0.466805405758973,0.0142690668649625,0.126853630005443,0.0277136681641435,0.0780192084272391,0.0373935809694068,0.166205128096261
"40",0,0.0140766017372285,0.0661729032898963,0.471191200042471,0.0140380427912375,0.126298799116104,0.0271458741068989,0.0772686078942369,0.0364350597547694,0.167372911267158
"41",0,0.0143120232429312,0.0635736769264983,0.475404723327427,0.0138158679699445,0.125740611049553,0.0265999072162344,0.0765310855367579,0.0355166264039054,0.168505478326748
"42",0,0.0145433296388502,0.0610991453968595,0.479454240112782,0.013602055641939,0.125179325463391,0.0260747651535218,0.0758060929712106,0.0346364445987048,0.169604601022741
"43",0,0.0147706873061138,0.0587430613480164,0.483347600836681,0.0133961540097151,0.124615198251841,0.0255694890472678,0.0750931278762867,0.0337927420698731,0.170671939254205
"44",0,0.0149942544739149,0.0564994936459774,0.487092262834772,0.0131977400824658,0.124048480522641,0.0250831660579266,0.0743917284820891,0.0329838244479139,0.171709049452299
"45",0,0.0152141816404758,0.0543628013739552,0.490695309575162,0.0130064182023754,0.123479418239724,0.0246149292838525,0.073701469829612,0.0322080790217404,0.172717392833102
"46",0,0.0154306119664908,0.0523276258095376,0.494163469361639,0.0128218185640631,0.122908251257763,0.0241639541650348,0.0730219596078135,0.0314639673237174,0.17369834194394
"47",0,0.0156436816516751,0.0503888787882396,0.497503133265657,0.0126435950770626,0.122335212572362,0.0237294560867443,0.0723528344950152,0.0307500213963201,0.174653186666924
"48",0,0.0158535202926878,0.0485417286364605,0.500720372125983,0.012471423536676,0.121760527895962,0.0233106886526037,0.0716937571027519,0.0300648418296669,0.175583139927208
"49",0,0.0160758726158823,0.0467785120058508,0.503820748871537,0.01230425328664,0.121179830931751,0.0229059329915653,0.0710417743071051,0.0294056612186235,0.176487413771045
"50",0,0.0162949990639601,0.0450983708032383,0.506809769558711,0.0121425670107,0.120597914815294,0.0225155477572006,0.0703992221464168,0.0287727206543806,0.177368888190098
"51",0,0.0165110203525568,0.0434969398804639,0.509692650931493,0.0119861250996969,0.120015017163865,0.0221389199449752,0.0697658775769776,0.0281648483602495,0.178228600689721
"52",0,0.0167240513036477,0.041970334614621,0.512474352269621,0.0118346802295395,0.119431333944723,0.021775416153343,0.0691414827441437,0.0275808330868236,0.179067515653538
"53",0,0.0169342012881276,0.0405148245057773,0.515159585603511,0.0116879873584038,0.118847053468436,0.0214244497520546,0.0685257943988268,0.0270195658120456,0.179886537812817
"54",0,0.0171415744731478,0.039126841122081,0.517752826455779,0.0115458179400572,0.118262357662894,0.021085468462732,0.0679185851268554,0.0264800070113857,0.180686521745068
"55",0,0.0173462700729343,0.037803013628135,0.520258326937493,0.0114079589243355,0.117677419567142,0.0207579430152945,0.0673196395267253,0.0259611556804653,0.181468272647475
"56",0,0.0175483826123695,0.0365401480357794,0.522680127469221,0.0112742094088495,0.117092403872999,0.0204413688691688,0.066728752921931,0.0254620570624838,0.182232549747197
"57",0,0.0177480021688763,0.0353352110070455,0.525022067428572,0.0111443801385547,0.11650746765688,0.0201352663388236,0.0661457310023401,0.0249818044574671,0.182980069801441
"58",0,0.0179452145974778,0.0341853245391462,0.527287795445469,0.0110182929967079,0.115922760588533,0.0198391786241587,0.0655703889150449,0.0245195345536671,0.183711509739796
"59",0,0.0181401017458874,0.0330877587926114,0.529480779222085,0.0108957800868573,0.11533842513599,0.019552670527342,0.0650025504409124,0.0240744249471758,0.184427509101138
"60",0,0.0183327416586484,0.0320399236529415,0.531604314793513,0.0107766829717613,0.114754596856908,0.0192753275549476,0.0644420473417189,0.0236456927639105,0.18512867240565
"61",0,0.0185384129867974,0.0310370817868491,0.533661384214827,0.0106601143968447,0.114166508362306,0.0190058152560338,0.0638860278599041,0.0232313379293011,0.185813317207136
"62",0,0.0187418052234162,0.0300794961486099,0.535654986969132,0.0105466952076666,0.113579186580094,0.0187447155648443,0.063337020857179,0.0228319687449004,0.186484124704158
"63",0,0.0189429919642964,0.0291647698398867,0.537587963678389,0.010436314188742,0.112992779661719,0.0184916943013349,0.0627949274130949,0.0224469309755951,0.187141627976942
"64",0,0.0191420433493382,0.0282908276659,0.539463017425221,0.0103288471118344,0.112407399711095,0.0182463941090521,0.0622596058270506,0.0220755423191304,0.187786322481377
"65",0,0.0193390263526221,0.0274556722130599,0.541282718908079,0.0102241665044031,0.111823153289899,0.0180084866285148,0.0617309192091139,0.0217171839322375,0.188418672962071
"66",0,0.0195340049191497,0.026657388495482,0.543049511904364,0.0101221529712539,0.11124014256137,0.0177776632914289,0.0612087372411634,0.0213712780733958,0.189039120542392
"67",0,0.019727040105519,0.0258941695215937,0.544765720428058,0.0100226950287628,0.110658463519436,0.0175536275486114,0.0606929340229006,0.0210372672956148,0.189648082529503
"68",0,0.0199181902324961,0.0251643035642389,0.546433555043637,0.00992568694984442,0.110078206544348,0.0173360962309633,0.0601833875594406,0.0207146198270523,0.190245954047979
"69",0,0.0201075110238533,0.024466164305061,0.548055118526777,0.00983102859698653,0.109499457028376,0.0171247998201539,0.0596799799790669,0.0204028309411079,0.190833109778618
"70",0,0.0202950557348789,0.0237982082304012,0.549632411352469,0.00973862525127382,0.108922295612575,0.0169194813015474,0.0591825972780815,0.0201014200632477,0.191409905175525
"71",0,0.0204808752754381,0.0231589708341733,0.551167336931467,0.00964838715777996,0.108346798394627,0.0167198954572902,0.058691129078345,0.0198099292943196,0.19197667757656
"72",0,0.0206650183268446,0.0225470619555702,0.552661706537727,0.00956022916170295,0.107773037176363,0.0165258084078397,0.0582054684568853,0.0195279226702206,0.192533747306846
"73",0,0.020861443736229,0.0219595295809313,0.554117135792242,0.00947339288946124,0.107196345708234,0.0163361711227397,0.0577230079415576,0.0192539334146538,0.193079039813951
"74",0,0.0210561539682546,0.0213969819789304,0.555535280630715,0.00938850415478572,0.106621535483064,0.0161516093358686,0.0572461438924655,0.018988666692688,0.193615123863228
"75",0,0.0212491952605286,0.0208580874335512,0.55691770872564,0.00930550741441907,0.106048693964217,0.0159719388924434,0.0567748222370196,0.0187317547311279,0.194142291341052
"76",0,0.0214406117938488,0.0203417307119036,0.558265913834337,0.00922433424624442,0.105477879308349,0.015796954640191,0.0563089485191709,0.0184828133010087,0.194660813644946
"77",0,0.0216304458857183,0.0198468360493124,0.559581318414808,0.00914491205452568,0.104909146320653,0.015626469665479,0.0558484303514339,0.0182414965490502,0.19517094470902
"78",0,0.0218187380667976,0.0193723691172853,0.560865276372042,0.009067172642081,0.104342547292583,0.0154603085783311,0.0553931789268769,0.018007482389959,0.195672926614044
"79",0,0.0220055271602695,0.0189173542938955,0.562119076948958,0.00899105238758737,0.103778130677729,0.0152983023487169,0.054943107655824,0.0177804592537958,0.196166989273224
"80",0,0.0221908503707179,0.0184808671695436,0.56334394812064,0.00891649081211739,0.103215941514576,0.0151402892630475,0.0544981318313682,0.0175601296249514,0.196653351293038
"81",0,0.0223747433644413,0.0180620287331841,0.564541059603255,0.00884343048747668,0.102656021860776,0.0149861151726599,0.0540581688949816,0.0173462109794229,0.197132220903802
"82",0,0.022557240343462,0.0176600041078128,0.565711525779165,0.00877181695432686,0.102098410962715,0.0148356328383528,0.0536231383463446,0.0171384340919058,0.197603796575915
"83",0,0.0227383741165129,0.0172740005768227,0.566856408491218,0.00870159846328323,0.101543145396506,0.0146887015409298,0.0531929616528382,0.0169365421937768,0.198068267568112
"84",0,0.0229181761665136,0.0169032650571473,0.567976719669577,0.0086327257707,0.100990259228765,0.0145451868439781,0.052767562194084,0.0167402905911453,0.198525814478091
"85",0,0.0231111712743945,0.0165456977668989,0.569073332075483,0.00856444880660421,0.100434703387506,0.014404129839692,0.0523442641321533,0.0165484242255187,0.19897382849175
"86",0,0.0233027808446024,0.0162022004356236,0.570147178234829,0.00849745386726279,0.0998816067320138,0.0142662483721799,0.0519255880309703,0.0163617872726111,0.199415156209907
"87",0,0.0234930353553127,0.0158719974852009,0.571199139269897,0.00843171429614116,0.0993310236820943,0.0141314425658052,0.051511506875333,0.0161801696555178,0.199849970814698
"88",0,0.0236819640108507,0.0155544842320725,0.572230056225874,0.00836718974632282,0.09878298114948,0.0139995906366861,0.0511019514747459,0.0160033496248081,0.20027843289916
"89",0,0.023869594890231,0.0152490746067996,0.573240731304556,0.00830383499595365,0.0982375040444113,0.0138705838269816,0.0506968536017362,0.0158311312715131,0.200700691457818
"90",0,0.0240559549892474,0.0149552017693727,0.574231929138831,0.00824160759003809,0.097694615979802,0.0137443206081418,0.0502961474137334,0.0156633333368215,0.201116889174012
"91",0,0.0242410702651835,0.0146723319604534,0.575204378985195,0.00818046821467355,0.097154338070166,0.0136207026457813,0.0498997683973037,0.0154997793981832,0.20152716206306
"92",0,0.0244249656906236,0.0143999595571577,0.576158776588572,0.00812037954642707,0.0966166892883545,0.0134996356097715,0.0495076530603596,0.015340300663072,0.201931639995662
"93",0,0.024607665301275,0.0141376032441956,0.577095785793369,0.008061306175612,0.0960816868020877,0.0133810294413897,0.0491197392090412,0.0151847367642703,0.20233044726876
"94",0,0.0247891922395612,0.0138848054958054,0.578016040120192,0.00800321455051751,0.0955493460997847,0.0132647979470159,0.0487359659132232,0.0150329346788318,0.202723702955068
"95",0,0.0249695687965542,0.0136411315710797,0.578920144275979,0.00794607279577001,0.095019681087708,0.0131508585762643,0.0483562734689925,0.014884748229896,0.203111521197757
"96",0,0.0251488164518678,0.0134061680927996,0.579808675569935,0.00788985057057105,0.0944927041983962,0.0130391323070281,0.0479806033811975,0.0147400379187216,0.203494011509483
"97",0,0.025341691181395,0.0131783273241309,0.580682106079565,0.00783381017610835,0.0939631938679174,0.0129287252706725,0.0476062941414504,0.0145976873197235,0.203868164639037
"98",0,0.0255333772685727,0.0129586032396962,0.581540973760824,0.00777866211038193,0.0934364143150299,0.0128203914797424,0.047235885492504,0.0144585937399851,0.204237098593263
"99",0,0.0257238959025927,0.0127465212514831,0.582385785115018,0.00772439469996145,0.0929124005693,0.0127140777341266,0.0468693664401774,0.0143226330769298,0.204600925210411
"100",0,0.0259132674506578,0.0125417488554733,0.583217024605817,0.00767098261415906,0.0923911616430903,0.0126097092642941,0.0465066835530297,0.0141896740627911,0.204959747950688
"101",0,0.0261015115805698,0.0123439621359212,0.584035155228471,0.00761839557352687,0.091872705307173,0.0125072211794639,0.0461477838238783,0.0140596035852871,0.205313661585708
"102",0,0.0262886472840365,0.0121528452554493,0.584840619045226,0.007566605214313,0.0913570387105143,0.0124065533570158,0.0457926159782453,0.0139323178937666,0.205662757261434
"103",0,0.0264746929019611,0.0119681015947986,0.585633838459052,0.00751558556574459,0.0908441672867122,0.0123076471957285,0.0454411296300704,0.0138077151765417,0.206007122189391
"104",0,0.0266596661581679,0.0117894503755679,0.586415217263549,0.00746531208533321,0.0903340950673893,0.0122104462913991,0.0450932749784851,0.0136856977754285,0.20634684000468
"105",0,0.0268435841887175,0.0116166240259311,0.587185141518243,0.00741576157490089,0.0898268249546505,0.0121148966876237,0.0447490030734659,0.0135661728266447,0.206681991149822
"106",0,0.0270264635682222,0.0114493679892184,0.587943980411208,0.00736691212595491,0.0893223588219241,0.0120209466186395,0.0444082658059351,0.0134490515603373,0.20701265309856
"107",0,0.0272083203352125,0.011287440208877,0.58869208708754,0.00731874297687312,0.0888206975863837,0.0119285463810713,0.044071015894569,0.0133342489988248,0.207338900530649
"108",0,0.0273891700162779,0.0111306103043829,0.589429799423221,0.00727123440096416,0.0883218412866269,0.0118376482816873,0.0437372068835669,0.0132216838946887,0.207660805508584
"109",0,0.0275840581201251,0.0109775848491806,0.590157369568772,0.00722365267151058,0.0878204412637332,0.0117473949727749,0.0434041967627473,0.0131103187156575,0.207974983075499
"110",0,0.0277778758415286,0.0108293874928413,0.59087511751995,0.00717672532468038,0.0873218680178448,0.01165856108972,0.043074527757566,0.0130010779807877,0.208284858975081
"111",0,0.0279706388196689,0.0106857069721214,0.591583342642674,0.00713044908855579,0.0868261455163554,0.0115711198689425,0.0427481998678702,0.0128938848533194,0.208590512370492
"112",0,0.0281623621339256,0.0105463574926543,0.592282331988817,0.00708480712467657,0.0863332725426581,0.0114850233425351,0.0424251703997126,0.0127886586621187,0.208892016312902
"113",0,0.0283530604134992,0.0104111569577173,0.592972360541286,0.00703977767742737,0.0858432470600029,0.0114002315948578,0.0421053967744179,0.0126853323799262,0.209189436600866
"114",0,0.0285427478502028,0.0102799256336008,0.59365369137063,0.00699534044101388,0.0853560667915542,0.0113167080820419,0.0417888377541997,0.0125838453350212,0.209482836741736
"115",0,0.0287314382126227,0.0101524954907495,0.594326576410772,0.00695147710001814,0.0848717281952113,0.0112344168734558,0.0414754527359341,0.0124841372841784,0.209772277697058
"116",0,0.0289191448682915,0.0100287077469852,0.594991257071902,0.00690817047551595,0.0843902267524532,0.0111533232341963,0.0411652014440707,0.0123861502477518,0.210057818158834
"117",0,0.0291058808023673,0.00990841092673201,0.59564796472474,0.0068654044308245,0.0839115572028712,0.0110733938571969,0.0408580441868798,0.0122898290333897,0.210339514834999
"118",0,0.0292916586340128,0.00979146081311361,0.596296921181632,0.00682316381240715,0.0834357136316204,0.0109945966932279,0.0405539418594683,0.0121951207618171,0.210617422612701
"119",0,0.0294764906322043,0.00967772018271945,0.596938339160056,0.00678143432721283,0.0829626895284383,0.0109169008751175,0.0402528559437263,0.0121019746755578,0.210891594674968
"120",0,0.0296603887307682,0.00956705830383376,0.597572422712881,0.00674020244566738,0.0824924778479072,0.0108402766985382,0.0399547485136255,0.0120103421302539,0.211162082616524
"121",0,0.0298586634880688,0.00945835740762292,0.598199301809721,0.00669873675744951,0.0820196572123048,0.010763890347272,0.0396570109669373,0.011919234378036,0.211425147632588
"122",0,0.030055938982308,0.00935264047375924,0.598819174221027,0.00665777500701307,0.0815496592029024,0.0106885256646657,0.0393621674414136,0.0118295863896124,0.211684532617299
"123",0,0.0302522274918642,0.00924968625003626,0.599432223053142,0.00661731874744215,0.0810825014247503,0.0106141710552142,0.0390702257737592,0.0117413475972665,0.211940298606525
"124",0,0.0304475408883983,0.00914938883022786,0.600038624393179,0.0065773561053178,0.0806181768434863,0.010540794107945,0.0387811510087022,0.0116544660246806,0.212192501798063
"125",0,0.0306418907409965,0.00905164369637943,0.600638547401029,0.00653787036683708,0.0801566778349949,0.0104683693602992,0.0384949081145407,0.0115689006144557,0.212441191870468
"126",0,0.0308352883230663,0.00895634578209474,0.601232154273015,0.00649884600042323,0.0796979967511417,0.0103968739124336,0.0382114631439715,0.0114846149270174,0.212686416886837
"127",0,0.0310277446200299,0.00886339758962273,0.601819600743523,0.00646026923662564,0.0792421249418087,0.0103262849823266,0.037930782625213,0.0114015721736846,0.212928223087166
"128",0,0.0312192703448091,0.00877270728943996,0.602401036460681,0.00642212728400498,0.0787890530289518,0.0102565804224081,0.0376528332494117,0.0113197367971387,0.213166655123154
"129",0,0.0314098759503352,0.00868418719468743,0.602976605260926,0.0063844082256909,0.0783387711179575,0.010187738934357,0.0373775821197141,0.0112390749067017,0.21340175628963
"130",0,0.031599571640159,0.00859775377034099,0.603546445444176,0.0063471009549957,0.0778912688778804,0.0101197399512375,0.0371049967617332,0.0111595539414377,0.21363356865804
"131",0,0.0317883673786883,0.0085133274951037,0.604110690039853,0.00631019506387504,0.0774465355931858,0.0100525635917025,0.0368350451312578,0.01108114254195,0.213862133164384
"132",0,0.0319762729009032,0.00843083253647023,0.604669467051367,0.00627368075389374,0.077004560214022,0.00998619065817631,0.0365676956237204,0.0110038105675209,0.214087489693926
"133",0,0.0321791394465188,0.00834924120327335,0.605222836369024,0.00623681469051891,0.0765597844102227,0.00991978852883128,0.0363003336959501,0.0109265835052876,0.214305478150374
"134",0,0.0323810474371803,0.00826958446733925,0.605770926213667,0.00620035489677408,0.0761177708296308,0.00985415903024063,0.0360355003631609,0.0108504162828802,0.214520240479127
"135",0,0.0325820071145395,0.00819168945835846,0.606313853348679,0.00616430598416943,0.0756785339356171,0.00978929968662451,0.0357732100927071,0.0107752729744694,0.214731827404835
"136",0,0.0327820284002144,0.00811549426612032,0.606851730434171,0.00612865903549296,0.0752420634788329,0.00972518716899384,0.0355134337524649,0.0107011179660013,0.214940285497708
"137",0,0.0329811210010357,0.00804093729370144,0.607384666047744,0.00609340028488513,0.0748083487371184,0.00966180451410317,0.0352561419957292,0.0106279250327045,0.215145655092979
"138",0,0.0331792944125758,0.00796795483402184,0.607912764544633,0.00605851700348179,0.0743773790926914,0.00959913687366039,0.0350013063912949,0.0105556715986855,0.215347975248955
"139",0,0.0333765579229712,0.00789648848958581,0.608436126409619,0.00602399811655991,0.0739491430693357,0.0095371692320763,0.0347488988765962,0.0104843343111545,0.215547283572101
"140",0,0.0335729206246479,0.00782648358841302,0.608954848503942,0.00598983345075506,0.0735236286018512,0.00947588688585752,0.0344988914335265,0.010413890476966,0.215743616434041
"141",0,0.0337683914233052,0.00775788789116713,0.609469024226534,0.00595601362149024,0.0731008232364495,0.00941527564829298,0.0342512563370755,0.0103443184402447,0.215937009175441
"142",0,0.0339629790451887,0.00769065162109035,0.609978743677234,0.00592252996285174,0.0726807142083195,0.00935532176210152,0.034005966170756,0.0102755973261137,0.216127496226344
"143",0,0.0341566920440852,0.00762472739088223,0.610484093815155,0.00588937442066257,0.0722632884901097,0.00929601187090316,0.0337629938395277,0.0102077069480283,0.216315111180647
"144",0,0.0343495388079368,0.00756006997392281,0.610985158601888,0.00585653946650769,0.0718485328370468,0.00923733302705336,0.033522312582117,0.0101406278381065,0.216499886865421
"145",0,0.0345583849398333,0.00749567681910669,0.611481955552147,0.00582324781701489,0.0714306148074669,0.00917842602547785,0.0332812330385277,0.010073362787187,0.216677098213239
"146",0,0.0347662913407363,0.00743261283041914,0.611974572760134,0.00579029798081691,0.0710153691792913,0.00912013083237389,0.0330423788154084,0.0100069103869258,0.216851435873894
"147",0,0.0349732670464264,0.00737072882276451,0.612463088432395,0.00575769679563656,0.0706028096473917,0.00906245091138576,0.0328057709347585,0.0099412427115729,0.217022944697669
"148",0,0.0351793208167155,0.00730998735373743,0.612947578293872,0.00572543708051895,0.0701929243138793,0.00900536819766312,0.0325713847965072,0.00987633345678073,0.217191665690326
"149",0,0.0353844612483828,0.00725035083455042,0.613428115578207,0.00569350665797409,0.0697857008513464,0.00894887080426973,0.0323391954677157,0.00981216498905279,0.217357633568501
"150",0,0.0355886967767612,0.00719177863214994,0.613904770825974,0.00566189432634141,0.0693811271184823,0.00889294874263838,0.0321091788216187,0.00974872282973736,0.217520881926297
"151",0,0.0357920356771255,0.00713423422741041,0.614377612157336,0.00563059052533555,0.0689791901765058,0.00883759167654076,0.031881311024495,0.00968599145475255,0.217681443080499
"152",0,0.0359944860745111,0.00707768378968897,0.614846705450239,0.00559958657921903,0.068579876564529,0.00878278938941903,0.0316555681902475,0.00962395567648077,0.217839348285666
"153",0,0.0361960559507899,0.00702209499525208,0.615312114440282,0.0055688745730815,0.0681831724994466,0.0087285319873104,0.0314319266372315,0.00956260098891325,0.217994627927693
"154",0,0.0363967531500663,0.00696743706210918,0.615773900822901,0.00553844727552739,0.0677890639547231,0.00867480982884775,0.0312103629077234,0.00950191335681732,0.218147311641285
"155",0,0.0365965853838327,0.00691368070965667,0.616232124352878,0.00550829803088185,0.0673975367086669,0.00862161350683266,0.0309908537850462,0.00944187914250505,0.2182974283797
"156",0,0.0367955602358082,0.00686079798045376,0.616686842932038,0.00547842067206656,0.0670085763878376,0.00856893386196082,0.0307733763083862,0.00938248514377547,0.218445006477673
"157",0,0.0370109432600741,0.00680782522862242,0.61713805059388,0.00544803232795749,0.0666163119612199,0.0085159143702556,0.030555269554007,0.00932274248447556,0.218584910219507
"158",0,0.0372253937164736,0.00675581849325842,0.617585811363848,0.00541794062317687,0.0662266155174774,0.00846339917642426,0.0303391349949046,0.00926365291805539,0.218722233196381
"159",0,0.0374389199070828,0.00670464441845458,0.618030180428849,0.00538815338258671,0.0658394999037304,0.00841139502413445,0.0301249974713951,0.00920519335418151,0.218857016109585
"160",0,0.0376515298829676,0.00665427927567623,0.618471211403117,0.00535866447106949,0.0654549523896266,0.00835988724656048,0.0299128359456139,0.0091473432958022,0.218989296089567
"161",0,0.0378632315632753,0.00660469913893621,0.618908956315122,0.00532946281371945,0.0650729598312377,0.00830886708179589,0.029702628977444,0.00909009023513623,0.219119104043333
"162",0,0.0380740327359075,0.0065558766713706,0.619343465381509,0.00530053826388438,0.0646935093099153,0.0082583274997645,0.0294943558349714,0.0090334244594415,0.219246469843236
"163",0,0.0382839410574822,0.00650778790074049,0.619774787230095,0.00527188228631742,0.0643165871602512,0.00820826103646281,0.0292879960261519,0.00897733510907044,0.219371422193429
"164",0,0.0384929640620648,0.00646041093316859,0.620202969037618,0.0052434872143862,0.0639421792433399,0.00815866023899612,0.0290835289448228,0.00892181148409643,0.219493988841507
"165",0,0.0387011091671472,0.00641372487185662,0.620628056595824,0.0052153461195204,0.0635702711422213,0.00810951786071003,0.0288809341269131,0.00886684335368851,0.219614196762119
"166",0,0.0389083836779576,0.00636770984483074,0.621050094379388,0.00518745272905115,0.0632008482404491,0.00806082680405184,0.0286801912721739,0.00881242078030047,0.219732072271797
"167",0,0.0391147947915355,0.00632234697946797,0.621469125612147,0.00515980131919567,0.0628338957698015,0.00801258010861025,0.0284812802637718,0.00875853405967784,0.219847641095792
"168",0,0.0393203496005188,0.00627761825615465,0.621885192323641,0.00513238662819744,0.0624693988520898,0.00796477096745127,0.0282841811843847,0.00870517376067806,0.219960928426884
"169",0,0.0395429091229134,0.00623257505032116,0.62229827367066,0.00510441179589689,0.0621013995170937,0.00791653506688188,0.0280862347872811,0.00865134550604756,0.220066315482904
"170",0,0.0397645344053553,0.00618827719232709,0.622708419053218,0.00507670146039078,0.0617358568591304,0.00786872865366074,0.0278900456393747,0.00859806391522737,0.220169372821315
"171",0,0.039985233329394,0.00614459931418886,0.623115669562214,0.00504926417873287,0.061372783736994,0.00782136070105563,0.0276956421783519,0.00854530864350666,0.220270138355562
"172",0,0.0402050135344489,0.00610152549257089,0.623520065233184,0.00502209445128503,0.0610121671428311,0.00777441862738477,0.0275030062545018,0.00849306268456816,0.220368646579225
"173",0,0.0404238825461746,0.00605903969390819,0.623921645038994,0.00499518183357231,0.0606539936463206,0.00772789562582505,0.0273121192555684,0.00844131663698625,0.220464925722651
"174",0,0.0406418477766981,0.00601712225485033,0.624320446649266,0.00496851678822536,0.0602982500676176,0.00768178653644135,0.027122963204776,0.00839006370094135,0.220559003021183
"175",0,0.0408589165236177,0.00597575646053875,0.624716506625801,0.00494209139068915,0.0599449225023836,0.00763608570982787,0.0269355203260871,0.00833929586525124,0.220650904595804
"176",0,0.0410750959783255,0.00593492733894637,0.625109860538082,0.00491589858699109,0.0595939965966065,0.00759078744061227,0.0267497726779369,0.00828900517643297,0.220740655666066
"177",0,0.0412903932314721,0.00589462063501871,0.625500543010804,0.00488993205625061,0.0592454577414379,0.00754588615890774,0.026565702412208,0.00823918402460125,0.2208282807293
"178",0,0.0415048152767039,0.00585482283009137,0.62588858777267,0.00486418612372559,0.0588992911527591,0.00750137638117877,0.02638329179783,0.00818982498945914,0.220913803675582
"179",0,0.0417183690141506,0.00581552112301234,0.626274027703953,0.00483865565286482,0.0585554819192491,0.00745725270232381,0.026202523242401,0.00814092078813526,0.22099724785391
"180",0,0.0419310612536318,0.00577670330144224,0.626656894875519,0.00481333595745479,0.0582140150437185,0.00741350981360832,0.0260233793094115,0.00809246431583537,0.221078636129378
"181",0,0.0421621836004354,0.00573738625102895,0.62703715619958,0.00478738038878418,0.0578685904753671,0.00736923644885368,0.0258430866307724,0.00804340968995701,0.221151570315221
"182",0,0.0423923593407951,0.00569868242172557,0.627414852319081,0.00476166750142502,0.0575255115289356,0.00732533880191836,0.0256643669333416,0.00799482948919692,0.221222391663581
"183",0,0.042621596190537,0.00566046575809082,0.627790015522288,0.00473620686627022,0.0571847926703488,0.0072818280356222,0.0254872538443028,0.00794670444732496,0.221291136665215
"184",0,0.0428499016146235,0.00562272476250001,0.628162677335432,0.00471099326911845,0.0568464210328235,0.00723869262617399,0.0253117316279028,0.00789901937478699,0.221357838356638
"185",0,0.0430772829730742,0.00558544797525533,0.628532868525221,0.00468601631803801,0.0565103832834798,0.00719592698909882,0.0251377840049445,0.00785176674882473,0.221422523182064
"186",0,0.0433037475210186,0.00554862000683026,0.628900618838376,0.00466126655349245,0.0561766663646972,0.00715352720686866,0.0249653952893195,0.00780494164155107,0.221485216577846
"187",0,0.0435293024068526,0.00551222827825641,0.629265957187915,0.0046367362075979,0.0558452564702836,0.00711148881048316,0.0247945499654408,0.00775853781484777,0.221545942858323
"188",0,0.0437539546808825,0.00547626181841044,0.629628911759711,0.00461241842622546,0.0555161393343903,0.0070698072242536,0.0246252322930631,0.00771254902242707,0.221604725440636
"189",0,0.0439777113008037,0.0054407102298837,0.629989510050523,0.00458830711924755,0.055189300435372,0.0070284779635011,0.024457426581087,0.0076669692904477,0.221661587029134
"190",0,0.0442005791352721,0.00540556370095068,0.630347778906808,0.00456439686556137,0.0548647250800577,0.00698749658901884,0.0242911172138197,0.0076217927723885,0.221716549736123
"191",0,0.0444225649671899,0.00537081298880837,0.630703744562431,0.00454068279920493,0.0545423984544871,0.00694685870171025,0.0241262886753098,0.00757701369999492,0.221769635150864
"192",0,0.0446436754966884,0.00533644929646505,0.631057432668211,0.00451716051653019,0.0542223056669344,0.00690655996240108,0.0239629255683715,0.00753262642602938,0.221820864398369
"193",0,0.0448833848660889,0.00530151425404223,0.631408805356325,0.00449298915999027,0.0538982300438776,0.00686570175366265,0.0237983240157517,0.00748760120884447,0.221863449341417
"194",0,0.0451221329279847,0.00526709952554068,0.631757897112032,0.00446904247154892,0.0535763918263611,0.00682517931473764,0.0236351396467596,0.00744299668554309,0.221904120489492
"195",0,0.0453599273275732,0.00523308380050407,0.632104734380404,0.0044453299185125,0.0532568053171883,0.00678500447507417,0.0234734074900046,0.00739879483523532,0.221942912455503
"196",0,0.0455967754543752,0.00519945815581644,0.632449343015107,0.00442184646479808,0.052939457817899,0.00674516674079309,0.0233131137449287,0.00735498207362207,0.22197985653266
"197",0,0.0458326845977561,0.00516621392237812,0.632791748295239,0.00439858202859996,0.0526243361399466,0.00670566136127817,0.0231542440409694,0.0073115521238114,0.222014977490021
"198",0,0.0460676619471881,0.00513333854048679,0.633131974667467,0.00437552745100632,0.0523114273695358,0.0066664851928319,0.0229967845395045,0.00726850118682251,0.222048299105157
"199",0,0.0463017145900034,0.00510082206163804,0.633470045919095,0.0043526752551231,0.0520007178622329,0.00662763453375918,0.0228407215500536,0.00722582416635825,0.222079844061737
"200",0,0.046534849520202,0.00506865601045056,0.633805985275696,0.00433001887947775,0.0516921935278348,0.00658910555338295,0.0226860411323651,0.00718351592715461,0.222109634173436
"201",0,0.0467670736439439,0.00503683239675671,0.634139815433274,0.0043075525244605,0.0513858400311232,0.00655089448386759,0.0225327293672686,0.00714157155562147,0.222137690563684
"202",0,0.0469983937830443,0.00500534371842527,0.634471558590606,0.00428527105435503,0.0510816428759755,0.0065129975796356,0.0223807723836443,0.00709998622868589,0.222164033785628
"203",0,0.0472288166781488,0.00497418294445473,0.634801236480471,0.0042631698834421,0.0507795874560451,0.00647541111399458,0.0222301563835947,0.00705875516914237,0.222188683890707
"204",0,0.0474583489915894,0.00494334340033916,0.635128870393276,0.00424124488302757,0.0504796590973055,0.00643813139902806,0.0220808676618416,0.00701787368706246,0.22221166048653
"205",0,0.0477078629184123,0.00491183025919026,0.635454415684495,0.00421861004869329,0.0501753549954708,0.00640021783080405,0.0219301086682291,0.00697626512131684,0.222225334473389
"206",0,0.0479563928867792,0.0048807825627697,0.635777903202777,0.00419618771070445,0.049873184082229,0.0063626090830479,0.0217806304293788,0.00693503875535981,0.222237271286954
"207",0,0.0482039466225387,0.00485007559415239,0.636099355530812,0.00417398796868349,0.0495731623913709,0.00632531835816044,0.0216324720797505,0.00689417667206544,0.222247504782466
"208",0,0.0484505315745037,0.00481970185456286,0.636418794754285,0.0041520057981858,0.0492752776406108,0.00628833552379781,0.0214856215036738,0.00685366591717607,0.222256065433204
"209",0,0.0486961550911875,0.00478965432679736,0.636736242493798,0.004130230933173,0.0489795169986356,0.00625165635633249,0.0213400659510109,0.00681350097209396,0.222262976876971
"210",0,0.0489408244213267,0.004759921909977,0.637051719634211,0.0041086540645839,0.0486858679213656,0.00621527828768266,0.0211957931726073,0.00677367885633914,0.222268261731907
"211",0,0.0491845467110468,0.00473049611567773,0.637365246497787,0.00408726764724044,0.0483943171020479,0.00617919815375393,0.0210527910506295,0.00673419522551864,0.222271941496298
"212",0,0.0494273290134959,0.00470136991511039,0.637676842940941,0.00406606509812215,0.0481048507688402,0.00614341263559826,0.0209110471734763,0.00669504566990438,0.222274036784511
"213",0,0.0496691782947627,0.00467253672957622,0.637986528384063,0.00404504063159212,0.0478174548945955,0.00610791845790787,0.0207705491202336,0.00665622597444709,0.222274567512822
"214",0,0.0499101014375557,0.00464399042610092,0.638294321841065,0.00402418915411401,0.0475321152855266,0.00607271234987537,0.0206312844897379,0.00661773199080954,0.222273553025215
"215",0,0.0501501052445088,0.00461572529915819,0.638600241947706,0.00400350614441084,0.0472488176345891,0.00603779104312895,0.0204932409278725,0.0065795595934859,0.222271012165139
"216",0,0.0503891964411222,0.00458773595574854,0.638904306982314,0.00398298755559306,0.0469675475659459,0.00600315129278659,0.0203564061484003,0.00654170472248597,0.222266963335604
"217",0,0.0506488917909194,0.00455902667291476,0.639206469228888,0.00396173565565451,0.0466817710393556,0.0059678462189215,0.0202179961873265,0.00650308431102548,0.222253178894995
"218",0,0.0509075773735741,0.00453074096054512,0.639506756760745,0.00394068602133763,0.0463980296048626,0.00593282165284785,0.020080750493288,0.00646481559489948,0.2222378215379
"219",0,0.0511652610544535,0.00450275444206933,0.639805189407799,0.0039198487215665,0.0461163399101881,0.0058980913505232,0.0199447100202107,0.00642688103566957,0.222220924057521
"220",0,0.0514219504031177,0.00447506043427333,0.640101786557012,0.00389921868535423,0.0458366900478268,0.005863645606982,0.0198098640336471,0.00638926832982338,0.222202515901964
"221",0,0.0516776528867284,0.00444765296980096,0.640396567199845,0.00387878562302992,0.045559067516102,0.00582948057455784,0.0196762011313919,0.00635197248509596,0.222182619613448
"222",0,0.0519323758710672,0.00442052198183521,0.640689549660552,0.00385854021736211,0.0452834600986914,0.00579559405811916,0.0195437103702765,0.00631499103571582,0.222161256706381
"223",0,0.0521861266173433,0.00439365996127663,0.6409807517657,0.00383847494518991,0.0450098548105149,0.0057619832574254,0.0194123809252462,0.006278320144287,0.222138447573016
"224",0,0.0524389122925496,0.00436706082580377,0.641270190938734,0.00381858326820961,0.0447382381972812,0.00572864520480239,0.0192822016532957,0.00624195589568223,0.222114211723641
"225",0,0.0526907399757905,0.00434071892108626,0.641557884228342,0.00379885946188121,0.0444685965471198,0.00569557696343518,0.0191531613809659,0.00620589454874616,0.222088567972633
