"","Alive","Death","ODN","ODF","REL","BUP","BUPC","MET","METC","ABS"
"0",0,0,0,0,0,0,0,1,0,0
"1",0,0.000324118878721191,0.00643102451751419,0.000291627172706462,0.09944933122207,0.0112830227897886,0,0.74472672582167,0.135396274718596,0.00209787487893345
"2",0,0.000670853621411616,0.0191380553549011,0.0011594790925755,0.138306229960221,0.0123879215804726,0.00628404554753751,0.67254330786063,0.146745709838427,0.00276439714382344
"3",0,0.00102838221516932,0.0176212069379396,0.00195854660429029,0.172584183532351,0.015415112714363,0.0091222630062666,0.618615312263282,0.160483827492903,0.00317116523343557
"4",0,0.00139264699983732,0.0181237695498902,0.00278040378400152,0.196853378929314,0.017943241725367,0.0117177414463582,0.577568241090567,0.170172998623848,0.00344757785081607
"5",0,0.00176191073185972,0.0184520404752058,0.00361714704004021,0.21634706650434,0.020329791682604,0.0138519208721198,0.544328364631935,0.177665474274842,0.00364628378705335
"6",0,0.00213509595887396,0.0188672757825884,0.00447271993953152,0.232287379297646,0.0225493428328594,0.015685505302444,0.516525447621493,0.183683268767444,0.00379396449711927
"7",0,0.00251144455987351,0.0192826055467385,0.00534712676579922,0.245643126624627,0.0246220856971447,0.0172779186138479,0.492743445050514,0.188666135564335,0.00390611157712045
"8",0,0.00289038914509021,0.0196752158631315,0.00623933726179842,0.257009926214014,0.0265594870522185,0.0186759560257892,0.472067858439365,0.192889279419093,0.00399255057950038
"9",0,0.00327148660964582,0.0200377228037375,0.0071479863320695,0.266794842231166,0.0283719862064843,0.0199128204892052,0.453869128619942,0.196534168701899,0.00405985800585128
"10",0,0.00365438085339975,0.0203680882431427,0.00807161645843689,0.275291507773553,0.0300686718501003,0.021013858619079,0.437693239623995,0.199726024405124,0.00411261217316883
"11",0,0.00403877945866982,0.0206676193984112,0.00900882940099641,0.282718870268994,0.0316577153768859,0.0219989209159013,0.423200853092998,0.202554316899055,0.00415409518808835
"12",0,0.00442443825080918,0.0209385995221735,0.00995833045832477,0.289245508246497,0.0331465473999614,0.0228839444561978,0.410131023356769,0.20508489383741,0.00418671447185695
"13",0,0.00483188943550905,0.0211830549507112,0.0109189168171137,0.294995999517165,0.0345413425903668,0.0236814831764775,0.39827144596901,0.207363626729627,0.00421224081401983
"14",0,0.00524025522062999,0.0214040702955802,0.0118895255416974,0.300085306647625,0.0358489338578814,0.0244027730886576,0.387464651474284,0.209432421638642,0.00423206223500264
"15",0,0.00564937469624061,0.0216039373418069,0.0128691976218085,0.304600592233755,0.0370751312279095,0.0250569061672906,0.377576269305708,0.211321363175716,0.00424722822976483
"16",0,0.00605910780656738,0.0217847406764307,0.0138570685767876,0.308613961546617,0.0382253103676386,0.025651590747609,0.368495216466494,0.213054448896364,0.00425855491549197
"17",0,0.006469331829144,0.0219483356602235,0.0148523580608771,0.312185763807849,0.0393044527402931,0.026193416902367,0.360128560327382,0.214651097225071,0.00426668344679375
"18",0,0.00687993860479608,0.0220963669006304,0.0158543603062061,0.315367009698896,0.0403171787576423,0.0266880593945374,0.352397739770596,0.216127224267567,0.00427212229912843
"19",0,0.00729083232630978,0.0222302897911004,0.0168624355425185,0.318201192382537,0.0412677770437483,0.0271404351024218,0.345235732617901,0.217496026866129,0.00427527832733375
"20",0,0.00770192775039291,0.0223513932363453,0.0178760024474205,0.320725680624986,0.0421602306275563,0.027554827315466,0.338584895996864,0.218768562125303,0.00427647987566623
"21",0,0.0081131487354219,0.0224608207564062,0.0188945315536335,0.322972801117888,0.0429982406683177,0.0279349852193202,0.332395294836775,0.219954182946745,0.00427599416549243
"22",0,0.00852442703349288,0.02255958930149,0.0199175395094414,0.324970690489029,0.0437852480902574,0.0282842044800464,0.326623390672597,0.221060869919978,0.00427404050366776
"23",0,0.0089357012834832,0.0226486056739011,0.0209445840838222,0.326743973935704,0.0445244533917547,0.0286053931996603,0.321231000600862,0.222095487430804,0.00427080040000758
"24",0,0.0093469161648021,0.0227286807105641,0.0219752598147137,0.328314311478546,0.0452188348277873,0.0289011263951356,0.316184461663776,0.223063983571102,0.00426642537357353
"25",0,0.00978507740474466,0.022799769714808,0.0230091592131967,0.329688822963673,0.045870079451067,0.0291729403867116,0.311446924133513,0.223966219532531,0.00426100719975502
"26",0,0.0102230608277254,0.0228633367718618,0.0240459411821125,0.330896721403853,0.0464817766785093,0.0294235715885923,0.306999027036288,0.224811880031689,0.00425468447936921
"27",0,0.0106608227202404,0.0229199389946168,0.0250852898876572,0.331953111737014,0.0470563469126693,0.0296548547222172,0.3028170568561,0.22560502770997,0.00424755045951507
"28",0,0.0110983233404616,0.0229701070004874,0.0261269135578942,0.33287148232368,0.0475960431088311,0.0298684293793352,0.298879751189355,0.226349264179514,0.00423968592044171
"29",0,0.0115355265056805,0.0230143218763082,0.0271705422366943,0.333663934272997,0.0481029656119766,0.030065764777185,0.29516798309914,0.227047800219973,0.00423116140004507
"30",0,0.0119723992310813,0.0230530219565751,0.0282159258450489,0.334341352325465,0.048579073590001,0.0302481813995202,0.291664492793283,0.227703513844695,0.00422203901433041
"31",0,0.0124089114127479,0.0230866064977701,0.0292628324090023,0.334913553682371,0.0490261955951728,0.030416868828516,0.288353660458121,0.228318997199853,0.00421237391644567
"32",0,0.0128450355487072,0.0231154398650511,0.0303110464774377,0.335389414443272,0.0494460391889094,0.0305729010073573,0.285221312666475,0.228896595336513,0.0042022154662767
"33",0,0.013280746492596,0.0231398552230888,0.0313603677072306,0.335776978150482,0.0498401997765429,0.0307172493926636,0.282254556539997,0.229438438547947,0.0041916081694517
"34",0,0.0137160212353981,0.023160157795496,0.0324106095962083,0.336083549308143,0.050210168730627,0.0308507943660859,0.279441636985254,0.229946469549843,0.00418059243294571
"35",0,0.0141508387114161,0.0231766277294907,0.0334615983460124,0.336315774289746,0.0505573408709483,0.0309743351803441,0.276771813228396,0.230422466468964,0.00416920517468152
"36",0,0.0145851796252494,0.0231895226131595,0.0345131718391115,0.336479711611845,0.0508830213587827,0.0310885986606518,0.274235251579423,0.230868062395046,0.00415748031673107
"37",0,0.0150531378501533,0.0231980780270646,0.0355651332939049,0.336565262513633,0.051186893887039,0.031193226646771,0.271815113951477,0.231277749125331,0.00414540470462556
"38",0,0.0155205277015902,0.0232035683669256,0.0366173437187166,0.336593496335767,0.0514715564436568,0.0312897840778501,0.269510983292502,0.231659695240286,0.00413304482270657
"39",0,0.0159873333179672,0.0232061539042104,0.037669671389688,0.336569005142332,0.0517380986218067,0.031378841323955,0.267315229079656,0.232015239066127,0.00412042815425759
"40",0,0.0164535401525611,0.0232060187510358,0.0387219929318789,0.336495986776586,0.0519875369253946,0.0314609154857314,0.265220814600254,0.232345613853951,0.0041075805226078
"41",0,0.0169191348716229,0.0232033337362808,0.0397741927169128,0.336378306567564,0.0522208232981661,0.0315364768895245,0.263221244380677,0.232651961395162,0.00409452614409041
"42",0,0.017384105259285,0.0231982590776084,0.0408261623817913,0.336219521819479,0.0524388498851627,0.0316059554835157,0.261310513963744,0.232935344377569,0.00408128775184495
"43",0,0.0178484401298875,0.0231909438234675,0.0418778003224046,0.336022909284844,0.0526424534756659,0.0316697453315841,0.259483065582354,0.233196755337235,0.00406788671255803
"44",0,0.018312129247669,0.0231815266816255,0.0429290112246132,0.335791489245515,0.0528324194531638,0.0317282083789003,0.257733748629876,0.233437124008303,0.00405434313033435
"45",0,0.0187751632532738,0.0231701368186707,0.043979705631585,0.33552804746025,0.0530094853925589,0.0317816776650871,0.256057784326616,0.23365732351464,0.00404067593731944
"46",0,0.0192375335964856,0.0231568946267778,0.0450297995459026,0.335235155035564,0.0531743443526497,0.031830460126711,0.254450734048368,0.233858175694943,0.00402690297259869
"47",0,0.0196992324746152,0.0231419124284437,0.046079214063628,0.334915186410046,0.0533276479030683,0.0318748390660566,0.252908470868114,0.234040455734867,0.00401304105116067
"48",0,0.0201602527760102,0.0231252951154488,0.0471278750373429,0.334570335636556,0.0534700089145018,0.0319150763407772,0.251427153925888,0.234204896228882,0.00399910602459314
"49",0,0.0206553743903145,0.0231061063743231,0.0481756658606942,0.334186550609619,0.0536003361601537,0.0319503312171315,0.249995747138137,0.234344820135868,0.00398506811375849
"50",0,0.0211497333040034,0.0230855304475999,0.0492225236290836,0.333782222859508,0.0537207613645966,0.031981853452676,0.248618370943976,0.234468025163878,0.00397097883467912
"51",0,0.0216433239732295,0.0230636091081087,0.0502683873321821,0.333359039110558,0.0538318137667495,0.0320098708272215,0.247291916364562,0.234575187595847,0.00395685192154162
"52",0,0.0221361413727763,0.0230404196734504,0.051313199465776,0.332918547946684,0.0539339865487629,0.0320345895954062,0.246013476801183,0.234666938137344,0.0039427004586178
"53",0,0.0226281809651975,0.0230160348266854,0.0523569058216047,0.332462196043096,0.0540277429722543,0.0320561976531595,0.24478033630405,0.234743868633697,0.00392853678025655
"54",0,0.0231194386689531,0.0229905245904619,0.0533994553667193,0.331991328591266,0.0541135186603191,0.0320748681272306,0.243589954833611,0.234806538683478,0.00391437247796132
"55",0,0.0236099108272932,0.0229639549425925,0.0544408000600614,0.331507196059151,0.0541917237593182,0.0320907612789177,0.242439955209047,0.234855479439512,0.00390021842410723
"56",0,0.0240995941787631,0.0229363879719602,0.0554808946761129,0.331010960014767,0.0542627447666739,0.0321040259585768,0.24132811118801,0.234891196443989,0.00388608480114742
"57",0,0.0245884858294967,0.0229078820780163,0.0565196966375906,0.330503698968999,0.0543269461627799,0.0321148007548409,0.24025233657628,0.234914171860006,0.00387198113199065
"58",0,0.0250765832273143,0.0228784922037027,0.0575571658587049,0.329986413985448,0.0543846718841716,0.0321232149562596,0.239210675252176,0.234924866322148,0.00385791631007462
"59",0,0.0255638841375594,0.0228482700636959,0.0585932645987677,0.329460033997973,0.0544362466670063,0.0321293893773376,0.238201292013578,0.234923720515518,0.00384389862856368
"60",0,0.0260503866205861,0.0228172643570433,0.0596279573254427,0.328925420810746,0.0544819772796319,0.0321334370810814,0.237222464167009,0.234911156549993,0.00382993580846685
"61",0,0.0265748617511854,0.022784362614974,0.0606611580593581,0.328365434236562,0.0545202267162438,0.0321342259796648,0.236264562151947,0.234879182633779,0.00381598585628634
"62",0,0.0270984478494679,0.0227508335833949,0.0616928383548649,0.327799264751378,0.0545531115739147,0.0321330300895834,0.235334044177779,0.234836333266289,0.00380209635332822
"63",0,0.0276211438903814,0.0227166676977236,0.0627229693325898,0.327227539922287,0.0545809113891917,0.0321299648384381,0.234429488492782,0.234783040414397,0.00378827402220883
"64",0,0.0281429490512665,0.0226818998883663,0.0637515236971457,0.32665082738928,0.0546038841508626,0.0321251323493141,0.233549553977363,0.234719704240421,0.00377452525598024
"65",0,0.0286638627063905,0.0226465632717097,0.0647784756548719,0.326069668181618,0.0546222720745098,0.0321186240052914,0.232692979175072,0.234646698946472,0.00376085598406435
"66",0,0.0291838844175415,0.022610691194965,0.0658038009243012,0.325484569719358,0.0546363029922799,0.0321105236729961,0.231858576569678,0.234564378844702,0.00374727166417901
"67",0,0.0297030139230908,0.0225743154158029,0.0668274766640789,0.324896006879605,0.054646191695476,0.0321009090556631,0.231045227758892,0.234473081312399,0.00373377729499215
"68",0,0.0302212511268571,0.02253746605665,0.0678494813988096,0.324304422631193,0.0546521409707936,0.0320898526119593,0.230251878985971,0.2343731287815,0.00372037743626651
"69",0,0.0307385960871833,0.0225001716251428,0.0688697949458316,0.323710229252247,0.0546543424860833,0.0320774221954915,0.229477537015957,0.23426483016082,0.00370707623124368
"70",0,0.0312550490064273,0.0224624590896386,0.0698883983454153,0.32311380977523,0.0546529775630378,0.032063681543946,0.2287212653124,0.234148481934534,0.00369387742937077
"71",0,0.031770610220953,0.0224243539654206,0.0709052737948704,0.322515519536913,0.0546482178653921,0.0320486906710185,0.227982180486554,0.234024369050315,0.00368078440856424
"72",0,0.032285280191653,0.022385880397777,0.0719204045864215,0.321915687757913,0.0546402260195676,0.0320325061921229,0.227259448995013,0.233892765662867,0.00366780019666544
"73",0,0.0328382234163603,0.0223458905076196,0.0729337219595085,0.321296531774018,0.0546271656389298,0.0320139094683388,0.226544360879975,0.233745317924814,0.00365487843043666
"74",0,0.033390183231267,0.0223056460027115,0.0739452143681359,0.320676948254699,0.0546110901209858,0.0319941597689796,0.225844046333005,0.233590649804102,0.0036420621161147
"75",0,0.0339411607508346,0.0222651156384881,0.0749548688494633,0.320057134080276,0.0545921589564341,0.031973327703809,0.225157812995307,0.233429067079781,0.00362935394560741
"76",0,0.0344911571494448,0.0222243152345242,0.0759626731580195,0.319437256470908,0.0545705166429376,0.0319514734184017,0.224485002535672,0.233260848912298,0.0036167564777954
"77",0,0.0350401736668633,0.0221832598876013,0.0769686157329258,0.318817484910387,0.0545462982312348,0.031928648957236,0.223824993209888,0.233086253410208,0.00360427199365618
"78",0,0.0355882116084848,0.0221419660416963,0.0779726857589873,0.318197981668302,0.0545196303430213,0.0319049013737246,0.223177197150578,0.232905523573276,0.00359190248192927
"79",0,0.0361352723430866,0.0221004495521906,0.0789748731400017,0.317578900888419,0.0544906321682791,0.0318802739131331,0.222541058334989,0.232718890013723,0.00357964964617799
"80",0,0.0366813572996457,0.0220587255741541,0.0799751684670027,0.31696038741106,0.054459416169016,0.0318548067656669,0.221916050687625,0.232526572706282,0.00356751491954758
"81",0,0.0372264679637395,0.0220168085209446,0.0809735629846253,0.316342576348912,0.0544260886508299,0.0318285375469202,0.221301676327094,0.232328782175131,0.00355549948180368
"82",0,0.0377706058738028,0.0219747120830973,0.0819700485583281,0.315725593031065,0.054390750239619,0.0318015016382065,0.22069746393042,0.232125720368747,0.00354360427671394
"83",0,0.0383137726173857,0.021932449262221,0.0829646176431529,0.315109553174846,0.0543534962917663,0.0317737324404393,0.220102967202973,0.231917581338253,0.00353183002896323
"84",0,0.0388559698274902,0.0218900324055526,0.0839572632540503,0.31449456319627,0.054314417254003,0.0317452615723964,0.219517763444513,0.231704551785458,0.00352017726026743
"85",0,0.0394411478918284,0.0218461617642225,0.0849479194663595,0.313860475293648,0.0542713318260704,0.0317146739230921,0.218932672027521,0.23147702600277,0.00350859180448862
"86",0,0.0400252503353984,0.0218022388455765,0.0859365839094651,0.313228224147877,0.054226496437725,0.0316833722684652,0.218356027124785,0.231244688193025,0.00349711873768234
"87",0,0.0406082793844535,0.0217582154984543,0.0869232520292446,0.312597817696663,0.0541800122599441,0.0316514095088572,0.217787480609348,0.231007774260571,0.00348575875246367
"88",0,0.0411902372517282,0.0217140977510155,0.0879079195449344,0.31196924594647,0.0541319675434053,0.0316188281612751,0.217226697511464,0.23076649373937,0.0034745125503382
"89",0,0.0417711261493452,0.0216698914180408,0.0888905824394528,0.311342516145464,0.0540824437254522,0.0315856629310185,0.216673360613745,0.230521035907895,0.00346338066958614
"90",0,0.0423509482948651,0.0216256044512477,0.0898712370563043,0.31071764089723,0.054031516370057,0.0315519441737016,0.216127168860838,0.23027157643339,0.00345236346236635
"91",0,0.0429297059138565,0.0215812447136906,0.0908498800955587,0.310094636159058,0.0539792560976153,0.0315176991560774,0.215587836443909,0.230018280323878,0.0034414610963565
"92",0,0.0435074012409468,0.0215368198222873,0.0918265086026896,0.309473519023466,0.053925729190574,0.0314829528334911,0.215055091940656,0.2297613037806,0.00343067356528921
"93",0,0.0440840365200188,0.0214923370699609,0.0928011199538822,0.308854306426812,0.0538709980596405,0.0314477283218862,0.214528677530713,0.22950079541487,0.00342000070221636
"94",0,0.0446596140039176,0.0214478034174136,0.093773711840968,0.308237014336937,0.0538151216126427,0.0314120472155882,0.214008348262796,0.229236897116432,0.00340944219330551
"95",0,0.0452341359538658,0.0214032255035555,0.0947442822568329,0.307621657253524,0.0537581555578711,0.0313759298117126,0.213493871366418,0.228969744704963,0.00339899759125731
"96",0,0.0458076046387059,0.0213586096583612,0.0957128294814073,0.30700824791478,0.0537001526598241,0.0313393952759986,0.212985025603094,0.228699468439857,0.00338866632797158
"97",0,0.0464273707110191,0.0213125534255538,0.0966792881975455,0.306375040661711,0.0536386950429626,0.031300890748266,0.212472214284638,0.228415557461309,0.00337838946699483
"98",0,0.0470459651651836,0.0212665567811213,0.0976436611073967,0.305744453358575,0.0535761995189177,0.031261928492232,0.211964545915249,0.228128475588768,0.00336821407255601
"99",0,0.0476633908733408,0.0212205614683547,0.098605948271348,0.305116412447571,0.0535127370088319,0.0312225529761791,0.211461843498527,0.227838413409321,0.00335814004652637
"100",0,0.048279650654652,0.0211745683928454,0.0995661497908521,0.304490831496466,0.0534483662462686,0.0311827979870171,0.210963933178299,0.227545534873925,0.00334816737967411
"101",0,0.0488947472933056,0.0211285784864514,0.100524265809619,0.30386764890412,0.0533831403487686,0.0311426893867426,0.210470649957131,0.227249983853618,0.00333829596024361
"102",0,0.0495086835482369,0.0210825952716911,0.101480296631092,0.30324681446517,0.0533171077527847,0.0311022488613079,0.209981836578375,0.226951891345973,0.00332852554536905
"103",0,0.0501214621585497,0.0210366224384426,0.102434242726043,0.302628286767473,0.0532503131411885,0.0310614952646121,0.209497343109064,0.226651378635306,0.00331885575932115
"104",0,0.0507330858469738,0.0209906636612079,0.103386104731868,0.30201203040144,0.0531827980204501,0.0310204454372757,0.209017026544829,0.226348559254431,0.00330928610152434
"105",0,0.0513435573221588,0.0209447225015963,0.104335883447472,0.301398014211918,0.0531146011496629,0.0309791146936172,0.208540750462583,0.226043540253364,0.003299815957628
"106",0,0.0519528792802482,0.0208988023864994,0.105283579827159,0.300786210098741,0.0530457588673072,0.0309375171420202,0.208068384697613,0.225736423089165,0.00329044461124644
"107",0,0.0525610544059739,0.0208529066070477,0.106229194974476,0.300176592181211,0.0529763053504355,0.030895665905028,0.20759980503959,0.225427304280856,0.0032811712553819
"108",0,0.0531680853734251,0.020807038320858,0.107172730136157,0.299569136208099,0.0529062728257104,0.0308535732770728,0.207134892944028,0.22511627591152,0.00327199500313051
"109",0,0.0538246069817226,0.0207597004217529,0.108114118669778,0.298940605919721,0.0528330326990044,0.0308095592715346,0.206663547389393,0.22479197570249,0.00326285294460258
"110",0,0.0544798527005932,0.02071248809967,0.109053366269873,0.2983148949356,0.0527591679838998,0.0307652454028296,0.206195561234829,0.224465628578389,0.00325379479431782
"111",0,0.0551338258609149,0.0206653356885574,0.109990475653218,0.297691894450007,0.0526847338076859,0.0307206722761944,0.205730845969991,0.22413739597916,0.00324482031427235
"112",0,0.0557865297163038,0.0206182412535111,0.11092544944885,0.297071484757349,0.0526097731236697,0.0306758692932694,0.20526931102273,0.22380741198443,0.00323592939988727
"113",0,0.056437967465463,0.0205712030032127,0.111858290204574,0.296453575507008,0.052534323759364,0.0306308576031055,0.204810870275328,0.223475790310538,0.00322712187140696
"114",0,0.0570881422647476,0.0205242220592939,0.112789000519058,0.295838090981323,0.052458419383739,0.0305856541367308,0.204355441144433,0.223142632069663,0.00321839744101214
"115",0,0.0577370572356087,0.0204772998540314,0.11371758305592,0.295224967085206,0.0523820904669065,0.0305402730438345,0.203902944403371,0.222808029146178,0.00320975570894458
"116",0,0.0583847154696572,0.0204304379296184,0.11464404054871,0.294614148165667,0.0523053648628114,0.0304947265633978,0.203453304010412,0.222472066279502,0.00320119617022403
"117",0,0.0590311200322898,0.020383637827491,0.115568375800879,0.294005584973034,0.0522282682335432,0.0304490255366579,0.203006446973081,0.222134822398308,0.00319271822471602
"118",0,0.0596762739654045,0.0203369010587092,0.1164905916844,0.293399233227336,0.0521508243649043,0.0304031797408368,0.202562303224394,0.221796371546033,0.00318432118798146
"119",0,0.0603201802894903,0.020290229096796,0.117410691138064,0.292795052588369,0.0520730554107169,0.0303571981152473,0.202120805506129,0.22145678355334,0.00317600430184804
"120",0,0.0609628420052766,0.020243623374395,0.118328677165629,0.29219300590028,0.0519949820868303,0.0303110889206852,0.201681889256293,0.221116124546335,0.00316776674427449
"121",0,0.0616578904567762,0.0201955036570999,0.119244481112087,0.291568519319565,0.0519137911895154,0.0302630585179312,0.20123494769969,0.220762265789562,0.00315954225777399
"122",0,0.0623515486414712,0.0201475508055653,0.120158110544285,0.290946848346902,0.0518322230792716,0.0302148299220456,0.200790371928245,0.220407133379943,0.00315138335227165
"123",0,0.0630438202944372,0.0200996934879325,0.121069569794391,0.290327868819806,0.0517503246358863,0.0301664421030622,0.200348120713232,0.220050870193407,0.00314328995784538
"124",0,0.0637347090559902,0.0200519281238849,0.121978863032219,0.289711446355717,0.0516681302746122,0.0301179222584547,0.199908147888244,0.219693590849655,0.00313526216122268
"125",0,0.0644242184981043,0.02000425133297,0.122885994274288,0.289097478929643,0.0515856694389696,0.03006928894791,0.199470409481434,0.219335389114307,0.00312729998237465
"126",0,0.0651123521394781,0.0199566628880174,0.123790967526814,0.288485881064262,0.0515029676131508,0.0300205563905497,0.19903486287327,0.218976346166033,0.00311940333842603
"127",0,0.0657991134546314,0.0199091629571864,0.12469378680364,0.28787658051349,0.0514200473253289,0.0299717359904643,0.198601466740662,0.218616534176058,0.00311157203853951
"128",0,0.0664845058802083,0.0198617518898532,0.125594456134454,0.287269514791144,0.0513369287492026,0.0299228372588561,0.198170180998336,0.218256018507824,0.00310380579012221
"129",0,0.0671685328195811,0.0198144300965192,0.126492979567555,0.286664628927143,0.0512536301371317,0.0298738683548697,0.197740966771164,0.217894859117399,0.00309610420863717
"130",0,0.0678511976463659,0.0197671980143831,0.127389361171072,0.28606187387638,0.0511701681379379,0.0298248364354767,0.197313786372235,0.217533111517867,0.00308846682828215
"131",0,0.0685325037071857,0.0197200560967125,0.128283605033684,0.285461205363817,0.0510865580394091,0.0297757478908152,0.196888603282021,0.217170827473948,0.00308089311240728
"132",0,0.0692124543238942,0.0196730048063892,0.129175715265064,0.284862583027123,0.0510028139578943,0.0297266085086293,0.196465382126023,0.216808055521768,0.003073382463215
"133",0,0.0699485299259222,0.0196243579170622,0.130065619509706,0.284239713381853,0.0509158991438309,0.0296754846174736,0.196032811109138,0.216431720094511,0.00306586430050356
"134",0,0.0706830865851653,0.0195759076506438,0.130953326683854,0.283619625332559,0.0508287576322914,0.0296242287026816,0.195602032638436,0.216054639769406,0.00305839500496278
"135",0,0.0714161284703297,0.0195275766066709,0.131838842193879,0.283002185470776,0.0507414327465979,0.0295728799481512,0.195173031950744,0.215676947802781,0.00305097481007065
"136",0,0.0721476596384943,0.0194793600986985,0.132722171233637,0.282387250084704,0.0506539546859491,0.0295214649637758,0.194745787489355,0.215298747683689,0.00304360412169746
"137",0,0.0728776840662264,0.0194312536698848,0.133603318794879,0.281774710703564,0.0505663485807037,0.0294700011553005,0.19432027869728,0.21492012105521,0.00303628327695211
"138",0,0.0736062056674135,0.0193832562721274,0.134482289821826,0.281164477013193,0.0504786355732707,0.0294185013496799,0.193896485181918,0.21454113661584,0.00302901250473166
"139",0,0.0743332283040906,0.0193353673150253,0.13535908923193,0.280556473222559,0.0503908338876253,0.0293669754345345,0.193474386725269,0.214161853959288,0.00302179191967766
"140",0,0.0750587557939816,0.0192875864369133,0.136233721926241,0.279950634286894,0.0503029594661917,0.0293154313477408,0.193053963285976,0.213782325927706,0.00301462152835612
"141",0,0.0757827919160365,0.0192399133750897,0.137106192793894,0.279346903459747,0.0502150264255038,0.0292638756563583,0.192635195030709,0.213402600103313,0.00300750123934893
"142",0,0.07650534041468,0.0191923479274632,0.137976506714863,0.278745230552423,0.0501270473879345,0.0292123139299724,0.192218062368117,0.213022719830241,0.00300043087430682
"143",0,0.0772264050031661,0.0191448899395942,0.138844668562117,0.278145570666426,0.0500390337326764,0.029160750990777,0.191802545980577,0.212642724945919,0.00299341017874727
"144",0,0.077945989366289,0.0190975392962501,0.139710683203399,0.277547883248815,0.0499509957901132,0.0291091910874185,0.191388626851238,0.212262652324372,0.00298643883210508
"145",0,0.0787271460052528,0.0190484554619753,0.140574472043836,0.276923372353447,0.0498595848325761,0.0290555035052821,0.19096393252082,0.211868093470594,0.00297943980621646
"146",0,0.0795066338035476,0.0189995941255619,0.141436045173019,0.276301653452438,0.0497680387835142,0.029001726281237,0.190540686379799,0.211473146817468,0.00297247518341452
"147",0,0.0802844574578765,0.0189508699159985,0.142295408809229,0.275682583039158,0.0496764007821886,0.0289479006499528,0.19011888969079,0.211077944093754,0.00296554556105116
"148",0,0.0810606215325094,0.0189022772128378,0.143152568915878,0.27506600667845,0.0495846997065284,0.0288940540712068,0.18969853540113,0.210682584756326,0.00295865172513353
"149",0,0.0818351304966299,0.0188538106459203,0.144007531212856,0.274451808830196,0.0494929590297319,0.0288402039368613,0.189279616799313,0.210287144664009,0.00295179438448363
"150",0,0.0826079887457633,0.0188054685908785,0.144860301346392,0.273839894012483,0.0494011980054247,0.0287863626607883,0.18886212663386,0.209891685877491,0.00294497412691964
"151",0,0.0833792006147964,0.0187572499421074,0.145710884912583,0.273230182760095,0.0493094328383527,0.0287325394815847,0.188446057163565,0.209496260874642,0.0029381914122742
"152",0,0.084148770387053,0.0187091538633715,0.146559287469601,0.272622607448205,0.0492176773788918,0.0286787415497302,0.188031400195358,0.209100915128885,0.002931446578905
"153",0,0.0849167023009579,0.0186611796454232,0.147405514543458,0.272017109584252,0.0491259436180922,0.0286249745626699,0.187618147152256,0.208705688738347,0.00292473985454327
"154",0,0.0856830005551504,0.0186133266633466,0.148249571631829,0.271413637881602,0.0490342420464506,0.0285712431735986,0.187206289142062,0.208310617537732,0.00291807136822815
"155",0,0.0864476693125216,0.0185655943615565,0.149091464207193,0.270812146855836,0.0489425819239836,0.0285175512646087,0.186795817021817,0.207915733890499,0.00291144116198446
"156",0,0.0872107127034742,0.01851798224374,0.149931197719522,0.270212595777795,0.0488509714882065,0.0284639021359843,0.186386721455352,0.207521067274227,0.00290484920169927
"157",0,0.0880384551034405,0.018468564545695,0.150768690291311,0.269584737362837,0.0487558742662974,0.0284080466366551,0.18596600889723,0.207111408156615,0.00289821473991953
"158",0,0.0888643633396977,0.0184193874352222,0.151603952832464,0.268959690985152,0.0486607057848086,0.0283521345610668,0.18554653654681,0.206701625156269,0.00289160335850897
"159",0,0.0896884427029552,0.0183703609423445,0.152436992173027,0.268337306993486,0.0485655091491617,0.0282962082971126,0.185128315241953,0.206291848524756,0.00288501597520366
"160",0,0.090510698332426,0.0183214788870874,0.153267814862801,0.26771742467748,0.0484703125012008,0.0282402957309492,0.184711346585855,0.205882174721042,0.00287845370115876
"161",0,0.0913311352587534,0.0182727353439719,0.154096427182885,0.267099924473401,0.0483751383552981,0.0281844141592769,0.184295632135223,0.205472675530479,0.002871917560712
"162",0,0.0921497584286657,0.0182241283216197,0.154922835324076,0.266484708065766,0.0482800048503541,0.0281285756580988,0.183881172491961,0.205063408414224,0.00286540844523477
"163",0,0.0929665727199684,0.0181756563820012,0.155747045411961,0.265871694078162,0.0481849269837433,0.0280727889845132,0.183467967378439,0.204654420955355,0.00285892710585825
"164",0,0.0937815829519959,0.0181273183804133,0.156569063520216,0.265260813647026,0.0480899173426719,0.0280170607232344,0.183056015697231,0.20424575357678,0.00285247416043129
"165",0,0.0945947938932907,0.0180791133161253,0.157388895677139,0.264652007550102,0.0479949866247271,0.0279613959560695,0.182645315621127,0.203837441256366,0.00284605010505345
"166",0,0.0954062102674916,0.0180310402872854,0.158206547870132,0.264045224163247,0.0479001440144509,0.0279057986925083,0.18223586468264,0.203429514695493,0.00283965532675133
"167",0,0.096215836757983,0.0179830984746794,0.159022026049447,0.263440417970955,0.0478053974661957,0.0278502721571267,0.1818276598579,0.203022001149831,0.00283329011588126
"168",0,0.0970236780116454,0.0179352871306711,0.159835336131434,0.262837548454882,0.0477107539213859,0.0277948189884671,0.181420697642271,0.20261492504156,0.00282695467768346
"169",0,0.0979000352875463,0.0178855763832928,0.160646391983994,0.262204597704174,0.0476124524477312,0.0277370481950678,0.181001217147987,0.202192117274612,0.00282056357559515
"170",0,0.0987743739549347,0.0178361232298374,0.161455205288218,0.261574519628154,0.0475141231069553,0.0276792442674495,0.180582847890862,0.201769376017096,0.00281418661649285
"171",0,0.0996467000068703,0.0177868323347746,0.162261783402027,0.260947157162144,0.0474158100847226,0.0276214514423763,0.180165607190078,0.201346833371972,0.00280782500503488
"172",0,0.100517019262222,0.0177376970056109,0.163066133379855,0.260322341873578,0.0473175417312028,0.0275636985744962,0.179749502279124,0.200924585746557,0.00280148014735488
"173",0,0.10138533741527,0.0176887108056217,0.16386826198425,0.259699949060051,0.0472193404695623,0.0275060032942671,0.179334540112269,0.200502703505314,0.00279515335339512
"174",0,0.102251660064202,0.0176398714524673,0.164668175874265,0.259079876601797,0.0471212241270872,0.0274483777091474,0.178920726410962,0.20008124197227,0.0027888457878017
"175",0,0.103115992728433,0.0175911772518825,0.165465881632123,0.258462040349022,0.0470232072445024,0.0273908304234489,0.17850806575675,0.19966024615168,0.00278255846215933
"176",0,0.103978340860675,0.0175426268249792,0.166261385777517,0.257846369409343,0.0469253018515155,0.0273333677556085,0.178096561665833,0.199239753612164,0.00277629224236593
"177",0,0.104838709855801,0.0174942189508106,0.167054694774775,0.257232803091105,0.0468275180182572,0.027275994448747,0.177686216694872,0.198819796304745,0.00277004786088647
"178",0,0.105697105057634,0.0174459525187009,0.16784581503786,0.256621288729093,0.0467298642537264,0.0272187141274136,0.177277032545488,0.198400401799848,0.00276382593023546
"179",0,0.106553531764303,0.0173978265108631,0.168634752934579,0.256011780099865,0.0466323478046529,0.02716152960221,0.176869010162119,0.197981594165227,0.00275762695617947
"180",0,0.10740799523256,0.0173498399904688,0.169421514790261,0.255404236239453,0.0465349748846783,0.0271044430803729,0.176462149820509,0.197563394611651,0.00275145135004624
"181",0,0.108338101038604,0.0172997651087233,0.170206005904142,0.254763358829951,0.0464335817606005,0.0270448085079039,0.176041265991757,0.197127908023152,0.00274520483516685
"182",0,0.109265970689391,0.017249969723715,0.17098823895054,0.254125494089355,0.0463321858928501,0.0269851536184349,0.175621408922345,0.19669261333138,0.00273896478198895
"183",0,0.110191611081088,0.0172003487868287,0.171768221840142,0.25349047078262,0.0462308348995825,0.0269255267125735,0.175202601672598,0.196257651519888,0.00273273270467855
"184",0,0.111115028901503,0.0171508948609829,0.172545962146383,0.252858105425405,0.0461295589472516,0.0268659591021528,0.174784855979097,0.195823124298376,0.00272651033884929
"185",0,0.112036230689877,0.0171016007732193,0.173321467117428,0.252228262825253,0.0460283816947916,0.0268064697104424,0.174368183139874,0.195389104736956,0.00272029931215817
"186",0,0.112955222871225,0.0170524639126557,0.174094743883048,0.251600832702217,0.0459273217654673,0.0267470713731767,0.17395259296518,0.194955649437362,0.00271410108966865
"187",0,0.11387201177717,0.0170034823147063,0.174865799483925,0.250975724560622,0.0458263941920143,0.0266877730711786,0.173538093887652,0.194522803747727,0.00270791696500508
"188",0,0.114786603660466,0.0169546543636174,0.17563464088747,0.250352862475611,0.045725611272035,0.0266285812753359,0.173124693050679,0.194090604946485,0.00270174806830022
"189",0,0.115699004705629,0.0169059786199698,0.176401274995822,0.249732181714044,0.045624983175646,0.0265695007314657,0.172712396430764,0.193659084247076,0.0026955953795833
"190",0,0.11660922103708,0.0168574537684672,0.177165708651477,0.249113626332673,0.0455245183840845,0.0265105349645657,0.172301208957985,0.193228268160104,0.00268945974356341
"191",0,0.117517258725564,0.0168090785988018,0.177927948642044,0.248497147428905,0.0454242240183141,0.0264516866149118,0.171891134628738,0.192798179458587,0.00268334188413306
"192",0,0.118423123793304,0.0167608519924732,0.178688001704415,0.247882701836625,0.0453241060906921,0.0263929576702162,0.171482176607813,0.192368837886554,0.00267724241790811
"193",0,0.119406691153314,0.0167104944665412,0.179445771207941,0.247234001827809,0.0452198685932838,0.0263316189221953,0.17105870482107,0.191921784706514,0.00267106430133128
"194",0,0.120387788638522,0.0166604291992819,0.180201270405656,0.246588420917608,0.0451156571241585,0.0262702778043207,0.170636217898473,0.191475050488386,0.00266488752359406
"195",0,0.121366424123845,0.0166105482794665,0.180954507657147,0.245945781466498,0.0450115203051395,0.0262089837675526,0.170214742248881,0.191028778337893,0.00265871381357827
"196",0,0.122342605248658,0.0165608439798506,0.181705490971598,0.245305893837296,0.0449074887628193,0.0261477687444915,0.169794292451162,0.190583070882532,0.00265254512159297
"197",0,0.123316339484059,0.0165113088309837,0.182454228019474,0.244668618350903,0.044803586403359,0.026086651899295,0.169374882515995,0.190138001215538,0.00264638328039319
"198",0,0.124287634171533,0.0164619400351697,0.183200726344375,0.244033841166091,0.0446998319367509,0.0260256461221462,0.168956524811641,0.189693625463108,0.00264022994918593
"199",0,0.125256496546456,0.0164127354588195,0.183944993393147,0.243401468938841,0.044596240369633,0.0259647603325931,0.168539230186316,0.189249988169366,0.00263408660482914
"200",0,0.126222933754473,0.0163636933296337,0.184687036532271,0.242771423424169,0.0444928238899074,0.0259040008671721,0.168123008066301,0.188807125585752,0.0026279545503215
"201",0,0.127186952863511,0.0163148120601303,0.185426863056237,0.242143637975312,0.0443895924953161,0.0258433722894684,0.167707866588281,0.18836506774286,0.00262183492888476
"202",0,0.128148560872983,0.0162660901940829,0.186164480193502,0.241518055054536,0.0442865544473066,0.0257828779106202,0.167293812729014,0.187923839858486,0.00261572873946841
"203",0,0.129107764721035,0.0162175263866701,0.186899895111538,0.240894624419489,0.0441837166111168,0.0257225201362649,0.166880852426513,0.187483463335424,0.00260963685194941
"204",0,0.130064571290381,0.0161691193907137,0.187633114921263,0.240273301770297,0.0440810847162399,0.0256623007061695,0.166468990689733,0.187043956493881,0.00260356002132237
"205",0,0.131106070587711,0.0161183988714798,0.188364034711514,0.239614571076043,0.0439739636172085,0.0255992380716897,0.16604117950165,0.186585151285957,0.00259739227674686
"206",0,0.132144828141566,0.0160679916507984,0.189092668689418,0.238959147070299,0.0438668841816541,0.0255361810040801,0.165614329769336,0.186126748338404,0.00259122115444493
"207",0,0.13318085307228,0.0160177804387798,0.189819025743364,0.238306837046331,0.0437598988237218,0.0254731831424854,0.165188471939717,0.18566890116472,0.00258504862860164
"208",0,0.134214154220614,0.0159677568349419,0.190543114380805,0.237657435583326,0.0436530403584164,0.0254102790164808,0.164763623467305,0.18521171922215,0.0025788769159616
"209",0,0.135244740227821,0.0159179126997619,0.191264942740093,0.237010791735226,0.043546334293191,0.0253474892353362,0.164339801144643,0.184755279818413,0.00257270810551401
"210",0,0.136272619581656,0.0158682449544873,0.191984518819968,0.236366782716973,0.0434398004919691,0.0252848275725164,0.163917019930605,0.184299641834885,0.00256654409693895
"211",0,0.13729780064432,0.0158187512379626,0.192701850512097,0.235725308046498,0.0433334548019014,0.0252223034789189,0.163495293087239,0.183844851600408,0.00256038659065416
"212",0,0.138320291671911,0.0157694295806607,0.193416945618838,0.235086283651717,0.0432273100170241,0.0251599235963996,0.163074632288871,0.183390946477782,0.00255423709679721
"213",0,0.139340100828689,0.0157202782139412,0.194129811862343,0.23444963805156,0.043121376562593,0.0250976926411919,0.162655047768232,0.182937957121083,0.00254809695036743
"214",0,0.14035723619799,0.0156712955122661,0.194840456891054,0.23381530964248,0.0430156629889284,0.0250356139713587,0.162236548459436,0.182485909008521,0.00254196732796572
"215",0,0.141371705790814,0.0156224799717487,0.195548888285215,0.233183244722706,0.0429101763412251,0.0249736899648908,0.161819142131509,0.182034823527653,0.00253584926423858
"216",0,0.142383517552735,0.015573830195259,0.196255113561714,0.2325533960193,0.0428049224425962,0.0249119222807369,0.16140283550925,0.181584718771158,0.00252974366725038
"217",0,0.143483798748587,0.0155227772283476,0.196959023743261,0.231884464994106,0.042694978068005,0.0248471857812794,0.160969779954576,0.181114452001569,0.00252353948026898
"218",0,0.144581038936801,0.0154720534842133,0.197660633759095,0.231219014474675,0.0425850955228679,0.0247824671822854,0.160537687304761,0.180644680650319,0.00251732868498198
"219",0,0.145675248652143,0.0154215365975571,0.198359952989567,0.230556841132453,0.0424753294779145,0.0247178224705454,0.160106590881205,0.180175564346331,0.0025111134522843
"220",0,0.146766438107731,0.0153712177606711,0.199056990415624,0.229897728987337,0.0423657140696356,0.0246532876066358,0.159676510290021,0.179707216559446,0.0025048962028982
"221",0,0.147854617286667,0.0153210884230167,0.199751754630474,0.229241519274484,0.0422562757648921,0.0245888839705478,0.15924746437806,0.179239717051956,0.00249867921990289
"222",0,0.148939795994725,0.0152711452971343,0.200444254078247,0.228588082871274,0.0421470351105219,0.0245246257804373,0.158819470010147,0.178773126273116,0.00249246458439778
"223",0,0.150021983892391,0.0152213858423654,0.201134497087863,0.227937314106621,0.0420380084396248,0.0244605227268694,0.158392542218702,0.178307491520339,0.00248625416522496
"224",0,0.151101190517181,0.015171807927812,0.201822491891612,0.22728912456718,0.0419292088833063,0.0243965815591563,0.157966694322634,0.177842850702593,0.00248004962852474
"225",0,0.152177425300013,0.0151224096342068,0.202508246634752,0.226643439082246,0.0418206470893147,0.0243328070116069,0.157541938084346,0.177379234709769,0.00247385245374564
"226",0,0.153250697577741,0.0150731891938289,0.203191769382379,0.226000192870541,0.0417123317408046,0.0242692023985642,0.157118283862897,0.176916669021917,0.00246766395132787
"227",0,0.154321016603016,0.015024144968022,0.203873068125281,0.225359329462309,0.0416042699448782,0.0242057700109201,0.156695740756839,0.17645517484866,0.00246148528007425
"228",0,0.155388391552238,0.0149752754315236,0.204552150785081,0.224720799149734,0.0414964675299996,0.0241425113898593,0.156274316733446,0.175994769964724,0.00245531746339388
