"","Alive","Death","ODN","ODF","REL","BUP","BUPC","MET","METC","ABS"
"0",0,0,0,0,0,1,0,0,0,0
"1",0,0.000332668580794504,0.00658201134618136,0.000380734702638939,0.126742164239571,0.672189669945705,0.177095671809497,0.00720368732144181,0.0057832052573221,0.00369018679684842
"2",0,0.00069310673924039,0.0180836575958721,0.00142677908561972,0.185892967556978,0.592811829333618,0.166907735178489,0.00946097064764374,0.0200467190567012,0.00467623480583773
"3",0,0.00106813673106099,0.0187997586496674,0.00251424614435057,0.2320140636066,0.527789336173313,0.167156908858378,0.0129630278579514,0.0323652248021892,0.0053292971764894
"4",0,0.0014526625306186,0.0198949754241664,0.00366506572726174,0.265895162785553,0.479392328801735,0.163159002465558,0.0164741857561238,0.0443216102253063,0.00574500628367738
"5",0,0.00184414773618113,0.0207203191532618,0.00486362709953556,0.292344188458504,0.440324990191426,0.158128379264465,0.020086533123105,0.0556642356269588,0.00602357934656243
"6",0,0.00224093900138111,0.0214462906862401,0.00610418210281296,0.313392757177514,0.407802013778658,0.152637718635609,0.0237465824552875,0.066419395940995,0.00621012022150207
"7",0,0.00264185167818043,0.0220675500304995,0.00738067368827742,0.330404128949086,0.380076479561243,0.147071941161612,0.0274274356498885,0.0765976954040849,0.00633224387712823
"8",0,0.00304599106269221,0.0225971591134074,0.00868780037084071,0.344279061853905,0.356037453689677,0.14161872728492,0.0311061721273893,0.0862199445029185,0.00640768999425001
"9",0,0.00345265820041551,0.0230469715589785,0.0100209463351555,0.355657506306548,0.334923535633022,0.136375065215157,0.0347648615102699,0.0953098932683928,0.00644856197206097
"10",0,0.00386129417964975,0.0234282607323323,0.0113761478706933,0.36501205351182,0.316188982290923,0.131387671898377,0.0383893211913829,0.103892828193143,0.00646344013167948
"11",0,0.00427144433063342,0.0237508749901922,0.0127500109425112,0.372702906207474,0.299428047457968,0.126675327453924,0.0419683799924116,0.111994421119793,0.00645858750509265
"12",0,0.00468273390167684,0.0240231828158797,0.0141396255883674,0.379011266092344,0.284330203385225,0.122240963253195,0.0454932751613998,0.119640071769601,0.00643867803231214
"13",0,0.00511695175325055,0.0242515711552029,0.0155424512972079,0.384149908054498,0.270647226666213,0.118076355960555,0.0489562894604547,0.126852026310387,0.00640721934223103
"14",0,0.00555175486322701,0.0244426257587108,0.0169563285089749,0.388310521804596,0.258189884067714,0.114172805306897,0.0523528984291393,0.13365620226174,0.00636697899900179
"15",0,0.00598690991347695,0.0246013069694262,0.0183793845933385,0.391640956946256,0.246800053183626,0.110516769954979,0.0556791207872303,0.140075416741343,0.00632008091032355
"16",0,0.00642221864456094,0.0247318301031362,0.0198099907537939,0.394263405338555,0.236347392628186,0.10709359116057,0.058932010817455,0.146131370255775,0.00626819029796873
"17",0,0.00685751184900052,0.0248377809182795,0.0212467256110832,0.396279760799764,0.226723137696373,0.103888361998154,0.0621094705503163,0.151844629657522,0.00621262091950811
"18",0,0.00729264460195278,0.0249222258403655,0.0226883451625197,0.397775634041274,0.217835555163485,0.100886445422815,0.0652100967829333,0.157234638996402,0.0061544139882528
"19",0,0.00772749242561821,0.0249877995500637,0.0241337578078222,0.398823426035688,0.209606548537428,0.0980737740778418,0.06823305677943,0.162319747551923,0.00609439723418475
"20",0,0.00816194817021509,0.0250367761346017,0.0255820034906826,0.399484715003242,0.201969078332174,0.0954370136186578,0.0711779866303948,0.167117248871162,0.00603322974887046
"21",0,0.00859591945300187,0.0250711267217123,0.0270322361741543,0.399812135394857,0.194865171375238,0.0929636403592667,0.0740449077246607,0.171643426331292,0.00597143646581737
"22",0,0.00902932653756983,0.0250925664592215,0.0284837090335626,0.399850874281604,0.188244363412973,0.0906419653465527,0.0768341577907266,0.175913602175592,0.00590943496219821
"23",0,0.00946210056448649,0.025102593041067,0.0299357618779415,0.399639875414942,0.182062465557491,0.0884611253745678,0.0795463337350849,0.17994218794377,0.00584755649064964
"24",0,0.0098941820651941,0.025102518503093,0.0313878104106911,0.39921281700718,0.176280576264322,0.086411054145041,0.0821822440896379,0.183742734894253,0.00578606262058777
"25",0,0.0103539065685676,0.0250926212313832,0.0328392864383805,0.398584136087982,0.170860288202137,0.0844803856612275,0.0847408891628185,0.187323373357252,0.00572511329025116
"26",0,0.010812776703413,0.0250748267025891,0.0342897331462659,0.397794385109362,0.165775200018484,0.0826626050688878,0.0872252043402136,0.190700359370609,0.00566490954017616
"27",0,0.011270751997544,0.025050007818969,0.0357387442124033,0.396865689649092,0.160998018213167,0.080949783889603,0.0896364282376936,0.193885002209149,0.00560557377237918
"28",0,0.011727797698313,0.0250189565911955,0.037185959128496,0.395817372658992,0.156504299594693,0.0793346037326971,0.0919758854964502,0.196887926931895,0.00554719816726881
"29",0,0.0121838840606914,0.0249823760317625,0.0386310580518191,0.394666352052441,0.152272080112624,0.0778103111175492,0.0942449687130723,0.199719119569132,0.00548985029090747
"30",0,0.0126389857307294,0.0249408916177332,0.0400737573202026,0.393427461868054,0.148281560859254,0.0763706741017175,0.0964451215924282,0.202387969200823,0.00543357770905788
"31",0,0.0130930812105511,0.0248950601984663,0.0415138054822801,0.392113727032547,0.144514842297035,0.07500994077149,0.0985778249289353,0.204903306311505,0.00537841176718904
"32",0,0.0135461523929798,0.0248453782683061,0.042950979806269,0.390736597330671,0.140955697915101,0.0737228003458316,0.100644584813951,0.207273438432699,0.00532437069419143
"33",0,0.0139981841556965,0.0247922891192128,0.0443850832024928,0.389306147753022,0.137589380476387,0.0725043470458593,0.102646922721817,0.209506183370643,0.00527146215486961
"34",0,0.0144491640064541,0.0247361890570431,0.0458159415054821,0.387831250589561,0.134402455348382,0.071350046732375,0.104586367178121,0.211608900230807,0.0052196853517743
"35",0,0.0148990817722177,0.0246774328034737,0.0472434010685493,0.386319723736424,0.131382656475106,0.0702557062219155,0.106464446767249,0.213588518397746,0.00516903275731868
"36",0,0.015347929326215,0.0246163382027889,0.0486673266306247,0.384778458889395,0.128518761380614,0.06921744514444,0.108282684276642,0.215451564607632,0.00511949154164908
"37",0,0.0158309063088251,0.0245521047183469,0.0500875366238092,0.383195434104969,0.125796721788651,0.0682295307312776,0.110039327253735,0.217197444035096,0.00507099443529006
"38",0,0.0163126978495712,0.024486120770161,0.0515039297929909,0.381594632683247,0.123210937424916,0.0672907578522586,0.111738975065872,0.218838381214704,0.00502356734627899
"39",0,0.0167933005867973,0.0244185869537052,0.0529164164864507,0.379980728199023,0.120752716081297,0.0663980535051708,0.113383116603592,0.220379893582657,0.00497718800130717
"40",0,0.0172727124776449,0.0243497069847137,0.0543249188363515,0.37835783176189,0.118414044516935,0.0655485612150752,0.114973217825777,0.221827173887206,0.00493183249440675
"41",0,0.0177509326467581,0.0242796649526085,0.0557293696234604,0.376729570080142,0.116187526170579,0.0647396251978665,0.116510721681019,0.223185113896607,0.0048874757509588
"42",0,0.01822796124987,0.0242086274661916,0.0571297112659866,0.375099136823531,0.114066323629545,0.0639687757466623,0.117997045959713,0.224458325903357,0.00484409195514347
"43",0,0.0187037993517505,0.0241367446356999,0.0585258948652258,0.37346934066099,0.112044107600514,0.0632337150139411,0.119433581800835,0.225651161171094,0.00480165489994945
"44",0,0.0191784488173324,0.024064151697437,0.0599178793451823,0.371842647512865,0.110115011365148,0.0625323037935322,0.120821692550215,0.226767726646732,0.00476013827155622
"45",0,0.0196519122146424,0.0239909704814068,0.0613056306770844,0.37022121814388,0.108273590075469,0.0618625493174388,0.122162712918286,0.227811900294018,0.00471951587777434
"46",0,0.0201241927282512,0.0239173107478073,0.0626891211812101,0.368606941531023,0.106514784292156,0.06122259403527,0.123457948383166,0.228787345271553,0.00467976182956358
"47",0,0.0205952940820813,0.0238432713826733,0.0640683288978739,0.367001464492753,0.104833887253606,0.0606107053134931,0.124708674799201,0.229697523094967,0.00464085068335189
"48",0,0.0210652204705318,0.0237689414669934,0.0654432370202563,0.365406218008992,0.103226515432524,0.0600252659852193,0.125916138178411,0.230545705886356,0.00460275755071637
"49",0,0.0215693988420231,0.0236933193623053,0.0668137708020266,0.363804638817587,0.10168541925765,0.059462817459533,0.127077651742489,0.231327572377315,0.004565411339071
"50",0,0.0220723031156966,0.023617607296145,0.0681799250393871,0.362216130166191,0.100209972016992,0.0589238590944425,0.128198172251751,0.232053200117328,0.00452883090206722
"51",0,0.0225739391903402,0.0235418406269977,0.0695416965738427,0.360641550324097,0.0987966171672624,0.058407088141256,0.129278865079836,0.232725409282352,0.00449299361401552
"52",0,0.0230743132209758,0.0234660745867339,0.0708990854417708,0.359081620768303,0.0974420255881514,0.0579112805532926,0.130320863919516,0.233346858225278,0.00445787769597861
"53",0,0.0235734315842211,0.02339035975173,0.0722520946051263,0.357536954099405,0.0961430807316229,0.0574352869383958,0.131325273415599,0.233920056720541,0.0044234621533591
"54",0,0.0240713008447543,0.0233147424783827,0.0736007297073371,0.356008061934103,0.094896862575395,0.056978028740919,0.132293169200371,0.234447377749237,0.00438972676950106
"55",0,0.0245679277242449,0.0232392644616191,0.0749449988036637,0.354495364946759,0.0937006331009896,0.0565384937937825,0.13322559826661,0.234931066805854,0.00435665209647697
"56",0,0.0250633190731201,0.0231639631032375,0.0762849121128632,0.352999201862087,0.0925518229542202,0.056115731977542,0.13412357940881,0.23537325006549,0.00432421944263082
"57",0,0.0255574818450913,0.0230888718712449,0.0776204817896409,0.35151983786514,0.0914480192296018,0.055708851085322,0.134988103721025,0.235775941736611,0.00429241085632369
"58",0,0.0260504230742633,0.0230140206553445,0.0789517217176642,0.350057472311774,0.0903869542747838,0.0553170129395043,0.135820135130517,0.236141050789725,0.00426120910642411
"59",0,0.0265421498546199,0.0229394360926752,0.0802786473214186,0.348612245758208,0.0893664954219679,0.0549394297669369,0.136620610956149,0.236470387167837,0.00423059766018736
"60",0,0.0270326693216774,0.0228651418642629,0.0816012753952121,0.34718424634043,0.0883846355603651,0.0545753608262432,0.137390442483658,0.236765667548991,0.00420056065915962
"61",0,0.0275610497614616,0.0227899804632396,0.082919555777675,0.345754308525793,0.0874363855210379,0.0542220803258752,0.138125699157626,0.237019906329218,0.00417103413807478
"62",0,0.0280881175560548,0.022715202334573,0.0842335106390951,0.344342217989662,0.0865230537407471,0.0538809077217417,0.138831937922034,0.237243004865685,0.00414204723040633
"63",0,0.0286138807268345,0.0226407907935919,0.0855431611846399,0.34294787466493,0.0856429709051447,0.0535512457452275,0.139510004549585,0.2374364852712,0.00411358615884671
"64",0,0.0291383472497563,0.0225667564381401,0.0868485292325065,0.341571146512331,0.0847945577238606,0.0532325259556198,0.140160718602289,0.237601780479863,0.00408563780563355
"65",0,0.0296615250534836,0.0224931094880848,0.0881496371920574,0.340211887637672,0.0839763221335921,0.0529242087595186,0.140784876694538,0.237740243442386,0.00405818959866842
"66",0,0.0301834220146593,0.0224198597632487,0.0894465080406802,0.338869935787556,0.0831868537642805,0.0526257833494582,0.141383252711441,0.237853155095455,0.00403122947322106
"67",0,0.0307040459524324,0.0223470157878112,0.0907391652488414,0.337545113468592,0.0824248189257927,0.0523367665625775,0.14195659834429,0.237941729869504,0.00400474584015836
"68",0,0.0312234046230995,0.0222745848325455,0.0920276327075834,0.336237229005918,0.0816889558559934,0.0520567015356246,0.142505643646752,0.238007120233958,0.00397872755852538
"69",0,0.031741505715125,0.0222025729850148,0.093311934660082,0.334946077918877,0.0809780702816207,0.0517851562958831,0.143031097608007,0.238050420625009,0.00395316391038211
"70",0,0.0322583568446416,0.0221309852483644,0.0945920956389188,0.333671444369972,0.0802910312762576,0.0515217223670277,0.143533648726678,0.238072670950856,0.0039280445772842
"71",0,0.0327739655514604,0.0220598256364206,0.0958681404088541,0.332413102609347,0.0796267673997802,0.0512660134217906,0.144013965579294,0.238074859774949,0.00390335961810432
"72",0,0.0332883392955835,0.0219890972624561,0.0971400939147345,0.331170818363481,0.078984263101006,0.0510176639961255,0.144472697379722,0.238057927238845,0.00387909944804635
"73",0,0.0338406007950888,0.021917636799654,0.0984079138090752,0.329925466924827,0.0783596854295852,0.050774362701779,0.14490526682,0.238013858603842,0.00385520811614867
"74",0,0.0343915227696515,0.02184666494073,0.0996716283550379,0.328696250821549,0.0777549609386537,0.0505376873831176,0.145317392014789,0.237952174551889,0.00383171822458128
"75",0,0.0349411132700401,0.021776149224618,0.100931263938083,0.327482853139705,0.0771692346747711,0.0503073491714177,0.145709675871716,0.237873739341724,0.00380862136792595
"76",0,0.0354893802178203,0.021706086136103,0.102186846740334,0.326284954054855,0.0766016904205859,0.0500830684952469,0.146082701419009,0.237779363000702,0.0037859095153442
"77",0,0.0360363314139395,0.0216364731052412,0.103438402795256,0.325102245976594,0.0760515517108593,0.0498645764879125,0.146437035057421,0.237669808546701,0.003763574906076
"78",0,0.036581974543103,0.0215673083446865,0.104685958032927,0.323934428308537,0.0755180797169571,0.0496516162356544,0.146773226673918,0.237545798121461,0.00374161002275588
"79",0,0.0371263171763654,0.0214985898434433,0.105929538267097,0.32278120615179,0.07500057137309,0.0494439428172223,0.147091810069639,0.237408016729709,0.00372000757164324
"80",0,0.0376693667729782,0.0214303153141266,0.107169169179207,0.321642289204916,0.0744983575043658,0.0492413230439833,0.147393303400961,0.237257115112049,0.003698760467414
"81",0,0.0382111306818721,0.0213624821775918,0.108404876301504,0.320517391205936,0.0740108010347624,0.0490435350496105,0.147678209632249,0.237093712096248,0.00367786182022619
"82",0,0.038751616142963,0.0212950875842451,0.109636685001403,0.319406229644255,0.0735372952809337,0.0488503678172867,0.147947016985406,0.236918396619187,0.00365730492431979
"83",0,0.0392908302883801,0.0212281284387511,0.110864620467269,0.318308525642153,0.0730772623355954,0.0486616206834126,0.148200199381054,0.236731729515636,0.00363708324774918
"84",0,0.039828780143674,0.0211616014247772,0.112088707695635,0.317224003935397,0.0726301515394535,0.0484771028387012,0.148438216868738,0.2365342451306,0.00361719042302367
"85",0,0.0404090526078509,0.021094219484136,0.113308897233497,0.316131662671006,0.0721924018669657,0.0482944848980088,0.148655392743537,0.236316318517525,0.0035975699774736
"86",0,0.0409879415083524,0.0210273220189317,0.114525217105205,0.315052583879245,0.0717665022946202,0.0481156708011099,0.148858186148678,0.236088316016486,0.00357826022737057
"87",0,0.0415654544571308,0.0209608678219181,0.115737692951492,0.31398643085659,0.0713519902517325,0.0479405203545131,0.149047027084457,0.235850760710657,0.00355925551150941
"88",0,0.0421415989161619,0.0208948486718908,0.116946349937535,0.312932872197123,0.0709484193265869,0.047768893352377,0.149222330269121,0.235604136924817,0.00354055040438795
"89",0,0.0427163822112623,0.0208292579212338,0.118151212843983,0.311891597651732,0.0705553621684741,0.0476006518061292,0.149384498643554,0.235348897143614,0.00352213961001866
"90",0,0.043289811540384,0.020764090257229,0.11935230614417,0.310862311319156,0.0701724097117467,0.0474356619743421,0.149533923316082,0.235085467793777,0.00350401794311317
"91",0,0.0438618939793717,0.0206993405373525,0.120549654013964,0.309844729364882,0.0697991705588098,0.0472737949806018,0.14967098386344,0.234814252384157,0.00348618031742177
"92",0,0.0444326364864972,0.0206350036937613,0.121743280336085,0.308838578054124,0.0694352702579453,0.0471149270545999,0.149796048648038,0.234535633730326,0.00346862173862327
"93",0,0.0450020459062599,0.0205710746828442,0.122933208701504,0.307843592469445,0.0690803505738119,0.0469589395667529,0.149909475151002,0.234249975649183,0.00345133729919656
"94",0,0.0455701289727144,0.0205075484785927,0.124119462410468,0.306859515598038,0.0687340687651467,0.0468057189585532,0.150011610304681,0.233957624337346,0.00343432217445892
"95",0,0.0461368923124711,0.0204444200723499,0.125302064473497,0.305886097668375,0.0683960968810541,0.0466551566151748,0.150102790819128,0.233658909538613,0.00341757161933761
"96",0,0.046702342447461,0.0203816844749512,0.126481037612514,0.30492309565086,0.0680661210811582,0.0465071487062354,0.150183343499811,0.233354145561367,0.00340108096564283
"97",0,0.0473131494059627,0.0203179771931795,0.127656325620693,0.3039483324262,0.0677406995951648,0.0463593220309219,0.150246770424495,0.233032630072535,0.00338479323084799
"98",0,0.0479225119560838,0.0202547164163899,0.128827954325999,0.302984171926085,0.0674226271948563,0.0462137767543512,0.150300102529371,0.232705389020756,0.0033687498761078
"99",0,0.0485304372421631,0.0201918570832046,0.129995946949828,0.302030311001694,0.0671116450342354,0.0460704482692368,0.150343648156563,0.232372759522601,0.00335294674047397
"100",0,0.0491369322587557,0.0201293897642633,0.131160326168142,0.301086453881468,0.0668074995943794,0.0459292673731203,0.15037770363155,0.232035047487544,0.00333737984077825
"101",0,0.0497420038674636,0.020067306886667,0.132321114218848,0.30015232881034,0.0665099465333888,0.0457901629298182,0.150402556944498,0.231692534546773,0.00332204526220414
"102",0,0.0503456588071687,0.0200056024571288,0.133478332993174,0.299227680415465,0.0662187504978281,0.0456530643192881,0.150418487568929,0.231345483797975,0.00330693914304319
"103",0,0.0509479037011781,0.0199442708001354,0.134632004054049,0.298312266990175,0.0659336850650061,0.0455179023403052,0.150425766667048,0.230994142715327,0.00329205766677631
"104",0,0.0515487450628344,0.0198833064431802,0.135782148647846,0.29740585815563,0.0656545325311363,0.0453846096913351,0.15042465731434,0.230638745094976,0.00327739705872264
"105",0,0.0521481893001746,0.0198227040513171,0.136928787712341,0.29650823328724,0.0653810836550808,0.0452531212140017,0.150415414743599,0.230279512451747,0.00326295358449886
"106",0,0.0527462427199554,0.0197624584095818,0.138071941883649,0.295619180362115,0.0651131373761306,0.0451233740108254,0.150398286591033,0.229916655097278,0.00324872354943211
"107",0,0.0533429115312214,0.0197025644131056,0.139211631502598,0.294738495094634,0.0648505005206614,0.0449953074884517,0.150373513138623,0.229550373012226,0.0032347032984784
"108",0,0.0539382018485343,0.0196430170605837,0.140347876620716,0.293865980265782,0.0645929875056341,0.0448688633552257,0.150341327549863,0.229180856577246,0.00322088921641562
"109",0,0.0545817510416244,0.0195823798914832,0.141480614197851,0.292978321193579,0.0643371537787377,0.0447415828972522,0.15029449970839,0.228796474152969,0.00320722313811327
"110",0,0.0552237776731875,0.0195221471069159,0.142609867625519,0.292099146125584,0.0640860254970405,0.0446157294562851,0.150240617705897,0.228408939601884,0.00319374920768717
"111",0,0.0558642885471992,0.0194622712197279,0.143735657548354,0.291228192410253,0.0638394561521579,0.0444912792251206,0.15017990450901,0.228018486140571,0.00318046424760711
"112",0,0.056503290322649,0.0194027427704244,0.14485800406381,0.290365205005209,0.0635972988418914,0.0443682012357655,0.15011257328354,0.227625319239167,0.00316736523754303
"113",0,0.0571407895328724,0.0193435543233588,0.145976926839226,0.289509954020358,0.063359410732115,0.0442464603165426,0.150038831268698,0.227229623767609,0.00315444919922005
"114",0,0.0577767925971777,0.0192847001649512,0.147092445211439,0.28866222645359,0.0631256531562147,0.0441260198355585,0.149958879499745,0.226831569899208,0.00314171318211484
"115",0,0.0584113058288506,0.0192261749581696,0.148204578208571,0.287821823202867,0.0628958918382396,0.0440068427756516,0.149872912945767,0.226431315985089,0.00312915425679496
"116",0,0.0590443354413416,0.0191679736161315,0.149313344564491,0.286988556504677,0.0626699969329339,0.0438888923516312,0.149781120669168,0.226029010406636,0.00311676951299001
"117",0,0.0596758875533264,0.0191100912283687,0.150418762729024,0.286162248201692,0.0624478430023021,0.0437721323669961,0.149683686007641,0.225624792851197,0.00310455605945121
"118",0,0.0603059681930047,0.0190525230382397,0.151520850876851,0.285342728469665,0.062229308949609,0.0436565274303323,0.149580786760229,0.225218795257374,0.00309251102469495
"119",0,0.0609345833018524,0.0189952644288343,0.152619626915585,0.284529834859577,0.0620142779277928,0.0435420430866319,0.149472595371362,0.224811142550201,0.0030806315581624
"120",0,0.0615617387379626,0.0189383109127453,0.153715108493269,0.283723411553045,0.0618026372317713,0.0434286458948006,0.149359279109806,0.224401953235042,0.00306891483155827
"121",0,0.062239754051708,0.0188801631919613,0.154807226531448,0.282899109588502,0.0615908862776938,0.0433137803478464,0.149232974093188,0.223978804552287,0.00305730136536464
"122",0,0.0629161523969572,0.0188223828271338,0.155896002279731,0.282081705492597,0.0613822356030754,0.0431998472200626,0.149101779371424,0.223554057125577,0.003045837683442
"123",0,0.0635909404030754,0.018764920588475,0.156981454140041,0.281270971377735,0.0611766036130764,0.0430868457784029,0.148965857897312,0.223127884829857,0.00303452137202412
"124",0,0.0642641245585323,0.0187077673614945,0.158063599987078,0.280466686741003,0.0609739050641397,0.0429747665628639,0.148825364311492,0.222700435246339,0.00302335016705738
"125",0,0.0649357112326722,0.0186509161666056,0.159142457291807,0.279668656843573,0.0607740559684088,0.042863594563241,0.148680449008045,0.222271837092845,0.00301232183280301
"126",0,0.0656057066886205,0.0185943618402646,0.160218043226511,0.278876703922749,0.0605769738479549,0.0427533121863918,0.148531257785725,0.22184220635438,0.00300143414740343
"127",0,0.0662741170920158,0.0185380996189419,0.161290374687927,0.278090663999329,0.0603825781136833,0.042643900447761,0.148377931939357,0.221411649204527,0.00299068489645834
"128",0,0.0669409485176489,0.0184821250047823,0.162359468312616,0.27731038415361,0.0601907902411626,0.042535339675457,0.148220608374665,0.220980263848503,0.00298007187155539
"129",0,0.0676062069548014,0.0184264336865746,0.163425340487756,0.276535720685442,0.0600015338716531,0.0424276099352563,0.148059419747889,0.220548141759991,0.00296959287063714
"130",0,0.0682698983117087,0.0183710215145512,0.164488007360486,0.275766537764912,0.0598147348610079,0.0423206913042741,0.147894494610901,0.220115368572907,0.00295924569925175
"131",0,0.0689320284193947,0.0183158844842388,0.165547484846303,0.275002706419925,0.0596303212949764,0.0422145640520171,0.147725957555452,0.219682024755496,0.00294902817219694
"132",0,0.0695926030350339,0.0182610187244997,0.166603788636784,0.274244103751981,0.0594482234814037,0.0421092087621181,0.147553929353321,0.219248186139548,0.00293893811531088
"133",0,0.0703074466784924,0.0182048392747586,0.167656842741877,0.27346493955475,0.0592647894940728,0.042001919510686,0.147369826440953,0.218800482763595,0.0029289135408149
"134",0,0.071020560222146,0.0181489991243201,0.168706666788261,0.272691541583823,0.059083453967583,0.0418952670577041,0.147182379570379,0.218352127500378,0.00291900418540688
"135",0,0.0717319503093278,0.018093446689688,0.16975327741878,0.27192370659116,0.0589041746992603,0.0417892649234286,0.146991709626557,0.217903261455382,0.00290920828641573
"136",0,0.0724416234424188,0.0180381731619153,0.170796690766728,0.271161238532846,0.058726903699042,0.0416839166553919,0.146797930089962,0.21745399942209,0.0028995242296068
"137",0,0.0731495860076571,0.0179831719901445,0.171836922586466,0.270403968071016,0.05855159254934,0.041579219245841,0.146601151370266,0.217004437760124,0.00288995041914501
"138",0,0.0738558442896395,0.0179284385443685,0.172873988364532,0.269651743148093,0.058378192757835,0.041475166344385,0.146401480393896,0.216554660894888,0.00288048526236268
"139",0,0.0745604044809705,0.0178739686102477,0.17390790334369,0.268904425558404,0.0582066562419421,0.0413717495618065,0.146199020663017,0.216104744376847,0.00287112716307606
"140",0,0.075263272689481,0.0178197582461595,0.174938682538697,0.268161888037077,0.0580369355904847,0.0412689592507611,0.145993872339693,0.215654756787447,0.00286187452019938
"141",0,0.07596445494394,0.0177658036988118,0.175966340747207,0.267424012299485,0.0578689842412489,0.0411667849858919,0.14578613235716,0.215204760997946,0.00285272572830917
"142",0,0.0766639571987552,0.0177121013760251,0.176990892559082,0.266690687608617,0.0577027565989735,0.0410652158804967,0.145575894537755,0.214754815061154,0.00284367917914055
"143",0,0.0773617853379497,0.0176586478291735,0.1780123523647,0.265961809704603,0.0575382081139389,0.0409642408027344,0.145363249710784,0.214304972872626,0.00283473326349075
"144",0,0.0780579451785968,0.0176054397401334,0.179030734362504,0.265237279979543,0.0573752953326404,0.0408638485271402,0.145148285826904,0.21385528467927,0.0028258863732682
"145",0,0.0788134178832737,0.0175507608790477,0.180045953476073,0.264489091076333,0.0572100840531551,0.0407610951886074,0.144921467475384,0.213391057954585,0.00281707201354103
"146",0,0.0795670228421622,0.0174964033500478,0.181058028292777,0.263745905535047,0.057046330823592,0.0406587956032117,0.144692412551608,0.212926756275927,0.00280834472562803
"147",0,0.0803187669256851,0.0174423117610055,0.182066974195843,0.263007533607243,0.0568840188047886,0.0405569734246154,0.144461212736892,0.212462505220383,0.00279970332354464
"148",0,0.0810686568566164,0.0173884773741808,0.183072806063064,0.262273792834575,0.0567231236477292,0.0404556410204975,0.144227952723971,0.211998402706111,0.00279114677325465
"149",0,0.0818166992391736,0.0173348938877283,0.184075538407707,0.261544529228372,0.0565636194393812,0.0403548032164154,0.14399271495711,0.211534527574174,0.00278267404993882
"150",0,0.0825629005758167,0.0172815570729214,0.185075185498427,0.260819606933744,0.0564054791355187,0.0402544608376005,0.143755579151756,0.211070946672848,0.00277428412136712
"151",0,0.0833072672782647,0.017228463138334,0.186071761384566,0.260098904469095,0.0562486751383261,0.0401546121526333,0.143516622330473,0.210607718167672,0.00276597594063557
"152",0,0.0840498056756204,0.0171756085749032,0.187065279912486,0.259382311547937,0.0560931796263531,0.0400552537437043,0.143275918886212,0.210144893588062,0.00275774844472187
"153",0,0.0847905220207068,0.0171229900643201,0.1880557547366,0.258669726945183,0.0559389647899893,0.0399563810465062,0.143033540675599,0.209682519165915,0.00274960055518053
"154",0,0.0855294224952078,0.0170706044494631,0.189043199328701,0.257961056943634,0.0557860029995024,0.0398579887103076,0.142789557120021,0.209220636773303,0.00274153117986032
"155",0,0.0862665132139545,0.0170184487153299,0.190027626986178,0.257256214177962,0.0556342669279516,0.0397600708472833,0.142544035307224,0.208759284609048,0.00273353921506841
"156",0,0.0870018002285772,0.0169665199748893,0.191009050839421,0.256555116747779,0.0554837296417137,0.0396626212103561,0.142297040089767,0.208298497719603,0.00272562354789392
"157",0,0.0877991763349246,0.0169130348384557,0.191987380859116,0.255828554594452,0.0553303016640512,0.0395625610084809,0.142038458167228,0.207822817179349,0.00271771535394295
"158",0,0.088594530153722,0.0168598571506133,0.192962634829545,0.255106466937316,0.0551779202372123,0.0394628442435346,0.141778442052092,0.207347432413897,0.0027098719820684
"159",0,0.0893878689310746,0.0168069295595689,0.193934827217492,0.254388674315078,0.0550265844567407,0.0393635006050181,0.141517062709428,0.206872459469592,0.00270209273600937
"160",0,0.0901791997575756,0.0167542435016705,0.194903971994376,0.253675004733074,0.0548762848571991,0.0392645477313923,0.141254384431204,0.206397985923923,0.00269437706958475
"161",0,0.0909685296012613,0.0167017929363385,0.195870082782205,0.252965315693095,0.054727009711558,0.0391659951357635,0.140990469822426,0.205924079880803,0.00268672443654993
"162",0,0.0917558653265123,0.0166495739729771,0.196833172977931,0.252259483308965,0.0545787455121843,0.0390678479425935,0.140725379281971,0.205450797403609,0.00267913427325724
"163",0,0.0925412137063377,0.0165975831668779,0.197793255779252,0.251557398335687,0.0544314776054404,0.0389701084135588,0.140459171024943,0.204978185976749,0.00267160599115457
"164",0,0.0933245814313574,0.0165458173582327,0.198750344201085,0.250858962828136,0.0542851905633417,0.0388727768708891,0.140191901133036,0.204506286638511,0.00266413897541132
"165",0,0.094105975116738,0.0164942735767495,0.199704451086533,0.250164087901283,0.0541398684544,0.0387758522727211,0.139923623636282,0.204035135369501,0.00265673258579293
"166",0,0.0948854013077673,0.0164429490108063,0.200655589116061,0.249472692102782,0.0539954950421711,0.0386793325989458,0.139654390603039,0.203564764059819,0.00264938615860812
"167",0,0.095662866484456,0.0163918409875434,0.201603770815522,0.248784700204734,0.0538520539351448,0.0385832151201964,0.13938425223072,0.20309520121256,0.00264209900912272
"168",0,0.0964383770654178,0.016340946958106,0.202549008563334,0.248100042279192,0.0537095287014854,0.0384874965912923,0.139113256933451,0.202626472473584,0.00263487043413783
"169",0,0.0972794013165408,0.0162883986335821,0.203491206667234,0.247387991935104,0.0535636207775125,0.0383889279988136,0.138830624587474,0.202142199729993,0.00262762835374594
"170",0,0.0981182288879887,0.0162361500549072,0.204430382465942,0.246680080109428,0.0534184900560351,0.0382906331996528,0.138547142859681,0.20165845877724,0.00262043358912599
"171",0,0.0989548675706051,0.0161841412786402,0.205366549830765,0.245976131809111,0.0532741465172313,0.0381926465939097,0.138262868272247,0.201175362271693,0.00261328585579813
"172",0,0.0997893249871175,0.0161323637629447,0.206299722138909,0.245275979829688,0.0531305906513918,0.0380949897230433,0.137977850763808,0.200692993122924,0.00260618502017296
"173",0,0.100621608629818,0.0160808115976963,0.207229912425712,0.24457948784951,0.0529878201687005,0.0379976754106172,0.137692138979505,0.200211413998105,0.00259913094033758
"174",0,0.101451725882053,0.01602948111914,0.20815713351458,0.243886538888127,0.0528458305230934,0.0379007117283564,0.137405779711724,0.199730675185157,0.00259212344776908
"175",0,0.102279684032098,0.0159783691218564,0.209081398043507,0.24319703108697,0.0527046156012412,0.0378041036156545,0.137118817913046,0.199250818246155,0.00258516233947226
"176",0,0.103105490283227,0.0159274726905026,0.210002718481844,0.242510874173827,0.0525641681310715,0.0377078538616942,0.136831296738065,0.198771878263143,0.00257824737662546
"177",0,0.103929151761428,0.0158767890999485,0.210921107141314,0.241827987096613,0.0524244799826284,0.0376119637186801,0.136543257618159,0.198293885295615,0.0025713782856138
"178",0,0.104750675521563,0.0158263157830055,0.211836576185135,0.241148296307371,0.052285542391501,0.0375164333142011,0.136254740344974,0.197816865392047,0.0025645547602017
"179",0,0.105570068552406,0.0157760503096145,0.212749137635965,0.240471734490905,0.0521473461299858,0.0374212619396578,0.13596578315477,0.197340841322494,0.00255777646420098
"180",0,0.106387337780859,0.0157259903714441,0.213658803382933,0.239798239594268,0.0520098816403777,0.0373264482585268,0.135676422809692,0.196865833127586,0.00255104303431332
"181",0,0.107276689663275,0.0156740969320793,0.214565467367648,0.239094129134216,0.0518684326737372,0.0372284185228087,0.135374713343732,0.196373776766057,0.00254427559644769
"182",0,0.10816363695401,0.0156225041544347,0.215469146981808,0.238394003357279,0.0517275789430217,0.0371306136007767,0.135072581969974,0.195882392654499,0.0025375413841973
"183",0,0.109048188238012,0.0155711467418197,0.216369855840041,0.237697682335706,0.0515873393126545,0.0370330734428155,0.134770075790894,0.19539179781917,0.00253084047888708
"184",0,0.109930351908943,0.0155200157914488,0.217267607041995,0.2370049946315,0.0514477218894887,0.0369358237743824,0.134467235041635,0.19490207679878,0.00252417312182765
"185",0,0.11081013621422,0.0154691052573681,0.218162413337592,0.23631580251545,0.0513087314561885,0.0368388806401225,0.134164098937583,0.1944132921031,0.00251753953837681
"186",0,0.111687549280583,0.0154184115370654,0.219054287268367,0.235629989229239,0.0511703700565687,0.0367422547836876,0.13386070505014,0.193925492876596,0.00251093991775249
"187",0,0.112562599130498,0.0153679315182587,0.219943241195828,0.234947454322423,0.0510326377663615,0.036645953434345,0.133557089312199,0.193438718915728,0.00250437440435896
"188",0,0.113435293693981,0.0153176623960137,0.22082928731923,0.234268109761232,0.0508955331530218,0.036549981391742,0.133253286054608,0.192953003133851,0.00249784309632084
"189",0,0.114305640817611,0.0152676015640478,0.221712437687068,0.233591877328917,0.0507590536162793,0.0364543417037295,0.132949328078681,0.192468373157001,0.00249134604666439
"190",0,0.11517364827167,0.0152177465797148,0.222592704206546,0.232918686744279,0.0506231956427572,0.0363590361227045,0.132645246738272,0.19198485242829,0.00248488326576575
"191",0,0.116039323755941,0.0151680951414654,0.223470098651731,0.232248474270668,0.05048795500252,0.0362640654252827,0.13234107202288,0.191502461005159,0.00247845472435319
"192",0,0.116902674904527,0.0151186450722107,0.22434463267076,0.231581181656591,0.0503533269034805,0.036169429643574,0.132036832637508,0.191021216154641,0.00247206035670725
"193",0,0.117839806864231,0.0150673207664619,0.22521619784892,0.230882361122561,0.0502144786567396,0.0360714616424247,0.131720205516948,0.190522548128686,0.00246561945302873
"194",0,0.118774311266565,0.0150162956688369,0.226084811493825,0.230187418634314,0.0500761124794557,0.0359736954908688,0.131403481456078,0.190024672188234,0.00245920132182201
"195",0,0.119706197601253,0.0149655031894242,0.226950487061214,0.229496174190119,0.0499382523125372,0.0358761734022961,0.131086700493681,0.189527705415851,0.00245280633362473
"196",0,0.120635475147724,0.0149149344318961,0.22781323749222,0.228808456828553,0.0498009108257926,0.0357789229234728,0.130769895778639,0.189031731555367,0.00244643501633521
"197",0,0.121562153025544,0.0148645833994776,0.228673075381095,0.228124130263763,0.0496640970964976,0.0356819615887984,0.130453099605301,0.188536811765353,0.00244008787417039
"198",0,0.12248624022301,0.0148144465815726,0.229530013119021,0.227443079745186,0.0495278172193247,0.0355853014333933,0.130136342772468,0.188042993538932,0.00243376536709399
"199",0,0.123407745615456,0.014764520964156,0.230384062922833,0.22676520722458,0.0493920751097833,0.0354889508333925,0.129819654588022,0.187550314839692,0.00242746790208444
"200",0,0.124326677978446,0.0147148038439914,0.231235236853,0.226090427338716,0.049256872985779,0.0353929156249782,0.129503062904109,0.18705880663915,0.00242119583182959
"201",0,0.125243045997785,0.0146652927178914,0.232083546825194,0.225418664725261,0.0491222117256743,0.0352971998043039,0.129186594188694,0.186568494559054,0.00241494945614279
"202",0,0.126156858277428,0.0146159852468906,0.23292900461979,0.224749852080868,0.0489880911371618,0.0352018059992924,0.128870273606551,0.18607940000734,0.00240872902467791
"203",0,0.1270681233459,0.0145668792331228,0.233771621890029,0.224083928725824,0.0488545101657748,0.0351067358005759,0.128554125101052,0.185591540997513,0.00240253474020811
"204",0,0.1279768496616,0.0145179726027372,0.234611410169189,0.223420839511341,0.0487214670595206,0.0350119900012826,0.128238171472451,0.185104932759778,0.00239636676210108
"205",0,0.128965728247685,0.0144670268619104,0.235448251505468,0.222723254328304,0.0485837105181939,0.0349135807122958,0.127908956941398,0.184599353487252,0.00239013739749379
"206",0,0.129951719351476,0.0144163873080162,0.236282163610166,0.222029567479255,0.0484463571996431,0.0348153536079185,0.127579890630128,0.184094638462811,0.00238392235058667
"207",0,0.130934833655609,0.0143659820641592,0.237113160036887,0.221339589471661,0.0483094364810629,0.0347173553806063,0.127251008456646,0.183590912205132,0.00237772224823696
"208",0,0.131915081599399,0.0143158017731784,0.23794125379797,0.220653140764974,0.0481729653343887,0.0346196167584978,0.126922339009961,0.183088263076318,0.00237153788531309
"209",0,0.132892473438599,0.0142658401895417,0.238766457544483,0.219970079410971,0.0480369567194114,0.0345221575474643,0.12659391014629,0.182586754976181,0.00236537002705811
"210",0,0.133867019279189,0.014216093742766,0.239588783720961,0.219290286725443,0.0479014202489551,0.0344249915508662,0.126265748289638,0.182086437055566,0.00235921938661571
"211",0,0.134838729098958,0.014166559391296,0.240408244596001,0.218613662008381,0.0477663630689557,0.0343281285722122,0.125937878433965,0.181587348214757,0.00235308661547458
"212",0,0.135807612762981,0.0141172344231257,0.241224852281323,0.217940118172354,0.0476317903864722,0.0342315756335444,0.125610324177554,0.181089519860609,0.00234697230203736
"213",0,0.136773680035348,0.0140681163367283,0.242038618743951,0.217269578825236,0.0474977058629374,0.0341353377373146,0.125283107796503,0.180592977688812,0.00234087697317043
"214",0,0.137736940588385,0.0140192028025984,0.242849555816154,0.216601976162552,0.0473641119099678,0.0340394183799525,0.124956250328284,0.180097742914925,0.00233480109718067
"215",0,0.138697404010113,0.0139704916384464,0.243657675203971,0.215937249411686,0.0472310099192249,0.0339438199121292,0.124629771656073,0.179603833160942,0.00232874508741445
"216",0,0.139655079810387,0.0139219807908955,0.244462988494664,0.215275343649144,0.0470984004443326,0.0338485437998468,0.124303690589273,0.179111263115381,0.00232270930607708
"217",0,0.140696196257575,0.0138713530801063,0.245265373238837,0.214577424172242,0.0469608035381685,0.0337494273642936,0.123963917875114,0.178598902293348,0.00231660218031431
"218",0,0.141734140111857,0.0138210372745977,0.246064847478571,0.213883450253315,0.0468235639994461,0.0336504871641088,0.123624489158633,0.17808748145055,0.00231050310892129
"219",0,0.142768923436873,0.0137709587533078,0.246861424939507,0.213193225847622,0.0466867147353737,0.0335517724878901,0.123285437386973,0.177577129481883,0.00230441293057115
"220",0,0.14380055802043,0.0137211079197706,0.247655118792183,0.212506565723346,0.0465502755616467,0.0334533159282195,0.122946787909502,0.177067937489985,0.00229833265491655
"221",0,0.144829055442688,0.0136714783879334,0.248445941837738,0.211823324025062,0.046414262010399,0.0333551386295688,0.122608565401594,0.176559971009292,0.00229226325572343
"222",0,0.145854427114722,0.0136220665396938,0.249233906668022,0.211143379250746,0.046278686029495,0.0332572554396371,0.122270793137381,0.176053280172825,0.00228620564747791
"223",0,0.146876684303133,0.0135728693030355,0.250019025697184,0.210466628692038,0.0461435569100491,0.0331596770043792,0.12193349299381,0.175547904420864,0.00228016067550685
"224",0,0.147895838147684,0.0135238839462999,0.250801311181363,0.209792983848245,0.0460088818438465,0.0330624110438474,0.121596685486906,0.175043875387193,0.00227412911461489
"225",0,0.148911899674656,0.0134751079549566,0.251580775231244,0.20912236736587,0.0458746663391941,0.0329654631502441,0.121260389848132,0.174541218764861,0.00226811167084279
"226",0,0.149924879807329,0.0134265389916514,0.252357429822309,0.208454710828138,0.0457409145342405,0.0328688373261256,0.120924624110782,0.174039955594705,0.0022621089847182
"227",0,0.150934789374447,0.0133781748703675,0.253131286803592,0.207789953123516,0.0456076294408529,0.0327725363621169,0.120589405196863,0.17354010319309,0.00225612163515468
"228",0,0.151941639117188,0.0133300135373399,0.253902357905324,0.207128039205672,0.0454748131379718,0.0326765621107824,0.120254748999759,0.173041675842386,0.00225015014357768
