"","Alive","Death","ODN","ODF","REL","BUP","BUPC","MET","METC","ABS"
"0",0,1.11022302462516e-16,0,0,0,0.25,0.25,0.25,0.25,0
"1",0,0.000324118630494863,0.0431977186191462,0.00209425602817374,0.304926870935495,0.183578649368212,0.139342227897469,0.176828883556278,0.143273442826083,0.00643383213864818
"2",0,0.000722570771877096,0.0371746191409905,0.00389650792294339,0.348111122797591,0.159770023144313,0.109285875805665,0.184821417729038,0.148089819994716,0.00812804269286605
"3",0,0.0011281090095876,0.0284449231487951,0.00527553796618507,0.398739008216101,0.140576407629391,0.0872274515605794,0.185859071779907,0.143216833821047,0.00953265686840695
"4",0,0.00154197288845725,0.0272970461168764,0.00659891811701247,0.430959498239038,0.125272751769993,0.0717541350125918,0.186751542789285,0.139317982419019,0.0105061526477262
"5",0,0.00196189239954025,0.0264417597240725,0.00788083337707244,0.453299708783659,0.113207082517521,0.0609594280225544,0.188256380717278,0.136772486557306,0.011220427900996
"6",0,0.00238582821557975,0.025963383574712,0.00913955662221688,0.469654613672724,0.103450370354475,0.0531425055020174,0.189803742161807,0.134682678236622,0.0117773216598455
"7",0,0.00281258821592223,0.0257276709104684,0.0103868523502658,0.48168023915925,0.0954702858717615,0.0473980417928938,0.191355527243327,0.132943589863858,0.012225204592253
"8",0,0.00324130079009133,0.0255883417515869,0.0116273933019002,0.490639332790408,0.088881805762663,0.0431218966582845,0.192859302627899,0.131443599413501,0.0125970269036664
"9",0,0.00367133131121067,0.0255069213659808,0.0128639869355089,0.497357574083777,0.0833982827534337,0.0399030480923512,0.194278449149302,0.130106022023895,0.0129143842845403
"10",0,0.0041022127672925,0.0254605151099925,0.0140983307609228,0.502391227443946,0.0788060890355517,0.0374602427543396,0.195599877906906,0.128889833467883,0.0131916707531665
"11",0,0.00453359184210822,0.026860637094421,0.015400553492904,0.505169297532154,0.0748865604011823,0.0355100133809869,0.19667845056871,0.127525084143436,0.0134358115440983
"12",0,0.00496527583113193,0.0269426814954938,0.0167067537956231,0.50693657895697,0.0717515908099093,0.0342027790558104,0.198107934556478,0.126732100354712,0.0136543051438712
"13",0,0.00541989621816052,0.0269507353373093,0.018013344554304,0.508440313675524,0.0690634122275074,0.0331495514880524,0.199289945465484,0.12580983242806,0.0138629686055992
"14",0,0.00587421922572984,0.0269730027050184,0.0193210148507602,0.509389880969711,0.0667714004249666,0.032333455399036,0.200350816020332,0.124927852446146,0.0140583579583008
"15",0,0.00632812265593297,0.0269769620620852,0.0206288770996544,0.509916395991628,0.0648146216519101,0.0317034126399841,0.201303538997768,0.12408531676724,0.0142427521337969
"16",0,0.00678150695816482,0.0269780458527277,0.0219367918914875,0.510095458923648,0.0631402023846355,0.0312176048216625,0.202154918868647,0.123277676763461,0.0144177935355659
"17",0,0.00723429336198012,0.0269776091736773,0.0232446855128105,0.509985161135594,0.0617060030770523,0.0308457646491679,0.202915682703044,0.122506126495459,0.0145846738912149
"18",0,0.00768641663588321,0.0269752878144134,0.0245524665929905,0.509637645078137,0.0604764902619953,0.0305637727652703,0.203594000106266,0.121769538339417,0.0147443824056271
"19",0,0.00813782336032842,0.0269711219662499,0.0258600457098977,0.509095735785664,0.0594216987611821,0.0303526351662499,0.204196846681595,0.121066402195742,0.0148976903730909
"20",0,0.00858846990932782,0.0269649825606152,0.0271673271840665,0.508394722281721,0.0585163254853108,0.0301974049796212,0.204730411230058,0.120395159489296,0.015045196879984
"21",0,0.00903832070466304,0.0269567540234968,0.0284742097329214,0.507563833956272,0.0577389104592089,0.0300862506894433,0.205200169733427,0.119754180975518,0.0151873697250501
"22",0,0.00948734684528563,0.0269463694389989,0.0297805888297565,0.506627288951811,0.057071200844306,0.0300097789662747,0.205611015418902,0.119141835500436,0.0153245752042298
"23",0,0.00993552498044936,0.0304443949432605,0.0312565546833275,0.503242735306525,0.056362894616257,0.0297506239375451,0.205597129944035,0.117961304599155,0.015448836989446
"24",0,0.010383046003993,0.0306838269498992,0.0327441283703505,0.49977471097986,0.0561833863596534,0.0300185864348694,0.206634249698459,0.11801634804269,0.0155617171602251
"25",0,0.010858492107898,0.030693009186558,0.0342321472187174,0.497605284525135,0.0559515021114896,0.0301134160914432,0.207251247488687,0.117604131899826,0.0156907693702465
"26",0,0.0113326612753296,0.0307368322432092,0.0357222906399437,0.495552542388236,0.0557320331913328,0.0301809453710163,0.20775330669514,0.117171220503196,0.0158181676925956
"27",0,0.0118055909850801,0.0307211667811524,0.0372116745884619,0.493644388561987,0.0555328142125648,0.0302367227461447,0.208168738883024,0.116736009642276,0.0159428935993091
"28",0,0.0122773036400382,0.0306916013023281,0.0386996251816031,0.491844504708256,0.0553495752519138,0.0302809637340432,0.208499327935718,0.116292776879864,0.0160643213662358
"29",0,0.012747824313892,0.0306563981462444,0.0401858691007764,0.49011359474811,0.0551831876447651,0.0303191732141689,0.20875980472277,0.115852321673685,0.0161818264355885
"30",0,0.0132171706541824,0.0306164548475774,0.0416701765405084,0.488436084407163,0.0550332091594603,0.0303536804019626,0.20895950019179,0.11541852315874,0.016295200638616
"31",0,0.0136853568087442,0.0305734355431745,0.04315239837386,0.486802048043587,0.0548984746312858,0.030385486846128,0.209105284862815,0.114993141016869,0.0164043738735371
"32",0,0.0141523949487314,0.0305280646155056,0.0446324205924677,0.485204780019481,0.0547776433499759,0.030415113806972,0.209202934983098,0.114577303704979,0.0165093439787889
"33",0,0.0146182958035268,0.0304807079258421,0.046110146925182,0.483639939144073,0.0546692660094569,0.0304427434321173,0.209257234417483,0.114171512147745,0.016610154194574
"34",0,0.0150830691394198,0.0304316199928549,0.0475854934400992,0.482104529094847,0.054571884886383,0.030468387881541,0.209272242371988,0.113775900225942,0.016706872966925
"35",0,0.0155467240541726,0.0303809765462892,0.0490583847248179,0.480596396267136,0.0544840977466885,0.0304919841780754,0.209251471855449,0.113390381294895,0.0167995833324754
"36",0,0.0160092691594514,0.0303289105955433,0.0505287518153268,0.479113933454767,0.0544045897351795,0.0305134415918931,0.209198000942849,0.113014725800419,0.0168883769045708
"37",0,0,0,0,0,0,0,0,0,0
