"","Alive","Death","ODN","ODF","REL","BUP","BUPC","MET","METC","ABS"
"0",0,1.11022302462516e-16,0,0,0,1,0,0,0,0
"1",0,0.000319375477129347,0.00158217659513785,8.63434250146479e-05,0.21586817116186,0.776770829818529,0,0,0,0.00537310352232999
"2",0,0.00157975627829288,0.0361640098919516,0.00205990597544705,0.267239724886701,0.646699154425888,0.0065270771455308,0.0160463963034443,0.0159658908088851,0.00771808428385943
"3",0,0.00297201644745992,0.0353511312674936,0.00398910765948022,0.310264177426274,0.552274971168749,0.0147958615093798,0.0365524558717799,0.0343924801574099,0.00940779849197373
"4",0,0.00445226179201719,0.0345286292363161,0.00587342330318667,0.343675312005606,0.477858374604286,0.0212827501212105,0.0536696825286786,0.0479009255342629,0.0107586408744357
"5",0,0.00599993565043688,0.0352317464382618,0.00779610985162604,0.367473730299696,0.417582813688822,0.0265056317405813,0.0686959754392509,0.058875936315487,0.0118381205758379
"6",0,0.00759227863869238,0.0355732231560922,0.0097374316582729,0.384993171431612,0.368017671012875,0.0308522249435036,0.0822871886114933,0.0682239160950147,0.0127228944524446
"7",0,0.00921624895966633,0.0358027240633694,0.0116912779166397,0.398104373134304,0.32671419361239,0.034430899000636,0.0944930939445253,0.0760801952106865,0.0134669941577829
"8",0,0.0108646764058627,0.0360285323897468,0.0136574471131389,0.407802423368719,0.291964028547397,0.0373786059222056,0.105486760300089,0.0827144769277676,0.0141030490250736
"9",0,0.0125326220821402,0.0362138067280042,0.0156337272043268,0.414881064373274,0.262509735339333,0.0398122261952648,0.115420983568385,0.0883411855095817,0.0146546489996893
"10",0,0.0142167615282934,0.0363572649500953,0.0176178361777519,0.419929388776842,0.237389224933765,0.0418221804014797,0.124411589314877,0.0931165297828326,0.0151392241340632
"11",0,0.0159148611586095,0.036465235731997,0.0196078373930036,0.423379833354049,0.21585264885806,0.0434823216331466,0.132558380146068,0.097169242103426,0.0155696396216399
"12",0,0.0176253574004258,0.0365405860686857,0.0216019506689227,0.425562719733633,0.19730569508995,0.0448532907521381,0.139948377699352,0.100606416613,0.0159556059738918
"13",0,0.019369364780511,0.0365853055324448,0.0235985044004001,0.426722798935965,0.181267128878611,0.0459836517929412,0.14665409196854,0.103514690573622,0.0163044631369649
"14",0,0.0211237060600378,0.0366037195087678,0.0255960630296801,0.427073273959586,0.167351808580431,0.0469148067165364,0.152744040008089,0.105970498875229,0.0166220832616426
"15",0,0.0228876884461806,0.0365985184186779,0.0275933378221662,0.426773913240189,0.155240366463457,0.0476800770984827,0.158276356945981,0.108036732131656,0.0169130094332095
"16",0,0.0246607316118446,0.0365722880409495,0.0295891811558257,0.425952654972993,0.144668368920643,0.0483068441292582,0.163302401782507,0.109766685357178,0.0171808440288017
"17",0,0.0264423232288133,0.0365273592227118,0.0315825726089172,0.424712764209662,0.135415343222974,0.0488176582095624,0.167867766749979,0.111205741743541,0.0174284708038392
"18",0,0.0282319901536238,0.0364658145964644,0.033572605414284,0.423138125140038,0.127296352264736,0.0492311251469752,0.172013079800731,0.112392687671777,0.0176582198113711
"19",0,0.0300292801137531,0.0363895197150683,0.035558474612762,0.421297217860358,0.120155440552314,0.0495626244668898,0.175774672491636,0.113360779287888,0.0178719908993318
"20",0,0.0318337503980975,0.0363001439732018,0.0375394663483262,0.419246164804655,0.113860474486588,0.0498248940236559,0.17918514217794,0.114138616515611,0.0180713472719235
"21",0,0.0336449612536464,0.0361991806430836,0.0395149482566371,0.417031096285083,0.108299035527572,0.0500285053139231,0.182273824882989,0.114750860769106,0.0182575870679599
"22",0,0.0354624724391417,0.0360879660848819,0.0414843609019491,0.414690006311745,0.103375120456474,0.0501822506462505,0.185067195790401,0.115218828852019,0.0184317985171376
"23",0,0.0372858418604712,0.0359676968243796,0.0434472101459899,0.412254223965861,0.0990064678981356,0.050293459005701,0.187589210309239,0.115560987267749,0.0185949027224732
"24",0,0.0391146255469539,0.0358394446683684,0.0454030603417263,0.40974959087387,0.0951223760205579,0.0503682540661569,0.189861595860264,0.115793365586537,0.0187476870355659
"25",0,0.040975825805989,0.0357028862803794,0.0473514581968266,0.407182915556624,0.0916596697158034,0.0504104358873487,0.191899328597915,0.115926814701926,0.0188906652571889
"26",0,0.042841390544073,0.0355603686218091,0.0492920784986475,0.404586637507771,0.0885679863000797,0.0504255680553059,0.193724929914128,0.115976475114508,0.0190245654436783
"27",0,0.0447108723470596,0.03541245233573,0.0512246266302728,0.401975228778324,0.0858017381725124,0.0504173119211105,0.19535487847983,0.115952977879362,0.0191499134557987
"28",0,0.0465838287509662,0.0352598500864849,0.0531488468667028,0.399360416590678,0.0833213417954922,0.0503887443542991,0.196804207120526,0.115865588294148,0.0192671761407022
"29",0,0.0484598229740802,0.0351031891297973,0.0550645177138876,0.396751748240333,0.0810923729738755,0.0503424727989983,0.198086684027241,0.115722419994328,0.0193767721474592
"30",0,0.0503384251080166,0.0349430218637082,0.0569714478235517,0.394156964766139,0.0790848386296799,0.05028071287132,0.199214931248316,0.115530577072996,0.0194790806162733
"31",0,0.0522192133732214,0.0347798460893884,0.0588694730137034,0.391582286508172,0.0772725610999371,0.0502053532135493,0.200200534288543,0.115296284677949,0.0195744477355366
"32",0,0.0541017752316783,0.0346141083108151,0.0607584534692154,0.389032657336979,0.0756326567799637,0.0501180101820997,0.201054142077659,0.115025004644365,0.0196631919672253
"33",0,0.0559857083396811,0.0344462080713829,0.0626382711790654,0.386511952799993,0.0741450918106751,0.0500200724177044,0.201785553980805,0.114721533116053,0.0197456082846411
"34",0,0.0578706213514987,0.034276502951309,0.064508827646299,0.384023154421678,0.072792302625076,0.0499127376095459,0.20240379705682,0.114390084760741,0.019821971577033
"35",0,0.0597561345725439,0.034105312777797,0.0663700418277503,0.381568496674577,0.0715588710910756,0.0497970429373006,0.202917195032458,0.114034365690624,0.0198925393958744
"36",0,0.0616418804693231,0.0339329233773051,0.0682218482785345,0.379149591140615,0.0704312456699664,0.0496738902883851,0.203333429975251,0.113657636621468,0.0199575541791511
"37",0,0.0635604611551203,0.0337580471750266,0.0700641112875155,0.376750561680374,0.0693952812163924,0.0495424023925163,0.203653195421774,0.113258918169433,0.0200170215018479
"38",0,0.0654783788790209,0.0335827086334592,0.0718968056236551,0.374389501195556,0.0684426414978773,0.0494048550779914,0.203889250912468,0.112844512744795,0.0200713454351766
"39",0,0.067395300716415,0.0334068452486426,0.0737199026449145,0.37206680894188,0.0675640986505906,0.0492618954953043,0.204047728414292,0.112416682319604,0.0201207375683575
"40",0,0.0693109085147349,0.033230664981055,0.07553338505819,0.36978242052293,0.0667514855502298,0.0491140751337234,0.204134267368175,0.111977394677224,0.0201653981937387
"41",0,0.0712248978082102,0.0330543364199381,0.0773372447707243,0.367536043229587,0.0659975852828042,0.0489618834439484,0.204154096614225,0.111528394470444,0.0202055179601183
"42",0,0.0731369773986866,0.0328779971772106,0.0791314811995946,0.365327220413064,0.0652960141587405,0.0488057548508076,0.204112058945754,0.11107121666475,0.0202412791913916
"43",0,0.0750468691207544,0.0327017727411334,0.0809161006100935,0.36315535440724,0.0646411201967722,0.0486460759452093,0.204012640576068,0.110607209917668,0.0202728564850603
"44",0,0.076954307570419,0.0325257749002218,0.0826911153680991,0.36101973299111,0.0640278959915626,0.0484831929766047,0.203860001765775,0.110137561248183,0.0203004171880244
"45",0,0.0788590397959766,0.0323501021384974,0.0844565432140142,0.358919555798705,0.0634519020007838,0.0483174173898926,0.203658002625209,0.109663315179883,0.0203241218570384
"46",0,0.080760824972133,0.0321748413629685,0.0862124066309797,0.356853955665622,0.0629091993470522,0.0481490303806558,0.203410226489004,0.109185390504681,0.0203441246469032
"47",0,0.0826594340550256,0.032000069106301,0.0879587322787199,0.35482201672814,0.0623962909954502,0.0479782867491,0.203120001326923,0.108704595112978,0.0203605736473616
"48",0,0.0845546494213235,0.0318258525692742,0.0896955504842774,0.352822789765754,0.0619100701757568,0.0478054181396903,0.202790419274475,0.108221638987046,0.0203736111824032
"49",0,0.0864784983337258,0.0316507521581042,0.0914228130123787,0.350838988869942,0.0614457154906866,0.0476289757489304,0.202417777868285,0.107733340787098,0.0203831377308491
"50",0,0.0883983585090152,0.0314765693867823,0.0931405699409782,0.348886369115071,0.0610027527431715,0.0474507378652552,0.202011167752825,0.107243989199748,0.0203894854871533
"51",0,0.0903140407333196,0.0313030853137515,0.0948488593998294,0.34696404253091,0.0605790358593946,0.0472709198366334,0.201573134010062,0.10675409634688,0.0203927859692201
"52",0,0.0922253674370485,0.0311303662825965,0.0965477231392249,0.345070951678218,0.0601726322488696,0.0470896978484512,0.201106009528151,0.106264087699391,0.0203931641380498
"53",0,0.0941321712440374,0.0309584532602377,0.0982372051451269,0.343206061218165,0.0597818190014508,0.0469072334063112,0.200611971144808,0.105774346098434,0.0203907394814292
"54",0,0.0960342942769103,0.0307873697867161,0.0999173506881382,0.341368380300263,0.0594050586434932,0.0467236731898352,0.200093042611163,0.10528520368624,0.0203856268172407
"55",0,0.0979315877093448,0.0306171391587445,0.101588206310222,0.339556950801607,0.0590409780792509,0.0465391503169701,0.199551104648875,0.104796946491759,0.0203779364832265
"56",0,0.0998239113395235,0.0304477816973519,0.103249819662314,0.337770844385802,0.0586883512668361,0.0463537868264853,0.198987907862166,0.104309822473924,0.0203677744855981
"57",0,0.101711133176193,0.0302793140959486,0.104902239306349,0.336009163833958,0.0583460832206093,0.046167695029221,0.198405082513462,0.10382404613116,0.0203552426930996
"58",0,0.103593129051186,0.030111750172238,0.106545514558332,0.334271043108743,0.0580131956936028,0.0459809785532587,0.197804147345642,0.103339802508798,0.0203404390081994
"59",0,0.105469782249972,0.0299451011953136,0.108179695349249,0.332555647388318,0.0576888144749576,0.0457937332467107,0.197186517753158,0.102857250816396,0.0203234575259235
"60",0,0.107340983157874,0.0297793761387061,0.109804832099797,0.330862173086819,0.0573721580906647,0.0456060479315822,0.196553513251295,0.102376527557571,0.0203043886856908
"61",0,0.10924122967056,0.0296129894641076,0.111420888703789,0.329172490721898,0.0570603468426774,0.0454162062688722,0.19589914250312,0.101893654256807,0.0202830515681692
"62",0,0.111135618850952,0.0294478087459324,0.113027930973352,0.327503646230786,0.0567548460932532,0.0452260046887358,0.195231624780205,0.101412760013747,0.0202597596230356
"63",0,0.11302405644012,0.029283554321223,0.114626009458691,0.325855030080444,0.0564551412124454,0.0450355555542439,0.194552092230699,0.10093396213283,0.020234598569303
"64",0,0.114906455899659,0.0291202584175825,0.116215176468754,0.324225871271552,0.0561607482999557,0.0448449398026066,0.193861564118419,0.100457336613838,0.0202076491076344
"65",0,0.116782736970874,0.0289579299449991,0.117795484798727,0.322615439784999,0.0558712328122649,0.0446542318320127,0.193160997489814,0.0999829583188573,0.0201789880474517
"66",0,0.118652825068318,0.028796563320058,0.119366986939099,0.32102306394406,0.0555862036490713,0.044463498329993,0.192451282415649,0.0995108872436959,0.0201486890900573
"67",0,0.120516650944135,0.0286361562815086,0.120929735256953,0.319448112797673,0.0553053083048714,0.0442727987994707,0.191733245607661,0.0990411690463015,0.0201168229614265
"68",0,0.122374150379758,0.0284767065925651,0.122483781997308,0.31788998897239,0.0550282298782496,0.0440821874600666,0.191007657554092,0.0985738396573739,0.0200834575081973
"69",0,0.12422526389411,0.0283182110141603,0.124029179228416,0.316348126785908,0.0547546836651035,0.0438917140385563,0.190275236840187,0.0981089266883552,0.0200486578452041
"70",0,0.126069936481518,0.0281606658005168,0.125565978814114,0.314821989644568,0.0544844139402616,0.0437014243139759,0.189536653930238,0.0976464505933166,0.0200124864814903
"71",0,0.127908117369053,0.028004066773561,0.127094232390231,0.313311067937736,0.0542171910556837,0.0435113605802097,0.18879253469308,0.0971864257650092,0.0199750034354363
"72",0,0.129739759789673,0.0278484093464102,0.128613991342278,0.311814877362105,0.0539528088017273,0.0433215620095893,0.188043463581551,0.0967288614223783,0.0199362663442888
"73",0,0.131598554247842,0.027692153201545,0.130125222996696,0.310316102003058,0.0536889634563683,0.0431303035433995,0.187282872084387,0.0962697695186748,0.0198960589480292
"74",0,0.133450526701771,0.0275370898791607,0.13162799244886,0.308831570595838,0.053427517253396,0.042939304159164,0.186518247935249,0.0958130815830487,0.0198546694435116
"75",0,0.135295637259687,0.0273829392974568,0.133122349509366,0.307360966163635,0.053168364639113,0.0427486352188381,0.185750126170008,0.0953588275482875,0.0198121541936095
"76",0,0.137133851102697,0.0272297252216756,0.134608345285736,0.305903804634189,0.0529113881062602,0.04255834025342,0.18497897118656,0.0949070085240138,0.0197685656854484
"77",0,0.138965137187882,0.0270774493993199,0.136086030980862,0.304459633439737,0.0526564806762297,0.0423684587394562,0.184205222400691,0.0944576335527377,0.0197239536230854
"78",0,0.140789467766089,0.0269261005931117,0.137555457184386,0.303028047417029,0.0524035442001145,0.0421790247917422,0.183429287110762,0.094010705287527,0.0196783656492385
"79",0,0.142606818158229,0.0267756715624828,0.139016674090816,0.301608671455498,0.0521524882862347,0.0419900675551741,0.182651541772007,0.093566219680242,0.0196318474393162
"80",0,0.144417166554578,0.0266261557926642,0.140469731539129,0.300201153523337,0.0519032305879359,0.0418016128995813,0.181872336739526,0.0931241696003462,0.0195844427629028
"81",0,0.146220493826669,0.026477546431286,0.141914678994354,0.298805162833927,0.0516556963373187,0.0416136840544512,0.181091998460068,0.0926845454668343,0.0195361935950922
"82",0,0.148016783364358,0.026329836692024,0.143351565551172,0.297420387412991,0.0514098177480018,0.0414263020159075,0.180310831287098,0.0922473357206623,0.0194871402077857
"83",0,0.149806020928137,0.0261830198614152,0.144780439937893,0.296046532208288,0.0511655334466643,0.0412394858825031,0.179529119180475,0.0918125273034405,0.019437321251184
"84",0,0.151588194513185,0.0260370892636746,0.146201350518511,0.294683317661233,0.0509227879139905,0.0410532531039329,0.178747127196066,0.0913801059988447,0.0193867738305621
"85",0,0.153399874041482,0.0258903925429584,0.147614255483736,0.293312219331653,0.0506792370937903,0.0408657063698446,0.177957354733214,0.0909457302455809,0.0193352301577407
"86",0,0.155204251807829,0.0257448496383413,0.149019217800264,0.291951686943586,0.0504370315532151,0.0406786915950958,0.177167638460859,0.0905136436084425,0.0192829885923671
"87",0,0.157001317557181,0.0256001587377852,0.150416283964137,0.290601588475935,0.050196177638687,0.0404922654358545,0.176378256486468,0.0900838639968748,0.0192300877070774
"88",0,0.158791064806756,0.0254563453345322,0.151805501862628,0.289261600443154,0.0499566564294879,0.0403064559306257,0.175589430773009,0.0896563816734596,0.0191765627463469
"89",0,0.160573489529856,0.0253134110759697,0.153186919472912,0.287931424406278,0.049718449103408,0.0401212878507775,0.17480137423873,0.0892311975239836,0.0191224467980837
"90",0,0.162348589718737,0.0251713440135243,0.154560584120101,0.286610803840265,0.0494815362716224,0.0399367812286426,0.174014281868217,0.088808307406702,0.0190677715321891
"91",0,0.164116365220743,0.0250301366475777,0.155926542720031,0.285299505742135,0.0492458979102315,0.0397529517557247,0.173228331059077,0.0883877016770222,0.0190125672674575
"92",0,0.165876817595163,0.0248897824027295,0.157284841829704,0.283997313521026,0.0490115146030112,0.039569812541839,0.172443685662491,0.0879693688367612,0.0189568630072756
"93",0,0.167629949979952,0.0247502744755879,0.158635527634842,0.282704025364664,0.0487783678774324,0.0393873747424254,0.171660497372597,0.0875532960231333,0.0189006865293663
"94",0,0.169375766981942,0.0246116062451241,0.159978645959842,0.281419451980866,0.048546440310911,0.03920564794327,0.170878906776857,0.0871394693458727,0.0188440644553142
"95",0,0.171114274580099,0.0244737712623716,0.161314242277164,0.280143414919724,0.048315715588208,0.0390246404706333,0.170099044342783,0.0867278742482959,0.0187870223107214
"96",0,0.17284548003821,0.0243367631974231,0.162642361713827,0.278875745384353,0.0480861784985795,0.0388443596105916,0.169321031237079,0.0863184957385707,0.0187295845813668
"97",0,0.174607497964651,0.0241988816269277,0.163962956600399,0.277597250131163,0.0478554286428693,0.0386628181593282,0.168536899077411,0.0859068165492673,0.0186714512479842
"98",0,0.176361999752982,0.0240621041003218,0.16527608718738,0.276327271043834,0.0476257374204981,0.0384819303160523,0.167754688561257,0.0854972537784109,0.018612927839264
"99",0,0.178108991716723,0.0239261199929005,0.166581796773684,0.275065774303399,0.0473971417594253,0.0383017457893333,0.166974560797843,0.0850898269587565,0.0185540419079352
"100",0,0.179848483231231,0.0237909566529011,0.167880130150691,0.273812521786918,0.0471696493551794,0.0381222853214341,0.166196627277981,0.0846845282034043,0.0184948180202596
"101",0,0.181580485411801,0.023656616456111,0.169171132239431,0.272567297115294,0.0469432650662645,0.037943566686765,0.165420997309965,0.084281360739396,0.0184352789749726
"102",0,0.183305010702681,0.0235230879263743,0.170454847334652,0.271329922692835,0.0467179905235794,0.0377656031559454,0.164647768379242,0.0838803227421388,0.0183754465425512
"103",0,0.18502207274539,0.0233903641624176,0.171731319354482,0.270100240838827,0.0464938243709568,0.0375884039282504,0.163877026174577,0.0834814069107649,0.0183153415143353
"104",0,0.186731686266253,0.0232584392146086,0.173000591892361,0.268878106675065,0.046270763789869,0.0374119759247992,0.163108848339566,0.083084604174664,0.0182549837228126
"105",0,0.188433866972235,0.0231273069058614,0.174262708204633,0.267663386610275,0.0460488050661416,0.0372363244188415,0.162343305534167,0.0826899041701704,0.0181943921176761
"106",0,0.190128631469165,0.0229969612476859,0.17551771122083,0.266455956198453,0.0458279438959883,0.0370614534150671,0.161580462169189,0.0822972955617061,0.0181335848219163
"107",0,0.191815997191767,0.0228673964264781,0.176765643553224,0.265255698594408,0.0456081756200477,0.0368873659511792,0.160820377095542,0.0819067663883693,0.0180725791789854
"108",0,0.193495982341852,0.0227386067465814,0.17800654750326,0.264062503507216,0.045389495376781,0.036714064306176,0.160063104141854,0.0815183042797999,0.0180113917964804
"109",0,0.195208021810644,0.0226088550734552,0.179240370572506,0.262856548174181,0.0451694340528352,0.0365394892521686,0.159300337749168,0.0811272457109588,0.0179496976040835
"110",0,0.196912475409243,0.0224801635767905,0.180467170617503,0.261657930045654,0.044950346037749,0.0363656152622395,0.158540330464107,0.080738157340444,0.0178878112462697
"111",0,0.198609358912599,0.0223522150653554,0.181686988184858,0.26046666788019,0.0447322768661271,0.0361924890895535,0.157783188716199,0.0803510618844805,0.0178257534006371
"112",0,0.200298690780833,0.0222250385688568,0.1828998654054,0.259282567082975,0.0445152413176917,0.036020128114435,0.15702897212535,0.0799659546599498,0.0177635419445089
"113",0,0.201980490822857,0.0220986371450776,0.184105844576831,0.258105453626453,0.0442992504262795,0.0358485468227336,0.156277741206437,0.079582842153002,0.0177011932203284
"114",0,0.203654779796961,0.0219729998120937,0.185304967397541,0.256935191024496,0.0440843111604111,0.0356777552314089,0.1555295472997,0.0792017255000382,0.01763872277735
"115",0,0.205321579295793,0.0218481202273166,0.186497275219788,0.255771661010908,0.0438704267883358,0.0355077593678728,0.15478443251746,0.0788226001632144,0.0175761454093113
"116",0,0.206980911649756,0.0217239929963964,0.187682809101446,0.254614756372637,0.0436575985090655,0.0353385630981659,0.154042433401318,0.0784454597055378,0.0175134751656765
"117",0,0.208632799837846,0.0216006124800406,0.188861609792641,0.253464379462894,0.043445826098032,0.0351701687686703,0.153303581854546,0.0780702962856022,0.0174507254197277
"118",0,0.210277267420422,0.0214779732162253,0.19003371774542,0.25232044009615,0.043235108278173,0.0350025775893861,0.15256790574729,0.0776971009900846,0.0173879089168493
"119",0,0.211914338483172,0.0213560699062491,0.191199173122667,0.251182854056718,0.0430254430099257,0.0348357899360532,0.151835429481731,0.0773258641893278,0.017325037814156
"120",0,0.213544037588645,0.0212348973569563,0.192358015803862,0.250051542115066,0.0428168276929079,0.0346698055563905,0.151106174410229,0.0769565757589942,0.0172621237169494
"121",0,0.21520678258368,0.021112697354624,0.193510189718265,0.248906180112218,0.0426067390393193,0.0345025140455897,0.150371608912765,0.0765844654448105,0.0171988227887276
"122",0,0.216861951739117,0.0209915180246758,0.194655750566578,0.247767439648708,0.0423975871480812,0.034335934575601,0.149640150445222,0.0762142096022417,0.0171354582497761
"123",0,0.218509566388885,0.0208710383742138,0.195794736532101,0.246635367580373,0.0421894199074645,0.03417011260344,0.148911879017339,0.0758458332019715,0.0170720463942126
"124",0,0.220149650339538,0.0207512886433296,0.196927187448414,0.245509791611099,0.0419822538345039,0.0340050639596085,0.148186829287366,0.0754793340548018,0.0170086008213387
"125",0,0.22178222852245,0.0206322723328252,0.198053143340143,0.244390559876042,0.0417761013802956,0.0338408015641113,0.147465038193563,0.0751147210497434,0.0169451337408259
"126",0,0.223407326600582,0.0205139788512642,0.199172643653913,0.243277557613641,0.0415709706278024,0.0336773338351916,0.146746534657222,0.0747519974462271,0.0168816567141569
"127",0,0.225024970862689,0.0203964022673191,0.200285727512661,0.242170687505806,0.0413668657284208,0.0335146652189733,0.146031339554706,0.0743911606648426,0.0168181806845818
"128",0,0.226635188135404,0.0202795375867543,0.201392433766776,0.241069862464706,0.0411637885785179,0.0333527980417485,0.145319469340205,0.074032206102695,0.0167547159831922
"129",0,0.228238005702247,0.0201633795574558,0.202492800980026,0.23997500413109,0.0409617394971178,0.0331917331630816,0.144610936928536,0.0736751276482555,0.0166912723921909
"130",0,0.229833451244278,0.0200479230943077,0.203586867438671,0.23888604077204,0.0407607176217852,0.0330314703650139,0.143905752247643,0.0733199180277252,0.0166278591885361
"131",0,0.231421552791661,0.0199331632656139,0.204674671159835,0.237802905806022,0.0405607212187344,0.0328720086570475,0.14320392275101,0.0729665691709521,0.0165644851791251
"132",0,0.233002338682437,0.0198190952354229,0.205756249896732,0.236725536843563,0.0403617479010855,0.0327133464832,0.142505453783863,0.0726150724407046,0.0165011587329915
"133",0,0.234617731412886,0.0197039180127868,0.206831543117893,0.235632823232244,0.0401611865431984,0.0325532968200398,0.141801497143695,0.0722604889299715,0.0164375147872847
"134",0,0.236225597008524,0.0195897307693081,0.207900604849014,0.234546277014046,0.0399615318859133,0.032393950105245,0.141100753710312,0.0719076642895285,0.016373890368109
"135",0,0.237825960069297,0.019476204726804,0.208963471173524,0.233465962337988,0.0397628334036024,0.0322353521276696,0.140403291654267,0.0715566254696814,0.0163102990371668
"136",0,0.239418847580341,0.0193633716405322,0.210020179907816,0.23239171628161,0.0395651083745535,0.0320775183829936,0.139709133940885,0.0712073722123356,0.0162467516789336
"137",0,0.241004287532075,0.0192512354219163,0.211070769081742,0.23132339706706,0.0393683697930245,0.0319204613511027,0.139018306493642,0.0708599153946205,0.0161832578648174
"138",0,0.242582308524186,0.0191397856755235,0.212115276157848,0.230260900583188,0.0391726260638052,0.0317641888713382,0.138330827588365,0.0705142599304151,0.0161198266053307
"139",0,0.244152939663924,0.0190290167454621,0.213153738290023,0.229204140114886,0.0389778815026456,0.031608704733316,0.137646707896226,0.0701704046789074,0.0160564663746092
"140",0,0.245716210482118,0.0189189239160406,0.214186192374809,0.228153038968786,0.0387841380656074,0.0314540105783878,0.136965954154731,0.0698283463461919,0.0159931851133284
"141",0,0.247272150855828,0.0188095022011266,0.215212675036641,0.227107528910919,0.0385913960554343,0.0313001065746868,0.136288570048608,0.0694880800270105,0.0159299902897453
"142",0,0.248820790952803,0.0187007467766969,0.216233222636697,0.226067548016494,0.0383996545366296,0.0311469918194195,0.135614556750841,0.0691495995694254,0.0158668889409941
"143",0,0.250362161186808,0.0185926529674551,0.217247871281009,0.225033039169841,0.0382089116600533,0.0309946646526517,0.134943913420758,0.0688128979554821,0.0158038877059429
"144",0,0.251896292180104,0.0184852161885437,0.218256656825404,0.224003949095463,0.038019164891953,0.0308431228697827,0.134276637552878,0.0684779675407283,0.0157409928551437
"145",0,0.25346769287867,0.018376548117575,0.219259512075124,0.222957820499234,0.0378276484518929,0.0306900476367686,0.133603347069303,0.0681395735724405,0.0156778096989924
"146",0,0.255031624222817,0.0182688509550544,0.220256490015127,0.221917566276349,0.0376370052189916,0.0305376547196878,0.132933254647015,0.067802855451915,0.0156146984930443
"147",0,0.256588112687074,0.0181617800267825,0.221247624820618,0.220883264130907,0.0374472873778769,0.0303859920089705,0.132266425152505,0.0674678425506992,0.0155516712445674
"148",0,0.258137187154528,0.0180553694323041,0.222232952527703,0.219854751333315,0.0372585133427699,0.0302350756621896,0.131602876958936,0.0671345363844903,0.015488737203765
"149",0,0.25967887746864,0.0179496236043161,0.223212509414388,0.218831887883887,0.0370706969531758,0.0300849186090036,0.130942631801976,0.066802949940397,0.0154259043242159
"150",0,0.261213214022636,0.0178445321157349,0.224186331189651,0.21781457323029,0.0368838471526781,0.0299355288547287,0.130285703622009,0.0664730897671437,0.0153631800451289
"151",0,0.262740227657626,0.0177400894750779,0.225154453262782,0.216802724860152,0.0366979685652295,0.0297869101522532,0.12963209870653,0.0661449560084753,0.0153005713118739
"152",0,0.264259949578771,0.0176362911584904,0.226116910796195,0.215796270570002,0.0365130633166467,0.0296390640010995,0.128981819516504,0.0658185464854627,0.015238084576829
"153",0,0.265772411277971,0.0175331323546949,0.227073738689739,0.214795146787044,0.0363291317843179,0.0294919903627983,0.128334865604044,0.0654938572787705,0.015175725860621
"154",0,0.267277644479103,0.0174306084155035,0.228024971589599,0.213799296304317,0.0361461730391639,0.0293456880876923,0.127691234171061,0.0651708831205718,0.01511350079299
"155",0,0.268775681094445,0.0173287148422359,0.228970643896457,0.212808666706211,0.0359641851903296,0.0292001552465261,0.127050920579833,0.0648496177989616,0.0150514146450018
"156",0,0.270266553188418,0.017227447225347,0.229910789770354,0.211823209354519,0.0357831656284526,0.0290553893547135,0.126413918706682,0.0645300544131872,0.014989472358328
"157",0,0.271795581681868,0.0171249065487132,0.230845339737163,0.210820003471289,0.035600304870698,0.0289090329804221,0.125770693128968,0.0642068711145971,0.0149272664662819
"158",0,0.273317205719008,0.0170233081414003,0.231774345218931,0.209822450378112,0.0354182878519618,0.0287633386177407,0.125130602089354,0.0638852950945481,0.0148651668889448
"159",0,0.274831453129655,0.0169223052250848,0.232697838713126,0.208830632498094,0.0352371672816357,0.0286183544994146,0.124493707813204,0.0635653563419673,0.0148031844978191
"160",0,0.276338354116321,0.0168219326353445,0.233615854618281,0.207844388433204,0.035056961892223,0.0284740969538678,0.123860026430902,0.0632470575187999,0.014741327401056
"161",0,0.277837939794193,0.0167221949049266,0.234528427580295,0.206863580491092,0.0348776857256215,0.0283305789727732,0.123229577471088,0.0629304126153799,0.0146796024446309
"162",0,0.27933024178041,0.0166230817747588,0.235435591685201,0.205888110854934,0.0346993478108094,0.0281878085155914,0.122602372620585,0.0626154289634171,0.0146180159942945
"163",0,0.28081529209423,0.0165245879186837,0.23633738072837,0.20491789988344,0.0345219527969216,0.0280457892409133,0.121978415981922,0.0623021074027933,0.0145565739527255
"164",0,0.282293123074909,0.0164267089695913,0.237233828266851,0.20395287832142,0.0343455027938279,0.0279045225237942,0.121357707911322,0.061990446378498,0.0144952817597866
"165",0,0.283763767305825,0.0163294402718521,0.238124967603621,0.20299298555632,0.0341699981356828,0.0277640081843498,0.120740245948132,0.0616804425413875,0.014434144452829
"166",0,0.285227257561067,0.0162327773309433,0.23901083179638,0.202038167316994,0.0339954378325057,0.0276242449233181,0.120126025379528,0.0613720911525168,0.0143731667067476
"167",0,0.286683626763166,0.0161367158000322,0.23989145366561,0.201088374076732,0.0338218199213916,0.0274852306592326,0.119515039752887,0.0610653864954979,0.0143123528654509
"168",0,0.288132907948087,0.0160412514198365,0.240766865799354,0.20014356002478,0.0336491417144131,0.027346962756413,0.11890728122919,0.0607603221375038,0.0142517069704223
"169",0,0.28962160801288,0.0159444596115691,0.241636995756466,0.199180146559326,0.0334745272599118,0.0272070261569123,0.118292985406047,0.0604514452487994,0.014190805988088
"170",0,0.291102965852974,0.0158485862155896,0.242501893657054,0.198222219691132,0.0333007254561181,0.0270677286166977,0.117681734104122,0.0601441136846427,0.0141300327216699
"171",0,0.29257701021571,0.0157532796436428,0.243361590434156,0.197269865772825,0.0331277900360569,0.0269291192643255,0.117073589136548,0.0598383581394021,0.0140693973573337
"172",0,0.294043772219328,0.0156585757552761,0.244216118977756,0.196322922034135,0.0329557402939777,0.0267912149026009,0.116468566202011,0.0595341823358294,0.0140089072790847
"173",0,0.295503283869483,0.0155644792210118,0.245065512432723,0.195381250649073,0.0327845906854595,0.026654028856903,0.115866684382688,0.0592316012789646,0.013948568623695
"174",0,0.296955577644835,0.0154709798779176,0.245909803389306,0.1944447544658,0.0326143504995126,0.026517569266968,0.11526795473633,0.0589306230508192,0.0138883870685114
"175",0,0.298400686398261,0.0153780725307948,0.24674902415424,0.193513354841044,0.0324450245535455,0.0263818398846,0.114672380677377,0.0586312491146636,0.0138283678454741
"176",0,0.299838643275525,0.0152857529422149,0.247583206803013,0.192586983731696,0.0322766150663237,0.0262468421247719,0.114079961858754,0.0583334784567108,0.0137685157409908
"177",0,0.301269481639908,0.0151940165832828,0.248412383163959,0.191665581870443,0.0321091224405918,0.0261125758131797,0.113490695123285,0.05803730820939,0.0137088351559614
"178",0,0.302693235019373,0.0151028590857479,0.249236584827025,0.190749096408747,0.0319425457272027,0.0259790396340483,0.112904575081726,0.0577427340705922,0.0136493301455386
"179",0,0.304109937064907,0.0150122762286675,0.250055843151811,0.189837479283482,0.0317768829850751,0.0258462314756035,0.112321594633631,0.0574497507265128,0.0135900044503091
"180",0,0.305519621516119,0.0149222638780564,0.250870189272316,0.188930686164291,0.0316121315352418,0.0257141486636772,0.111741745325859,0.0571583521198682,0.0135308615245713
"181",0,0.306971994795167,0.0148307906592842,0.251679543465225,0.18800345358029,0.0314452252705298,0.0255802145578783,0.111154614125688,0.0568627190217636,0.0134714445241728
"182",0,0.308417065726783,0.0147402280949406,0.252483955427282,0.187081603669471,0.0312790958208779,0.0254468920599503,0.110570421368684,0.0565685719074798,0.0134121659245308
"183",0,0.309854863587716,0.0146502050501563,0.253283454601448,0.18616523076242,0.0311138004871918,0.0253142335419803,0.109989232462049,0.0562759436981434,0.0133530358088957
"184",0,0.31128542013367,0.0145607600972189,0.254078072535674,0.185254164075719,0.0309493602189836,0.0251822572622053,0.109411064747337,0.0559848396311281,0.0132940612980632
"185",0,0.312708768030027,0.0144718983748794,0.254867841058348,0.184348260146916,0.0307857907705231,0.0250509777033963,0.10883593903876,0.0556952766496496,0.0132352482275009
"186",0,0.31412494041635,0.014383609532888,0.255652791433015,0.183447418736198,0.0306231023521736,0.0249204037800844,0.108263867564574,0.0554072642109323,0.0131766019737844
"187",0,0.315533970804822,0.0142958884294483,0.256432954642621,0.182551559246974,0.0304613004201055,0.024790539740743,0.107694854498489,0.0551208047511061,0.0131181274656911
"188",0,0.316935892996537,0.0142087309174696,0.257208361443793,0.181660612365188,0.0303003876605043,0.0246613873395074,0.107128900048969,0.0548358980444581,0.0130598291835728
"189",0,0.318330741003568,0.014122132542303,0.257979042350059,0.180774518073288,0.0301403648243827,0.0245329466348413,0.106566001474246,0.0545525418758336,0.0130017112214784
"190",0,0.319718548994532,0.0140360890151346,0.258745027640893,0.179893223136642,0.0299812312238782,0.0244052164689296,0.106006153699305,0.0542707324925053,0.0129437773281803
"191",0,0.321099351251809,0.0139505961992228,0.259506347370017,0.179016679364018,0.0298229851160782,0.024278194836307,0.105449349868175,0.0539904650550782,0.0128860309392943
"192",0,0.322473182136268,0.0138656500468781,0.260263031370262,0.17814484248568,0.0296656239738566,0.0241518791331558,0.104895581723543,0.0537117339239602,0.0128284752063963
"193",0,0.323889581838181,0.0137792509959225,0.261015000353232,0.177252468331751,0.0295060996326353,0.0240237058940567,0.104334494316778,0.0534287477264779,0.0127706509109662
"194",0,0.325298716985535,0.013693733804065,0.261762302444234,0.17636536628047,0.0293473273250991,0.0238961259271536,0.103776253230727,0.0531472012795127,0.0127129727232037
"195",0,0.32670061767805,0.0136087328583117,0.26250496581614,0.175483628530684,0.0291893638289179,0.0237691911010782,0.103220922857543,0.052867126954614,0.0126554503746608
"196",0,0.328095316442897,0.0135242865271085,0.263243020735685,0.17460708440987,0.0290322301130137,0.0236429196954773,0.102668520794038,0.0525885306317141,0.012598090650196
"197",0,0.329482846684999,0.0134403997685353,0.263976497740179,0.173735591296596,0.0288759419209273,0.0235173261539028,0.102119067871531,0.0523114294870517,0.0125408990762789
"198",0,0.330863242258649,0.0133570624694921,0.264705426815033,0.172869049546382,0.0287205094304759,0.0233924193337208,0.101572576280968,0.0520358331343745,0.0124838807309038
"199",0,0.332236537368906,0.0132742696122631,0.265429837671832,0.17200737908322,0.0285659380911643,0.0232682034570781,0.101029050233321,0.0517617442299329,0.0124270402522823
"200",0,0.333602766490065,0.013192017146019,0.266149759801093,0.171150511142381,0.0284122305874423,0.0231446802571867,0.100488489983293,0.0514891627534628,0.0123703818390563
"201",0,0.33496196428943,0.0131103007211811,0.266865222455969,0.170298386242708,0.0282593876715687,0.0230218497756182,0.0999508928451811,0.0512180866869401,0.0123139093114039
"202",0,0.336314165574025,0.0130291161512343,0.26757625466114,0.16945095167657,0.0281074086604588,0.022899710842094,0.0994162538122816,0.050948512470624,0.0122576261515724
"203",0,0.337659405248699,0.0129484593992804,0.268282885220985,0.168608159773602,0.0279562918189211,0.0227782614422161,0.0988845661075843,0.0506804354530103,0.012201535535701
"204",0,0.338997718281593,0.0128683265165091,0.268985142724387,0.167769966778269,0.0278060346301773,0.0226574989662789,0.0983558215626844,0.0504138501774333,0.0121456403626681
"205",0,0.340381412629855,0.0127866325060845,0.269682941976615,0.166909651758976,0.0276534266534744,0.0225347215563849,0.0978191108339357,0.0501426503768895,0.0120894517077861
"206",0,0.341757855483552,0.0127058128279834,0.27037633069222,0.166054547216318,0.0275015393902245,0.0224125132084834,0.0972851474252816,0.0498728428430319,0.0120334109129058
"207",0,0.343127077519165,0.0126254861290747,0.271065335774339,0.165204750835144,0.0273504326236875,0.022290928547985,0.0967539991510893,0.049604461569036,0.0119775278504802
"208",0,0.344489111929573,0.0125456930655239,0.271749986344818,0.164360083995494,0.0272001287971235,0.0221699871808653,0.0962256856273859,0.049337513758812,0.0119218093004043
"209",0,0.345843992804768,0.0124664389191196,0.272430311813745,0.163520398427129,0.027050644810286,0.0220497045988335,0.0957002296924868,0.0490720181846059,0.0118662607490269
"210",0,0.347191754686605,0.0123877134370965,0.273106341031688,0.162685591027272,0.026901991662173,0.0219300903659491,0.0951776450104419,0.0488079855499578,0.0118108872288171
"211",0,0.348532432468693,0.0123095116431817,0.273778102577647,0.161855579257999,0.0267541753836002,0.0218111491739846,0.0946579368985089,0.0485454192723323,0.0117556933240541
"212",0,0.349866061313356,0.0122318295531521,0.274445624813193,0.161030292520849,0.026607199091809,0.0216928830874249,0.0941411065159882,0.0482843199332107,0.0117006831710176
"213",0,0.351192676573509,0.0121546628725272,0.275108935865535,0.160209669976738,0.0264610638680743,0.0215752923850131,0.0936271519368031,0.0480246860009506,0.0116458605208501
"214",0,0.352512313738118,0.0120780074739326,0.275768063636643,0.159393657899906,0.0263157692825053,0.0214583760672021,0.0931160688044825,0.0477665143159564,0.0115912287812544
"215",0,0.353825008389372,0.0120018593833753,0.276423035811613,0.158582207849577,0.0261713137977359,0.0213421322438541,0.0926078509107713,0.0475098005644552,0.0115367910492461
"216",0,0.355130796167387,0.0119262147167857,0.27707387986358,0.15777527548657,0.026027695053834,0.0212265583966285,0.0921024905936805,0.0472545395806823,0.0114825501408519
"217",0,0.356482685377694,0.01184898673511,0.277720509386989,0.156945714027718,0.0258816677455515,0.0211089213666113,0.0915889564916024,0.0469945519537244,0.0114280069149985
"218",0,0.357827324716745,0.0117726135035827,0.278362971027742,0.156121300452988,0.0257363378137291,0.0209918358986487,0.091078085761664,0.0467359185223155,0.011373612302585
"219",0,0.35916474573885,0.0116967130745804,0.279001290587883,0.155302131739591,0.025591765577082,0.0208753570942739,0.0905699467503591,0.0464786732784834,0.0113193761588973
"220",0,0.360494982506148,0.0116213266013232,0.279635496115291,0.154488026282483,0.0254479739571656,0.0207595049955522,0.090064560111346,0.0462228242230385,0.0112653052076536
"221",0,0.361818069963733,0.0115464592973168,0.280265615942361,0.153678834093485,0.025304980209759,0.0206442953974905,0.0895619495162185,0.045968390697777,0.0112114048818597
"222",0,0.363134043494404,0.0114721010172183,0.28089167784783,0.152874450851354,0.0251627955700016,0.0205297380489023,0.0890621292427095,0.0457153837672429,0.0111576801603378
"223",0,0.364442938820422,0.0113982468617962,0.281513709343071,0.152074793068108,0.0250214262497048,0.0204158377760477,0.0885651051501478,0.0454638071596681,0.0111041355710339
"224",0,0.365744791921684,0.0113248929109887,0.282131737725531,0.151279789428666,0.0248808755039276,0.0203025967383925,0.0880708788696435,0.0452136617090694,0.0110507751920971
"225",0,0.367039638958202,0.0112520349381181,0.282745790061994,0.15048937853189,0.0247411445208019,0.020190015282626,0.0875794488953797,0.0449649460962469,0.0109976027147409
"226",0,0.368327516215933,0.0111796688831269,0.283355893197678,0.149703506204931,0.0246022329553435,0.0200780924588916,0.0870908112530427,0.0447176573459154,0.0109446214851374
"227",0,0.369608460064213,0.0111077908389754,0.283962073764582,0.148922123648429,0.0244641393390021,0.0199668264139427,0.086604960086473,0.0444717913069536,0.0108918345374286
"228",0,0.370882506920631,0.0110363969887079,0.284564358186407,0.148145186233325,0.0243268613687883,0.0198562146573565,0.086121888061726,0.0442273429593908,0.0108392446236683
"229",0,0.372205292561676,0.0109633243709761,0.285162654848515,0.147344132524046,0.0241870012472466,0.019743393613503,0.0856300414030021,0.0439778354046295,0.0107863240264057
