"","Alive","Death","ODN","ODF","REL","BUP","BUPC","MET","METC","ABS"
"0",0,0,0,0,0,1,0,0,0,0
"1",0,0.000324118275893959,0.0031784662359969,0.000173482267785991,0.147754813767319,0.641723234293379,0.185743223129247,0.00844287384307497,0.00844287384307497,0.00421691434422789
"2",0,0.000680333524119225,0.0258369294345663,0.00158367472481845,0.207805231186279,0.563060465766557,0.154373891706367,0.0114581446158673,0.0294079625940734,0.00579336644735204
"3",0,0.00105381296211382,0.0239976551937039,0.00289347867912859,0.259375477990686,0.495350404593324,0.147480484260823,0.0169094411457314,0.0460964469012573,0.00684279827323088
"4",0,0.00143744955435343,0.0246131984910191,0.00423687929271084,0.293609809853145,0.445882945380721,0.138311126921836,0.0224553341672288,0.0618834069934522,0.00756984934553294
"5",0,0.00182802837466489,0.0246989470076425,0.00558496010297244,0.319063657665745,0.406239115612239,0.129973817454968,0.0281968601825451,0.076314889488388,0.00809972411083484
"6",0,0.00222354216287279,0.0248770231565449,0.00694276039799695,0.338057854670077,0.373529414364129,0.122318338882749,0.0339859718291803,0.0895723956351365,0.00849269890131367
"7",0,0.002622616431738,0.0250583867333878,0.00831045960723617,0.352444481197091,0.345885099653508,0.115385254165761,0.0397582853207842,0.101749448936482,0.00878596795401202
"8",0,0.00302425650950788,0.0252230112943228,0.00968714410687766,0.36339561014321,0.322123654659368,0.109131367506311,0.0454664555552454,0.112944531533331,0.00900396869182652
"9",0,0.00342771624801042,0.0253625366316018,0.0110714439688127,0.37171974280865,0.301433368071,0.103497751093921,0.051078517207674,0.123245178411263,0.00916374555906732
"10",0,0.00383242234860959,0.0254737455755602,0.0124618136702122,0.377998365421133,0.28323209208917,0.0984212322970625,0.0565722350514601,0.132730430863796,0.00927766268299635
"11",0,0.00423792661320777,0.0255577255601524,0.0138567670409333,0.382660894314545,0.267086783602988,0.0938412148469339,0.0619323118217286,0.141471414928869,0.00935496127064166
"12",0,0.00464387408459033,0.025616910604455,0.0152549507608048,0.386032732409484,0.252665968819695,0.0897021870736178,0.0671484601976035,0.149532206215037,0.00940270983471217
"13",0,0.00507175954475236,0.0256535437609051,0.0166551339365726,0.388354233309667,0.239705723250814,0.0859528708193939,0.0722128047463166,0.156967576155698,0.00942635447588095
"14",0,0.00549956176892674,0.0256712403297671,0.0180562829998693,0.389833489052773,0.228003206365766,0.0825509865152094,0.0771225642492132,0.163832363603693,0.0094303051147823
"15",0,0.00592708555465149,0.0256726306721169,0.0194575079487428,0.390626964966351,0.21739001247757,0.0794578949375643,0.0818759937498978,0.170173858657895,0.00941805103521016
"16",0,0.00635417211304223,0.0256600846492016,0.0208580481294466,0.390860210303579,0.207727556795256,0.0766397108215385,0.0864729134229417,0.176034887278783,0.00939241648621167
"17",0,0.00678069194451181,0.0256356708119501,0.0222572557907724,0.390634880492213,0.198900440963626,0.0740667380778756,0.0909143286210566,0.181454285142183,0.00935570815581078
"18",0,0.00720653930556547,0.0256011788898261,0.0236545808658361,0.390033900201129,0.190811582822108,0.0717129385832368,0.095202137753586,0.18646731674531,0.00930982483340201
"19",0,0.00763162785847282,0.0255581483698193,0.0250495573137191,0.389125349497961,0.183378571666762,0.0695554526687139,0.0993389078150276,0.191106044506499,0.00925634030302448
"20",0,0.00805588721470485,0.0255079000394101,0.0264417911827403,0.38796542876907,0.176530893389417,0.0675741766367217,0.103327700497824,0.195399655362185,0.00919656690792685
"21",0,0.00847926016301259,0.0254515658411746,0.0278309503032073,0.386600750735633,0.170207785579811,0.0657513953558099,0.107171936787004,0.199374750327278,0.00913160490706956
"22",0,0.0089017004283839,0.0253901157174556,0.0292167554453631,0.385070132282422,0.164356556999477,0.0640714650911327,0.110875291107219,0.203055601706443,0.00906238122210356
"23",0,0.00932317084709078,0.0253243810924298,0.0305989727589956,0.383406009236519,0.158931254842278,0.0625205407535446,0.114441608365989,0.206464381951884,0.00898968015126889
"24",0,0.0097436418709913,0.02525507510611,0.0319774073174295,0.381635563345318,0.15389159621348,0.0610863417402274,0.11787483886645,0.209621367614244,0.00891416792574921
"25",0,0.0101906949026301,0.0251819531572348,0.0333518508435309,0.379767816753274,0.149198676886399,0.0597564824056915,0.121176227701899,0.212539957877214,0.0088363394721274
"26",0,0.0106366254721542,0.0251064543165344,0.0347221736053619,0.377836283644239,0.144824672911746,0.0585227060610214,0.124352333400441,0.215242003486426,0.00875674710207623
"27",0,0.0110814195930411,0.0250289900133407,0.0360882683270021,0.375857112001388,0.1407417143098,0.0573763415625075,0.127407174891617,0.217743171551522,0.00867580774978296
"28",0,0.0115250673070743,0.0249499468536267,0.0374500488336777,0.373843904721263,0.136924960902567,0.0563096264384945,0.130344725939575,0.220057838892594,0.00859388011112731
"29",0,0.0119675620551891,0.0248696569927122,0.0388074470798171,0.371808147165917,0.133352201158047,0.05531559878545,0.133168900416953,0.222199212944533,0.00851127340138043
"30",0,0.0124089001457056,0.0247884078391594,0.0401604107067511,0.369759530477682,0.130003512902263,0.0543880038997525,0.135883537713395,0.224179441628915,0.00842825468637656
"31",0,0.0128490803040481,0.0247064470053317,0.0415089008706162,0.367706226003233,0.126860976302809,0.053521212340971,0.138492392178565,0.226009709992576,0.00834505500185082
"32",0,0.0132881032908786,0.0246239877391589,0.0428528903667274,0.36565511380089,0.123908429670089,0.0527101485272435,0.140999125423681,0.227700326704846,0.00826187447648559
"33",0,0.013725971577539,0.0245412135867966,0.0441923620084396,0.363611974419733,0.12113126067972,0.0519502284317556,0.143407300937184,0.229260801723172,0.00817888663566019
"34",0,0.0141626890696349,0.0244582824159755,0.0455273072256075,0.361581650294525,0.118516227045721,0.0512373051479366,0.145720380540072,0.230699916230971,0.00809624202955581
"35",0,0.014598260871169,0.0243753298720358,0.0468577248516755,0.359568182001743,0.116051301818173,0.0505676212408289,0.147941722308757,0.232025785733451,0.00801407130216591
"36",0,0.0150326930829345,0.0242924723443803,0.0481836200726798,0.35757492363941,0.113725539377313,0.0499377669553842,0.150074579664965,0.233245917066902,0.00793248779603098
"37",0,0.0155000610243913,0.0242087667926053,0.049504946603042,0.355588191735228,0.111525677112474,0.0493430755449794,0.15211770264848,0.234360072281785,0.0078515062570161
"38",0,0.0159661974617715,0.0241254112440621,0.0508217235461128,0.353627305191126,0.109445916093318,0.0487822603725719,0.154078325923561,0.235381572416217,0.00777128775125975
"39",0,0.0164311114319906,0.0240424281233228,0.0521339712291867,0.351694024703799,0.107477921306803,0.0482527714713092,0.155959410141743,0.236316455503785,0.00769190608805939
"40",0,0.0168948124152278,0.0239598758052866,0.0534417131656896,0.349789728159955,0.105614048104348,0.0477522756219115,0.157763809636285,0.23717031198685,0.00761342510444648
"41",0,0.017357310243841,0.023877802938122,0.0547449755242886,0.347915494121301,0.103847276953357,0.0472786367662055,0.159494279690885,0.237948324052593,0.00753589970940726
"42",0,0.0178186150213103,0.0237962520636201,0.0560437867956026,0.346072135699802,0.102171153105329,0.0468298988296188,0.161153478334119,0.238655303268243,0.00745937688235591
"43",0,0.0182787370510602,0.0237152587607495,0.0573381774121687,0.344260237229701,0.100579733087349,0.0464042690727436,0.162743968912742,0.239295721915257,0.00738389655822908
"44",0,0.0187376867747575,0.0236348524332371,0.0586281794113937,0.342480185401982,0.0990675370211836,0.0460001029486081,0.164268222768574,0.239873740835131,0.00730949240513324
"45",0,0.0191954747190556,0.023555057030226,0.0599138261378408,0.340732196694594,0.0976295060992099,0.045615890403514,0.165728622014098,0.240393234394878,0.00723619250658382
"46",0,0.0196521114497888,0.0234758917232859,0.0611951519824668,0.339016341349778,0.0962609645874159,0.0452502435395564,0.167127462350994,0.240857813056045,0.00716401996066956
"47",0,0.0201076075326897,0.0233973715109676,0.062472192154857,0.337332564308215,0.0949575858091538,0.0449018855140759,0.168466955900558,0.241270843862141,0.00709299340734278
"48",0,0.0205619734998043,0.0233195077495577,0.0637449824844285,0.335680703475739,0.0937153616339321,0.0445696405515899,0.169749234021547,0.241635469089778,0.00702312749362277
"49",0,0.0210494704458465,0.0232412751825613,0.0650135028415888,0.334044511730872,0.0925277390556937,0.0442509547423983,0.170971231414894,0.241946959270413,0.00695435531573234
"50",0,0.0215357550169628,0.0231637832839636,0.0662777936523877,0.332440238888473,0.0913940882368853,0.0439462504573227,0.172139877502835,0.242215457918578,0.0068867550425919
"51",0,0.0220208385215939,0.0230869841720444,0.0675378927294664,0.330867421264871,0.0903112170327219,0.0436546265842783,0.173257094741183,0.242443593020649,0.00682033193319179
"52",0,0.0225047320994184,0.0230108754089164,0.0687938377524053,0.329325531537579,0.0892761510978442,0.0433752437059343,0.174324729928573,0.242633809620744,0.00675508884858536
"53",0,0.0229874467169751,0.0229354526448065,0.070045666163372,0.327814019296264,0.0882861195764812,0.0431073209367035,0.175344562213012,0.242788386104526,0.00669102634786038
"54",0,0.0234689931613508,0.0228607122306802,0.0712934152053678,0.326332307711714,0.0873385392730666,0.0428501332966411,0.176318305027894,0.242909451215315,0.00662814287796977
"55",0,0.0239493820335925,0.0227866494798117,0.0725371218655905,0.324879798418153,0.0864310002151662,0.0426030078609482,0.177247608573406,0.242998996587726,0.00656643496560579
"56",0,0.0244286237429917,0.0227132587148135,0.0737768228213629,0.323455875301887,0.0855612523633962,0.0423653199332944,0.178134062190032,0.243058887533514,0.00650589739870837
"57",0,0.0249067285024361,0.0226405333456837,0.0750125543903225,0.32205990836955,0.0847271934402006,0.0421364893712082,0.178979196670323,0.243090872515697,0.00644652339457902
"58",0,0.0253837063248681,0.0225684659892614,0.0762443524871301,0.320691257372692,0.0839268577886162,0.0419159771474619,0.179784486489881,0.243096591645685,0.00638830475440459
"59",0,0.0258595670207874,0.0224970485884706,0.0774722525866872,0.319349275124179,0.083158406174031,0.0417032821636275,0.180551351956976,0.243077584380325,0.00633123200491618
"60",0,0.0263343201967143,0.0224262725199314,0.0786962896932271,0.31803331048422,0.082420116444527,0.0414979383126375,0.181281161281032,0.24303529653953,0.00627529452818037
"61",0,0.02684578630456,0.0223550024368944,0.0799164368431928,0.316725503676842,0.0817075200989889,0.0412979454477124,0.18196904676502,0.242962358389377,0.00622040003741247
"62",0,0.0273560537116255,0.0222844329498573,0.0811327322754623,0.315443030259279,0.0810219141908302,0.0411044063878617,0.182622311322939,0.242868510948699,0.00616660795344515
"63",0,0.0278651324235953,0.0222144977161047,0.0823452106078955,0.314185166409657,0.0803618976741493,0.040916969670842,0.183242195917352,0.242755024330109,0.00611390525029577
"64",0,0.028373032185591,0.022145182964644,0.0835539057067242,0.312951183461374,0.0797261490519902,0.0407352999114571,0.183829890435674,0.242623077881295,0.00606227840124936
"65",0,0.0288797624975521,0.0220764746684833,0.0847588506725805,0.311740384065733,0.0791134246951154,0.0405590789910816,0.184386541565334,0.242473769562614,0.00601171328150645
"66",0,0.0293853326244907,0.0220083611993094,0.0859600779714169,0.31055209072865,0.0785225540169943,0.0403880074197243,0.184913253820665,0.242308127019996,0.00596219519875409
"67",0,0.0298897516039459,0.0219408312025675,0.0871576194494491,0.309385644475937,0.0779524349386729,0.0402218038931262,0.185411091203703,0.242127114286695,0.00591370894590421
"68",0,0.0303930282523418,0.0218738734790987,0.0883515063416368,0.308240403149943,0.0774020295092721,0.0400602044999785,0.185881078762529,0.241931637145751,0.00586623885944946
"69",0,0.0308951711707567,0.0218074769208958,0.0895417692766593,0.307115740528065,0.0768703597760189,0.0399029617620893,0.186324204105615,0.241722547582108,0.00581976887779163
"70",0,0.0313961887503768,0.0217416305105497,0.0907284382818602,0.306011045805416,0.0763565039131259,0.039749843637856,0.186741418853767,0.241500647649648,0.00577428259739968
"71",0,0.0318960891777659,0.0216763233357983,0.0919115427889865,0.304925723288281,0.0758595926076168,0.0396006325389084,0.187133640031202,0.241266692905477,0.00572976332596376
"72",0,0.0323948804400248,0.0216115446046796,0.0930911116407544,0.303859192203824,0.0753788056915508,0.0394551243844467,0.18750175139731,0.241021395505157,0.00568619413225285
"73",0,0.0329305078833068,0.0215461664629919,0.094267112121037,0.302793940762261,0.0749106642149676,0.0393115863163679,0.187840023271532,0.240756517763388,0.005643481204148
"74",0,0.0334649336119629,0.02148137338897,0.0954395761631184,0.301746964351151,0.074457082165417,0.0391713173724852,0.188155726872429,0.240481351018869,0.00560167505559772
"75",0,0.0339981659199289,0.0214170981373497,0.0966085320300028,0.30071765061718,0.0740173887063771,0.0390341742626041,0.188449670274237,0.240196561375742,0.00556075867657797
"76",0,0.0345302128628051,0.0213533267652863,0.097774007223687,0.299705392161284,0.0735909433431483,0.0389000144666216,0.188722626485865,0.239902761484161,0.00552071520714098
"77",0,0.0350610822776859,0.0212900454464553,0.0989360284915201,0.29870962112448,0.0731771380592832,0.0387686986674867,0.188975340821887,0.23960051732277,0.0054815277884314
"78",0,0.0355907817968331,0.0212272430808189,0.100094621975006,0.297729796085174,0.0727753959350533,0.038640093275474,0.189208531332273,0.239290356972464,0.00544317954690367
"79",0,0.0361193188577817,0.0211649091182765,0.101249813239818,0.296765399363894,0.0723851697598073,0.038514071020635,0.189422889898009,0.238972775137251,0.00540565360452819
"80",0,0.0366467007118022,0.0211030334034989,0.102401627297347,0.295815934132913,0.0720059405306631,0.0383905111013466,0.189619083242105,0.238648236482433,0.00536893309789077
"81",0,0.0371729344313262,0.0210416060787175,0.103550088620942,0.294880922503073,0.071637215959139,0.0382692990816783,0.18979775391669,0.238317178208268,0.00533300120016666
"82",0,0.0376980269166852,0.0209806175541155,0.104695221160535,0.293959904106193,0.0712785290182231,0.0381503266774336,0.189959521247342,0.237980012175943,0.00529784114352946
"83",0,0.0382219849023497,0.0209200584965209,0.105837048356649,0.293052435002562,0.0709294365485588,0.0380334914882669,0.190104982235876,0.237637126728303,0.00526343624091337
"84",0,0.0387448149627833,0.0208599198215402,0.106975593153976,0.292158086804707,0.0705895179314553,0.0379186967069262,0.190234712422677,0.237288888289312,0.00522976990662359
"85",0,0.0393088872493103,0.0207989578061708,0.108110810614189,0.291257770765621,0.0702554613513432,0.0378041489472063,0.190341622660365,0.236925597060885,0.00519674354490932
"86",0,0.0398717241678153,0.0207384851529477,0.109242727446916,0.290370417687204,0.0699297242540866,0.0376913920659816,0.190433762626072,0.236557353769,0.0051644128299761
"87",0,0.0404333327096787,0.0206784299939282,0.110371366439199,0.289495557588726,0.0696119693239631,0.0375803728476383,0.190511666271693,0.2361845428017,0.00513276202347375
"88",0,0.0409937196612726,0.020618780003027,0.111496749705315,0.288632723267679,0.0693018686610323,0.0374710319120123,0.190575841761408,0.235807509226245,0.00510177580200926
"89",0,0.0415528916267017,0.0205595230153185,0.112618898695574,0.287781488482308,0.0689991078376511,0.0373633069373109,0.190626779255338,0.235426565083996,0.00507143906580229
"90",0,0.0421108550429664,0.0205006499181306,0.113737834362911,0.286941452978146,0.0687033858786518,0.0372571359642964,0.190664950902455,0.235041998054362,0.00504173689808095
"91",0,0.0426676161906964,0.0204421522147754,0.114853577196508,0.286112239210405,0.068414415119579,0.0371524584936269,0.19069081160059,0.234654075418772,0.00501265455504744
"92",0,0.0432231812028069,0.0203840218425043,0.11596614724548,0.285293488906818,0.0681319208317112,0.0370492160520957,0.190704799677766,0.234263046773648,0.00498417746717108
"93",0,0.0437775560718353,0.0203262510556682,0.117075564136177,0.284484860767059,0.0678556407596694,0.0369473524461605,0.190707337563663,0.233869145954782,0.00495629124498559
"94",0,0.044330746656394,0.0202688323852623,0.118181847087289,0.283686028752701,0.0675853246161062,0.0368468138623045,0.190698832429622,0.233472592523738,0.00492898168658307
"95",0,0.0448827586869772,0.0202117586197642,0.119285014923898,0.282896680771824,0.067320733561673,0.0367475488809573,0.190679676798082,0.2330735929713,0.00490223478552394
"96",0,0.0454335977712762,0.0201550227906687,0.120385086090741,0.282116517632364,0.0670616396854603,0.0366495084409387,0.190650249122154,0.232672341727865,0.0048760367385321
"97",0,0.0460287364930582,0.0200973050659321,0.121482006995465,0.281325393806474,0.0668047723731994,0.0365508319820324,0.190602485035767,0.232258179740552,0.00485028850751878
"98",0,0.0466225827191389,0.0200400042673339,0.122575800394106,0.280543583597605,0.0665528902787687,0.0364532112293167,0.190545039864122,0.231841836508451,0.00482505114115763
"99",0,0.0472151425754574,0.0199830461240661,0.123666484988963,0.279770731560563,0.0663058203679772,0.0363566344945835,0.1904782719097,0.231423556012172,0.00480031196651676
"100",0,0.0478064220112971,0.0199264200788495,0.124754078906113,0.27900648154906,0.066063389399261,0.0362610807215166,0.190402519469544,0.231003549064872,0.00477605879948641
"101",0,0.0483964268240782,0.01987011570408,0.125838599702488,0.278250517498087,0.0658254289291418,0.0361665231256967,0.190318108943466,0.230581999543591,0.00475227972937083
"102",0,0.0489851626753297,0.0198141257882263,0.126920064541412,0.277502547338613,0.0655917758838026,0.0360729329213979,0.190225354554302,0.230159073230841,0.00472896306607583
"103",0,0.0495726351015062,0.019758443730496,0.127998490225935,0.276762299475468,0.0653622729581859,0.0359802806603461,0.190124558903863,0.229734921623448,0.00470609732075141
"104",0,0.0501588495224001,0.019703063345383,0.129073893221498,0.276029519121775,0.0651367687259686,0.0358885369879711,0.190016013452542,0.229309684423272,0.00468367119918954
"105",0,0.0507438112480336,0.0196479787365636,0.130146289671719,0.275303965867623,0.0649151176206614,0.0357976730526128,0.189899998997177,0.22888349120499,0.00466167360062002
"106",0,0.0513275254845427,0.0195931842526729,0.13121569541176,0.274585411893031,0.0646971798384486,0.0357076607401684,0.189776786123828,0.228456462636685,0.00464009361886267
"107",0,0.0519099973393358,0.0195386744660382,0.13228212598054,0.273873640612563,0.0644828211955802,0.0356184728067167,0.189646635636261,0.22802871141853,0.00461892054443461
"108",0,0.0524912318257054,0.019484444156675,0.133345596632066,0.273168445614701,0.0642719129588867,0.0355300829495878,0.189509798960613,0.227600343034854,0.00459814386691069
"109",0,0.0531197029205133,0.0194291005232195,0.134406046600556,0.272448598882838,0.0640611270996839,0.0354405411353066,0.189357359119443,0.227159859514439,0.00457766420399979
"110",0,0.0537468042702275,0.0193741242806851,0.13546349593839,0.271735672871764,0.063853453737264,0.0353516647676695,0.189198585079894,0.226718650386748,0.00455754866735802
"111",0,0.0543725415133627,0.0193194385913927,0.136517960504107,0.271029390877576,0.0636488063775642,0.0352634632631689,0.18903372210704,0.226276888885549,0.00453778788023983
"112",0,0.0549969201298387,0.019265034242885,0.137569455653428,0.27032947244414,0.0634470933692638,0.0351759348429094,0.188862998960205,0.225834717408731,0.00451837294859968
"113",0,0.055619945468155,0.0192109021065552,0.138617996243828,0.269635676649534,0.0632482235300137,0.0350890704819076,0.188686636385524,0.225392253906524,0.00449929522795858
"114",0,0.0562416227624002,0.0191570364113523,0.139663596817797,0.268947785030694,0.0630521070187198,0.0350028579556915,0.188504846649642,0.224949601089798,0.00448054626390522
"115",0,0.0568619571433352,0.0191034319829953,0.14070627163541,0.268265597880293,0.0628586560067626,0.0349172833334953,0.188317833971334,0.224506850277835,0.00446211776854028
"116",0,0.0574809536467299,0.0190500840382489,0.141746034695668,0.267588930409762,0.0626677850247597,0.0348323318458349,0.188125794876484,0.22406408385172,0.00444400161079185
"117",0,0.0580986172199789,0.0189969880520089,0.142782899750594,0.266917610232161,0.0624794111573565,0.0347479883777683,0.187928918556507,0.223621376840877,0.00442618981274775
"118",0,0.0587149527275878,0.0189441397111701,0.143816880316795,0.26625147553409,0.0622934541411508,0.0346642377721474,0.187727387205255,0.223178798043053,0.00440867454875077
"119",0,0.0593299649558573,0.0188915348928067,0.144847989685851,0.265590373708769,0.0621098364017463,0.0345810650205153,0.187521376335181,0.222736410853523,0.00439144814575086
"120",0,0.0599436586169724,0.0188391696479807,0.145876240933803,0.264934160303586,0.0619284830506286,0.0344984553850792,0.187311055073141,0.222294273904656,0.00437450308415343
"121",0,0.0606072389807046,0.0187855861011878,0.146901567565124,0.264260587024159,0.0617459718098355,0.0344143676817179,0.187086775999441,0.221840165479216,0.00435773935861417
"122",0,0.0612693552995659,0.0187323374235596,0.14792398785714,0.263592401183725,0.0615654795854852,0.0343307270348669,0.186858383307044,0.221386098505054,0.00434122980355917
"123",0,0.061930013018081,0.0186793442354864,0.148943515754598,0.26292937663642,0.0613869680091353,0.0342475545065677,0.186626049184779,0.220932210727057,0.00432496792787571
"124",0,0.0625892174309803,0.018626598243376,0.149960164749577,0.262271281283952,0.0612103907717607,0.0341648587751524,0.186389931408751,0.220478609649043,0.00430894768740842
"125",0,0.0632469737131993,0.0185740911959469,0.150973947883795,0.261617922561184,0.0610356997052174,0.0340826403318298,0.186150182221337,0.220025379149157,0.00429316323833328
"126",0,0.0639032869382726,0.0185218183244538,0.151984877938693,0.260969129479208,0.0608628458277709,0.0340008957858973,0.185906947734875,0.219572589096852,0.00427760887397795
"127",0,0.0645581620899769,0.0184697754466539,0.152992967467439,0.260324748757763,0.0606917801696073,0.0339196194703,0.185660368287719,0.219120299310848,0.00426227899969213
"128",0,0.0652116040708592,0.0184179587528675,0.153998228815271,0.25968464083394,0.0605224542482894,0.0338388043847,0.185410578722137,0.218668562049466,0.0042471681224703
"129",0,0.065863617708829,0.0183663646675846,0.155000674132271,0.259048677266159,0.0603548203771709,0.0337584427415153,0.185157708668995,0.218217423590445,0.00423227084703018
"130",0,0.066514207762487,0.0183149898020469,0.156000315383561,0.258416738866114,0.06018883186548,0.0336785263096906,0.184901882812917,0.217766925322796,0.00421758187490728
"131",0,0.0671633789255688,0.0182638309322517,0.156997164358298,0.257788714317205,0.060024443148531,0.0335990466383307,0.184643221138668,0.217317104536177,0.00420309600496991
"132",0,0.0678111358307363,0.0182128849828497,0.15799123267778,0.257164499124098,0.0598616098703112,0.0335199952061719,0.184381839159098,0.216867995014408,0.00418880813454583
"133",0,0.0685122288656094,0.0181606063561594,0.158982447603821,0.256520435246004,0.0596967323550001,0.0334392012508913,0.184107250269163,0.216406482807861,0.00417461524549189
"134",0,0.0692117453188041,0.0181086441476133,0.159970826406678,0.255880806488778,0.0595332135055404,0.0333587250384308,0.183830033974468,0.215945408180407,0.00416059693927985
"135",0,0.069909690685251,0.0180569149338704,0.160956381803325,0.255245415550242,0.0593710435987969,0.0332785953264551,0.183550315450113,0.215484893626444,0.00414674902550202
"136",0,0.0706060703094232,0.0180054109067828,0.161939126084561,0.25461405748056,0.0592102030446593,0.0331988273549329,0.183268206481761,0.215025030610992,0.00413306772632784
"137",0,0.0713008894192823,0.0179541242648067,0.162919071115373,0.253986568025988,0.0590506689602848,0.0331194273391166,0.182983814899224,0.214565886562152,0.00411954941377271
"138",0,0.0719941531467931,0.0179030508716177,0.163896228534987,0.253362804508324,0.0588924163515818,0.0330403970847563,0.182697243870295,0.214107515088648,0.0041061905429974
"139",0,0.0726858665406404,0.01785218718275,0.164870609789168,0.252742641721638,0.0587354190559263,0.0329617357171691,0.182408592215043,0.213649960151391,0.00409298762627499
"140",0,0.0733760345753621,0.0178015300205604,0.165842226150246,0.252125967714568,0.058579650307093,0.0328834407016911,0.182117954638366,0.213193258669367,0.00407993722274718
"141",0,0.0740646621582637,0.017751076428407,0.166811088729174,0.251512681064137,0.0584250831184946,0.0328055084391874,0.181825421971898,0.212737442155332,0.00406703593510578
"142",0,0.0747517541348941,0.0177008236212743,0.167777208484898,0.250902688927131,0.0582716905477175,0.0327279346447385,0.18153108139715,0.212282537832673,0.00405428040952373
"143",0,0.0754373152935205,0.0176507689632551,0.168740596232495,0.25029590561042,0.0581194458836633,0.0326507145973082,0.181235016650681,0.211828569431528,0.00404166733712884
"144",0,0.0761213503688726,0.017600909951255,0.169701262650423,0.249692251493874,0.0579683227802513,0.0325738433095587,0.180937308211609,0.211375557778003,0.00402919345615369
"145",0,0.0768637882082829,0.0175495683992112,0.170659126820909,0.249065932822152,0.0578144215736625,0.0324949527820696,0.180626342419764,0.210909117960886,0.00401674901306253
"146",0,0.0776045137643231,0.0174985368230584,0.171614205662591,0.248443493428103,0.0576614676731413,0.0324162984895996,0.180313753025994,0.210443308557039,0.00400442257614984
"147",0,0.0783435328094484,0.017447725156155,0.172566511178225,0.247824748020248,0.0575094700769785,0.0323379156865192,0.179999635516224,0.209978249844014,0.00399221171218719
"148",0,0.0790808509547487,0.0173971256627963,0.173516054948349,0.247209502163217,0.0573584261731581,0.0322598246882094,0.1796840721215,0.209514028906574,0.00398011438144877
"149",0,0.0798164736897059,0.0173467305819617,0.1744628481299,0.246597604847005,0.0572083289752636,0.0321820357859366,0.179367142103861,0.209050707234815,0.00396812865155135
"150",0,0.0805504064059914,0.0172965361097569,0.175406901672196,0.245988927633766,0.0570591684501103,0.0321045543016659,0.179048920936438,0.208588331864404,0.00395625262567059
"151",0,0.0812826544120054,0.017246539061451,0.176348226350733,0.245383360185547,0.0569109325824367,0.0320273824857528,0.178729480601651,0.208126939905217,0.00394448441520495
"152",0,0.0820132229431768,0.0171967366291207,0.177286832787747,0.244780805686227,0.0567636080243706,0.0319505206393828,0.1784088898012,0.207666561359076,0.00393282212969916
"153",0,0.0827421171696419,0.0171471262242474,0.178222731464192,0.244181177895164,0.0566171805445261,0.031873967772023,0.178087214177702,0.207207220878169,0.00392126387433489
"154",0,0.0834693422022345,0.0170977054249299,0.179155932728834,0.243584399050971,0.0564716353457506,0.0317977220214458,0.177764516517294,0.20674893895757,0.0039098077509705
"155",0,0.0841949030973036,0.0170484719521243,0.180086446806047,0.242990398342015,0.0563269572968067,0.0317217809323601,0.177440856934014,0.206291732778466,0.00389845186086283
"156",0,0.0849188048606814,0.0169994236525979,0.18101428380268,0.242399110761412,0.056183131104283,0.0316461416474372,0.17711629303629,0.205835616826496,0.00388719430812252
"157",0,0.0857039611051682,0.0169488122617322,0.181939358404431,0.241783532600771,0.0560360889007294,0.0315683236638238,0.176778531902824,0.205365469305251,0.00387592185526949
"158",0,0.0864872533207867,0.0168985063876133,0.182861687286556,0.241171491509291,0.0558897387281416,0.0314906941858261,0.176439841398899,0.20489605876671,0.00386472841617562
"159",0,0.0872686876997413,0.0168484124114398,0.18378128201455,0.240562809474504,0.0557441009641206,0.0314132922456258,0.176100297360814,0.204427504991517,0.0038536128376868
"160",0,0.0880482702602745,0.016798522692856,0.184698153736895,0.239957298737792,0.0555991833477746,0.0313361411216804,0.17575996249815,0.203959893267905,0.00384257433667346
"161",0,0.0888260068916927,0.016748829543582,0.185612313182439,0.239354816572134,0.0554549886006122,0.0312592534932882,0.175418897174587,0.203493282340485,0.00383161220117971
"162",0,0.0896019033811878,0.0166993293840622,0.186523770884661,0.238755243438203,0.0553115158402305,0.0311826367473589,0.175077158523196,0.203027716084728,0.00382072571637168
"163",0,0.0903759654301077,0.0166500192665399,0.187432537216148,0.238158478278646,0.0551687617168468,0.0311062949732548,0.174734800735367,0.202563228246051,0.00380991413703948
"164",0,0.0911481986653983,0.0166008966242863,0.188338622409391,0.237564433724568,0.0550267211127393,0.0310302301441152,0.174391875257497,0.202099845383844,0.00379917667816061
"165",0,0.0919186086480626,0.0165519591081953,0.189242036568671,0.236973033016168,0.0548853876303456,0.0309544428101959,0.174048431000439,0.201637588704559,0.00378851251336365
"166",0,0.0926872008797015,0.0165032045322186,0.190142789678948,0.236384207816723,0.0547447539415474,0.030878932542874,0.173704514529598,0.201176475301308,0.00377792077708175
"167",0,0.0934539808077257,0.0164546308489124,0.191040891613435,0.235797896621805,0.0546048120457496,0.0308036982300853,0.173360170236557,0.20071651902729,0.00376740056843951
"168",0,0.0942189538296063,0.0164062361319551,0.191936352140204,0.235214043572115,0.0544655534644182,0.0307287382796419,0.173015440492588,0.200257731133591,0.00375695095588015
"169",0,0.0950486821562717,0.0163561845797789,0.192829080828366,0.234604140234681,0.0543226925602022,0.0306514323760782,0.172657237748696,0.19978409601159,0.00374645350433621
"170",0,0.0958763758180748,0.0163064393994603,0.193719094399847,0.233997593572041,0.0541803606651601,0.0305742841743198,0.172298592319604,0.199311251387741,0.00373600826375225
"171",0,0.0967020415820178,0.0162569023924458,0.194606404216851,0.233394226370924,0.0540385862178139,0.03049733619923,0.171939567561813,0.198839320460816,0.00372561499808781
"172",0,0.0975256860226329,0.0162075658451145,0.195491021220568,0.232793851128058,0.0538973840206754,0.0304206142811782,0.171580213479913,0.198368390170347,0.00371527383151354
"173",0,0.0983473155734876,0.0161584219737546,0.196372955927347,0.232196327572331,0.0537567633168301,0.030344133000526,0.171220578122523,0.197898519579681,0.00370498493351989
"174",0,0.0991669365577675,0.0161094672967182,0.197252218663508,0.231601539608261,0.0536167292956963,0.0302679012987195,0.170860706630065,0.197429752207668,0.00369474844159556
"175",0,0.0999845552067381,0.0160606989850421,0.198128819600966,0.231009390326421,0.0534772843052774,0.0301919245886861,0.17050064152383,0.196962121029987,0.00368456443305178
"176",0,0.100800177672665,0.0160121146010396,0.199002768778584,0.23041979694432,0.0533384286015265,0.0301162060052699,0.170140422897745,0.196495651582947,0.0036744329159023
"177",0,0.101613810038312,0.01596371192737,0.199874076114204,0.229832687560948,0.0532001608737422,0.030040747139866,0.169780088624004,0.19603036389349,0.00366435382806386
"178",0,0.102425458324246,0.0159154889101914,0.200742751413564,0.229247998856585,0.0530624786227257,0.0299655485114168,0.16941967453872,0.195566273782121,0.00365432704043039
"179",0,0.103235128494609,0.0158674436337677,0.201608804377845,0.22866567442208,0.0529253784420658,0.0298906098802802,0.169059214608522,0.195103393779074,0.00364435236175504
"180",0,0.104042826461812,0.0158195743023629,0.202472244610213,0.228085663514689,0.052788856231835,0.0298159304646442,0.168698741078461,0.194641733791691,0.00363442954429141
"181",0,0.104921901508646,0.0157698728877026,0.203332972114653,0.227476606549443,0.052648203047854,0.0297386261207661,0.168323759881574,0.194163628841615,0.00362442904774629
"182",0,0.105798739313124,0.0157204878373638,0.204191004158487,0.226870877345613,0.0525079683780131,0.0296614549702866,0.16794867928856,0.193686327045769,0.00361446166278395
"183",0,0.106673347446535,0.0156713118154791,0.205046352150591,0.226268289499369,0.052368188331283,0.0295844647337439,0.167573556027668,0.193209962146586,0.00360452784874486
"184",0,0.107545733256078,0.01562233666967,0.205899027054882,0.225668645364488,0.0522288838279336,0.02950768473173,0.167198432530978,0.192734628124332,0.00359462843990829
"185",0,0.108415903926497,0.0155735541501834,0.206749039385,0.225071798968277,0.0520900695070321,0.0294311318727386,0.166823349485311,0.192260388405516,0.00358476429944428
"186",0,0.10928386651657,0.0155249606996466,0.207596399460423,0.224477630668999,0.0519517553898423,0.0293548168304866,0.166448344769724,0.191787289429419,0.00357493623488998
"187",0,0.110149627981061,0.0154765534640127,0.208441117444852,0.223886041648519,0.0518139482200928,0.0292787463676265,0.166073453760355,0.191315366145795,0.00356514496768554
"188",0,0.111013195186021,0.0154283300088878,0.209283203369119,0.223296948353033,0.0516766522942066,0.0292029247128278,0.165698709528419,0.190844645423815,0.00355539112367051
"189",0,0.111874574919992,0.0153802881333881,0.210122667143931,0.222710278931508,0.0515398700447832,0.0291273543701893,0.165324143053853,0.190375148169629,0.00354567523272633
"190",0,0.112733773902571,0.0153324258085101,0.21095951856925,0.222125970715142,0.0514036024618167,0.0290520366384563,0.164949783417443,0.189906890754138,0.00353599773267238
"191",0,0.113590798791173,0.0152847411497003,0.211793767342177,0.221543968389557,0.0512678494071072,0.0289769719572791,0.164575657972421,0.189439886015443,0.00352635897514202
"192",0,0.114445656186463,0.0152372323973434,0.212625423063775,0.220964222636062,0.0511326098541086,0.0289021601461934,0.164201792495915,0.188974143987854,0.00351675923228473
"193",0,0.115373714804785,0.015187851214198,0.213454383535841,0.220354554648426,0.0509930548114823,0.0288246403339201,0.163813236083183,0.188491498544227,0.00350706602393799
"194",0,0.116299318715841,0.0151387898299064,0.214280666213153,0.219748196388142,0.0508538561882016,0.0287472457466031,0.163424842022934,0.188009691311731,0.00349739358348711
"195",0,0.117222476382039,0.0150899386382193,0.215104282568131,0.219144958756598,0.0507150538466486,0.0286700258613723,0.16303666179661,0.187528859293659,0.00348774285672341
"196",0,0.118143196016712,0.0150412894156151,0.215925243624345,0.218544641622032,0.0505766719137692,0.0285930112398239,0.162648732365571,0.187049098646687,0.00347811515544523
"197",0,0.119061485653056,0.0149928338270426,0.216743559950439,0.217947097936,0.0504387279459665,0.0285162196736799,0.162261089073171,0.186570474137478,0.00346851180316688
"198",0,0.119977353184939,0.0149445683177108,0.217559241921031,0.217352207720847,0.0503012346458448,0.0284396625295146,0.161873764551661,0.186093033079215,0.00345893404923694
"199",0,0.120890806391448,0.0148964900468838,0.218372299755693,0.216759872368407,0.0501642012462108,0.0283633471370668,0.16148678903262,0.185616810983303,0.00344938303836728
"200",0,0.121801852953985,0.014848596600278,0.219182743542222,0.216170008915764,0.0500276343692579,0.028287278205188,0.161100190547157,0.185141835064522,0.00343985980162632
"201",0,0.122710500468775,0.0148008858005225,0.219990583249574,0.215582546376789,0.0498915386316409,0.028211458654717,0.160713995141876,0.184668126419331,0.00343036525677439
"202",0,0.123616756456425,0.0147533556443844,0.220795828737367,0.214997423145944,0.0497559170823145,0.0281358901531051,0.160328227072583,0.184195701494952,0.00342090021292439
"203",0,0.12452062836944,0.0147060042747167,0.221598489763857,0.214414585115648,0.0496207715301738,0.0280605734712151,0.159942908976789,0.183724573120962,0.00341146537719728
"204",0,0.125422123598277,0.0146588299604747,0.222398575992816,0.213833984276806,0.0494861027946847,0.0279855087297752,0.159558062025469,0.183254751259506,0.00340206136219038
"205",0,0.126403288779301,0.0146096190967097,0.223195976268359,0.213220636291327,0.0493466613188009,0.0279074750338182,0.159157355933985,0.18276644295752,0.00339254432017935
"206",0,0.12738174591809,0.0145607417080352,0.223990708791721,0.212610688874275,0.0492075305812484,0.0278295558882028,0.158757006691272,0.18227898266925,0.0033830388779055
"207",0,0.128357504640153,0.0145120792829966,0.224782785295726,0.212003940159937,0.0490687558203326,0.0277518054468859,0.158357064124899,0.181792518864152,0.00337354636491841
"208",0,0.129330574279256,0.0144636230938157,0.225572217036828,0.211400176584214,0.0489303650966053,0.0276742572938775,0.157957562445558,0.181307155669684,0.00336406850016133
"209",0,0.130300963959104,0.0144153642737718,0.226359014787533,0.210799242148182,0.0487923792722666,0.0275969311199439,0.157558534293217,0.180822963139068,0.00335460700691361
"210",0,0.131268682641628,0.0143672991104562,0.227143189117722,0.210201010167087,0.0486548138790936,0.0275198396217111,0.157160009541478,0.180339992401191,0.00334516351963428
"211",0,0.132233739155984,0.0143194246555546,0.227924750436355,0.209605377047171,0.0485176806247632,0.0274429910984391,0.156762015628902,0.179858281801804,0.00333573955102578
"212",0,0.133196142218717,0.0142717384165227,0.228703709016348,0.209012256065569,0.0483809883282106,0.0273663909914288,0.156364577770522,0.179377860710252,0.00332633648243049
"213",0,0.134155900448476,0.0142242381526022,0.229480075008314,0.208421573387228,0.0482447435786858,0.0272900427895653,0.155967719186682,0.178898751884066,0.00331695556438111
"214",0,0.135113022377249,0.0141769218074834,0.230253858450634,0.207833265248551,0.0481089512129859,0.0272139486106076,0.155571461307937,0.1784209730627,0.00330759792185221
"215",0,0.136067516459175,0.0141297874792511,0.231025069277879,0.207247275916932,0.04797361467288,0.0271381095891631,0.155175823957135,0.177944538085906,0.00329826456167908
"216",0,0.13701939107762,0.0140828333989927,0.231793717328074,0.206663556175326,0.0478387362788114,0.0270625261447154,0.154780825509153,0.177469457706449,0.00328895638085884
"217",0,0.138054366650566,0.0140337635483,0.232559687121416,0.206045595742379,0.0476988371427227,0.0269838352994374,0.154369355973821,0.176975035167043,0.0032795233543137
"218",0,0.139086355768552,0.0139850369174321,0.233322997391014,0.205431130549539,0.0475592267510817,0.0269052580250449,0.153958404104539,0.176481494545447,0.00327009594734955
"219",0,0.140115369385216,0.013936530400074,0.234083660150773,0.20481995005377,0.047419953630937,0.0268268510713911,0.153548018479763,0.175988991044433,0.0032606757836425
"220",0,0.141141418121774,0.0138882349913901,0.234841686923109,0.204211832120078,0.0472810482964353,0.0267486497023245,0.153138231427552,0.175497633534381,0.0032512648829556
"221",0,0.142164512360122,0.0138401415296955,0.235597088730389,0.203606614787695,0.0471425336843957,0.0266706746630632,0.152729073709861,0.175007495274942,0.00324186525983628
"222",0,0.143184662297886,0.0137922461924716,0.236349876386345,0.20300416678913,0.0470044271102128,0.02659293938411,0.152320573274998,0.174518629737893,0.00323247882695345
"223",0,0.144201877981493,0.0137445459468788,0.237100060539176,0.202404381002647,0.0468667418454795,0.026515452694034,0.151912755603717,0.174031077025357,0.0032231073612171
"224",0,0.145216169329164,0.0136970382320782,0.237847651697308,0.201807167942082,0.0467294880985762,0.0264382204279714,0.151505643929709,0.173544867848898,0.00321375249421221
"225",0,0.146227546147714,0.0136497207481285,0.238592660243636,0.201212451586701,0.0465926737062284,0.0263612463742392,0.151099259477832,0.173060026002324,0.00320441571319729
"226",0,0.147236018145345,0.0136025913862916,0.239335096445957,0.200620166432454,0.0464563046347817,0.0262845328821929,0.150693621677149,0.172576570028847,0.00319509836698093
"227",0,0.148241594941703,0.013555648197803,0.240074970465706,0.200030255355388,0.0463203853560173,0.0262080812680754,0.150288748349973,0.1720945143913,0.0031858016740347
"228",0,0.149244286075933,0.0135088893716049,0.240812292365469,0.199442668024615,0.0461849191352482,0.0261318920954873,0.149884655877458,0.171613870322682,0.00317652673150286
