"","Alive","Death","ODN","ODF","REL","BUP","BUPC","MET","METC","ABS"
"0",0,1.11022302462516e-16,0,0,0,0,0,1,0,0
"1",0,0.000324118630494863,0.0077712765812027,0.000515063095478838,0.280671567552522,0,0,0.70592676692866,0,0.00479120721164173
"2",0,0.000710322334572799,0.0406759807810105,0.00321097751234323,0.289898247657531,0.00818974780173749,0.00818974780173749,0.623675141060005,0.019816127285934,0.00563370776512831
"3",0,0.00110460445544314,0.030278755846426,0.00521778676054715,0.315146014295849,0.0165424571825909,0.0151245810429668,0.573336514465446,0.0368469594797345,0.0064023264709962
"4",0,0.00150120545071386,0.0285103318838522,0.00710738876348517,0.338402353338782,0.0215563530543387,0.0180021626951036,0.532244583762012,0.0455408660736724,0.00713475497804059
"5",0,0.00190162966306151,0.0290821471152077,0.00903488942052801,0.35449859161096,0.0254073456637664,0.0199091975012726,0.499695667583287,0.0527308554546293,0.00773967598728696
"6",0,0.00230483207871679,0.0292425507024663,0.0109730212740437,0.367265292850579,0.0285865792776477,0.0213321245581291,0.473151450762345,0.0588717648938089,0.00827238360226319
"7",0,0.00271000194318682,0.0294948846906098,0.012927877268525,0.377771445010127,0.0311975820230056,0.0223604075108854,0.450796335978678,0.0639846032064646,0.00875686236851772
"8",0,0.00311666716761771,0.0298179662722246,0.0149041463986451,0.386398009315307,0.0333857734542534,0.0231462716968446,0.431672707166148,0.0683568365931572,0.00920162193580252
"9",0,0.00352443150686499,0.030125835493145,0.0169008204226423,0.393578442255413,0.0352474823941013,0.0237725762501498,0.415093643264123,0.072142258236169,0.00961451017739156
"10",0,0.00393297383160995,0.0304148497767665,0.0189166496768008,0.39961330711297,0.0368464734761847,0.0242855616060289,0.400551338158158,0.0754376857505585,0.0100011606109234
"11",0,0.00434203755018403,0.0306841053385633,0.0209503245965568,0.404709442713873,0.0382322804956723,0.0247178305133026,0.387674487944402,0.0783240632210366,0.010365427626409
"12",0,0.00475141099575194,0.0309310889416459,0.023000369045541,0.409026704081268,0.0394432014583846,0.0250914280302267,0.376180643766821,0.0808649434537805,0.0107102102265805
"13",0,0.00518287786902294,0.0311550790241844,0.0250652590638552,0.412678723230199,0.040508138641799,0.0254206020961144,0.365842787617252,0.0831088744463948,0.0110376580111778
"14",0,0.00561431644245813,0.0313579336394023,0.0271435938392764,0.415775438010555,0.0414513687090957,0.0257161231049226,0.356493163640652,0.0850984989279952,0.0113495636856425
"15",0,0.00604559227576218,0.0315406541617153,0.0292340389284726,0.418396671304992,0.0422917396679179,0.0259851535893599,0.347991150058187,0.0868676867474245,0.0116473132661681
"16",0,0.00647658982328481,0.0317044697527317,0.0313353413542357,0.42060785530053,0.0430444383239854,0.0262327101360406,0.340221954072257,0.0884446099315407,0.0119320313053941
"17",0,0.00690720918015264,0.0318506179865377,0.0334463301630424,0.422463283076598,0.0437218110584821,0.0264623488776101,0.333090809336103,0.0898529454076923,0.0122046449137822
"18",0,0.00733736351682679,0.0319802916835222,0.0355659134588774,0.424008495967456,0.0443339672466031,0.0266766134569372,0.326518684955511,0.091112739000628,0.0124659307136384
"19",0,0.00776697704533436,0.0320946250431875,0.0376930745179705,0.425282028794828,0.0448892404744878,0.0268773437842038,0.320439084474797,0.0922410769372807,0.0127165489279105
"20",0,0.00819598338064775,0.032194683216557,0.0398268672124153,0.426316731999743,0.045394545524286,0.0270658903837118,0.314795617186198,0.0932526123508271,0.0129570687456144
"21",0,0.00862432420213144,0.0322814594864578,0.0419664112469035,0.42714079208679,0.0458556562895841,0.0272432629758769,0.309540125700872,0.0941599805197311,0.0131879874916534
"22",0,0.00905194814833377,0.0323558768224317,0.0441108874985149,0.427778529403128,0.0462774240148757,0.0274102340750473,0.304631223893994,0.0949741309018191,0.0134097452418551
"23",0,0.00947880989550098,0.0324187911093253,0.0462595335704923,0.428251030839979,0.0466639499019421,0.0275674114167558,0.300033141851288,0.0957045953467175,0.0136227360679988
"24",0,0.00990486938260948,0.0324709951963654,0.0484116396143786,0.428576657984407,0.0470187224184797,0.027715288581451,0.295714803515825,0.0963597065482652,0.0138273167582185
"25",0,0.0103580754532436,0.0325120855723145,0.0505664690378808,0.428756455552749,0.0473434853996919,0.0278534768408483,0.291642096803833,0.0969441688255628,0.0140236865138759
"26",0,0.0108103410839344,0.0325440006539533,0.0527234137227007,0.428819735186451,0.0476419690924708,0.0279830980963243,0.287798265747322,0.0974669328027686,0.0142122436140748
"27",0,0.0112616367440769,0.0325672312366811,0.0548818980793782,0.428778917279395,0.0479164297716728,0.0281044972728846,0.284162400636711,0.0979337171079985,0.0143932718712012
"28",0,0.0117119362371423,0.0325823813264853,0.0570413865506397,0.428644883214071,0.0481688190981978,0.0282179758042156,0.280716006284395,0.0983495750909143,0.0145670363939389
"29",0,0.0121612163377876,0.0325899961502165,0.0592013797156463,0.428427243965842,0.0484008499270022,0.0283238195972184,0.277442695270259,0.0987190123901595,0.0147337866458682
"30",0,0.012609456453599,0.0325905753294672,0.061361411267378,0.428134530043582,0.0486140320714905,0.0284222997837546,0.274327891322152,0.0990460445775225,0.0148937591510544
"31",0,0.0130566383375272,0.0325845848414198,0.0635210457827561,0.427774319993683,0.0488097041103927,0.0285136767878305,0.271358590184169,0.0993342608308627,0.0150471791313594
"32",0,0.0135027458354953,0.0325724576017668,0.0656798765314003,0.427353357185373,0.0489890601223108,0.0285982034717943,0.268523158402913,0.0995868789987214,0.0151942618502244
"33",0,0.0139477646635277,0.032554595747461,0.0678375234356821,0.426877652453465,0.0491531712490045,0.0286761265766468,0.265811160984754,0.0998067911615894,0.0153352137278702
"34",0,0.0143916822113168,0.0325313732698041,0.0699936312052925,0.426352572017987,0.0493030034829352,0.0287476875145498,0.263213214221147,0.0999966028450746,0.0154702332318932
"35",0,0.0148344873686637,0.0325031381889501,0.072147867615932,0.425782913684565,0.0494394324295271,0.0288131227553736,0.26072085950269,0.100158666856948,0.0155995115973504
"36",0,0.0152761703717664,0.0324702145445824,0.0742999219199375,0.425172973140309,0.0495632555746537,0.028872663921958,0.258326454624219,0.100295112488934,0.0157232334136405
"37",0,0.0157513608801922,0.0324314592426971,0.0764494076078931,0.424507751697473,0.0496735448319891,0.0289254740717543,0.256015180044946,0.100404426365164,0.0158413952578907
"38",0,0.0162253048055975,0.0323887618975954,0.0785960634098567,0.423809900783758,0.0497725343677567,0.0289727909714487,0.253788616579811,0.100491713431674,0.015954313752501
"39",0,0.0166979953749899,0.0323422014126102,0.0807396332854254,0.423082580317856,0.049860878791288,0.0290148581530682,0.251641093194124,0.100558598409143,0.0160621610614953
"40",0,0.0171694267339869,0.0322920508163067,0.0828798792899284,0.422328529247039,0.0499391625453772,0.0290518910612047,0.2495674146115,0.100606543121052,0.0161651025736049
"41",0,0.0176395938808753,0.0322385440529765,0.0850165789840072,0.421550205230957,0.0500079293553223,0.0290841024127189,0.247562849742089,0.1006368985366,0.0162632978044534
"42",0,0.0181084925765642,0.0321818916911521,0.0871495238843216,0.420749845579765,0.0500676831507391,0.0291116960184327,0.245623068876151,0.100650896837549,0.0163569013853248
"43",0,0.0185761192753275,0.0321222935982439,0.0892785187543036,0.419929477165724,0.0501188924297181,0.0291348676026282,0.24374410314042,0.100649664859137,0.0164460631744969
"44",0,0.0190424710618281,0.0320599369163169,0.0914033807607487,0.419090935276807,0.0501619947296768,0.0291538060589924,0.241922310003241,0.100634236785787,0.0165309284066016
"45",0,0.0195075455929288,0.0319949965684325,0.0935239386639679,0.418235883616832,0.0501973997971638,0.0291686936394471,0.240154340996462,0.100605563252093,0.0166116378726733
"46",0,0.0199713410452509,0.0319276364294229,0.095640032085535,0.417365831384168,0.0502254922533898,0.0291797060993537,0.23843711311608,0.10056451951896,0.0166883280678395
"47",0,0.0204338560678528,0.0318580100891932,0.0977515108266245,0.416482148694789,0.0502466339034672,0.0291870128470094,0.236767783464287,0.100511912782865,0.0167611313239122
"48",0,0.0208950897394624,0.0317862615574957,0.09985823423306,0.415586080543486,0.0502611657146611,0.0291907770591863,0.235143726618901,0.100448488600754,0.0168301759329936
"49",0,0.0213897982925896,0.0317110612275236,0.101959973527254,0.414659718417826,0.0502676713842567,0.029190043278276,0.233554986542245,0.100371361900844,0.0168953854291844
"50",0,0.0218831074553388,0.0316341714721293,0.104056616737812,0.413723500080603,0.0502681029330314,0.0291860302049768,0.232006764662728,0.100284663544313,0.016957042909068
"51",0,0.0223750176395807,0.0315555209144585,0.106148047162636,0.412778420124495,0.0502627855098708,0.0291789105926063,0.230497016697595,0.100189010877608,0.0170152704811492
"52",0,0.0228655295357135,0.0314752509083714,0.108234157468252,0.411825272542321,0.0502520044029029,0.0291688285120588,0.229023814256134,0.100084957484478,0.0170701848897687
"53",0,0.0233546441136363,0.031393471660842,0.110314847625461,0.410864773901207,0.0502360309044882,0.0291559254348237,0.227585374507675,0.0999730334726397,0.0171218983792273
"54",0,0.023842362589776,0.0313102785790748,0.112390023928445,0.409897601622429,0.05021511965334,0.0291403341678693,0.226180032700731,0.0998537271566367,0.0171705196016991
"55",0,0.0243286864099375,0.0312257645540155,0.11445959882799,0.408924383007041,0.05018951016879,0.0291221800521864,0.224806233099055,0.099727490236746,0.0172161536442385
"56",0,0.0248136172325922,0.0311400172038539,0.116523490582027,0.407945696261839,0.0501594289225636,0.0291015825262364,0.223462521985834,0.0995947431681029,0.0172589021169508
"57",0,0.025297156911798,0.0310531188042327,0.118581622901531,0.406962074874568,0.0501250904509195,0.0290786555501285,0.222147539455938,0.0994558777641253,0.0172988632867588
"58",0,0.0257793074814655,0.0309651469441839,0.120633924639911,0.405974010896215,0.0500866982660127,0.029053507948338,0.220860011979906,0.0993112596551664,0.0173361321888018
"59",0,0.0262600711408567,0.0308761748066198,0.122680329500974,0.404981958185384,0.0500444456658025,0.0290262437222544,0.219598745693867,0.0991612305536696,0.0173708007305721
"60",0,0.0267394502411894,0.0307862714301204,0.124720775764257,0.403986335600156,0.0499985164252238,0.028996962296374,0.218362620232109,0.0990061102176651,0.0174029577929056
"61",0,0.0272556041586299,0.0306938910630742,0.12675509926028,0.40296653744211,0.0499471241341114,0.0289645051424294,0.217142590016992,0.0988421950335497,0.0174324537488235
"62",0,0.0277702442380144,0.0306008974559634,0.128783259344844,0.401944327408267,0.0498922997469466,0.0289301692792715,0.215945552111002,0.0986736851915824,0.0174595652241089
"63",0,0.0282833737387053,0.0305071364764465,0.130805205158194,0.400920098362735,0.0498342431517388,0.0288940720566272,0.21477062202007,0.098500870492741,0.0174843785427416
"64",0,0.0287949959893646,0.0304126961568983,0.132820891675171,0.399894083778607,0.0497731194457403,0.0288563017717247,0.213616933475682,0.098324002348376,0.0175069753584358
"65",0,0.0293051144122932,0.0303176338005577,0.134830277668546,0.398866492577182,0.049709086696608,0.028816946298383,0.212483680802069,0.0981433340919544,0.0175274336524057
"66",0,0.0298137325056873,0.03022199450951,0.136833324900357,0.397837544735139,0.0496422923364719,0.0287760863666664,0.211370097828915,0.0979590981007311,0.0175458287165223
"67",0,0.0303208538427296,0.0301258244211667,0.138829998190528,0.396807453410121,0.0495728743293149,0.0287337969258886,0.210275456362035,0.0977715093573683,0.017562233160848
"68",0,0.0308264820692082,0.0300291673800689,0.140820265264903,0.395776421177384,0.0495009629578301,0.0286901488511564,0.209199065968003,0.0975807693400563,0.0175767169913898
"69",0,0.0313306208989875,0.0299320646187206,0.142804096582126,0.394744640478642,0.0494266815973109,0.0286452093757262,0.208140271645216,0.0973870670658898,0.0175893477373816
"70",0,0.0318332741095608,0.02983455525329,0.144781465193373,0.393712293343149,0.0493501473102236,0.0285990424222886,0.207098451659562,0.0971905801552486,0.0176001905533042
"71",0,0.0323344455377029,0.029736676381473,0.146752346608576,0.392679551485845,0.0492714713660856,0.0285517088926101,0.206073015572038,0.0969914758433648,0.0176093083123044
"72",0,0.0328341390752167,0.0296384631758757,0.148716718668828,0.391646576715372,0.0491907596633164,0.0285032668780156,0.205063402324765,0.096789911803068,0.0176167616955421
"73",0,0.033370335693403,0.029538350395155,0.150674455474473,0.39059255893499,0.0491061258572251,0.028452502892312,0.204061305504294,0.0965820018489307,0.017622363399217
"74",0,0.0339049242881226,0.0294381601588469,0.152625551891925,0.38953902398967,0.0490195585064044,0.0284006926327493,0.203073872477055,0.096371841982665,0.017626374072562
"75",0,0.0344379095305118,0.0293377102286098,0.154569990709244,0.388486169694161,0.0489311906418094,0.0283479170531355,0.20210066756877,0.0961595902527625,0.0176288543209955
"76",0,0.0349692960835023,0.0292370624498821,0.156507758813466,0.387434048550547,0.0488411239208617,0.028294229853791,0.201141243219115,0.0959453762928823,0.0176298608159524
"77",0,0.0354990886339618,0.0291362491247747,0.158438845232543,0.38638270465545,0.0487494559555415,0.0282396857061063,0.200195183832254,0.0957293395360192,0.0176294473233501
"78",0,0.0360272918799398,0.0290352919374126,0.1603632404316,0.38533220706293,0.0486562765660008,0.0281843335357021,0.199262087092119,0.0955116058305381,0.0176276656637579
"79",0,0.0365539105353728,0.0289342149430801,0.162280936470097,0.384282630485462,0.0485616688352438,0.0281282178798048,0.198341564629651,0.095292290518785,0.0176245657025039
"80",0,0.037078949332611,0.0288330411693202,0.164191926933705,0.3832340503619,0.0484657107540025,0.0280713805411113,0.197433243710289,0.0950715017853896,0.0176201954116709
"81",0,0.0376024130221828,0.0287317922225058,0.16609620684012,0.382186542215466,0.0483684758647748,0.0280138609730722,0.196536766651718,0.0948493412296231,0.0176146009805365
"82",0,0.038124306372225,0.02863048870333,0.167993772572406,0.381140180416168,0.0482700337326774,0.0279556965618706,0.195651790245409,0.0946259044951697,0.0176078269007438
"83",0,0.0386446341676452,0.028529150233208,0.169884621814092,0.380095037421705,0.0481704503473639,0.027896922865693,0.194777985226035,0.0944012818814837,0.0175999160427743
"84",0,0.039163401209046,0.0284277954813538,0.17176875348606,0.379051183414967,0.0480697884332583,0.0278375737754204,0.193915035671717,0.0941755587999224,0.0175909097282557
"85",0,0.0397226097027503,0.0283246846696264,0.173646051200529,0.377985440423462,0.0479658833651658,0.027776262335344,0.193054186268412,0.0939443159067749,0.0175805661279356
"86",0,0.0402801100120525,0.02822180460082,0.175516530250632,0.376921590847232,0.0478609125914956,0.027714388341598,0.192203459216978,0.0937120448402997,0.0175691592988917
"87",0,0.0408359077699466,0.0281189368512311,0.17738019145286,0.375859766861996,0.047754976068014,0.0276520148814718,0.191362627794385,0.0934788453289175,0.0175567329911781
"88",0,0.0413900085599171,0.0280161337774818,0.179237039093785,0.374799943715505,0.0476481413873956,0.0275891763268892,0.190531438732606,0.0932447910634982,0.0175433273429227
"89",0,0.0419424179563395,0.027913415609123,0.181087078800748,0.373742094039048,0.0475404736115897,0.0275259091201046,0.189709660581292,0.0930099702444206,0.0175289800373339
"90",0,0.0424931415121119,0.0278107917859383,0.182930316826741,0.372686223399252,0.0474320310652876,0.0274622443692242,0.188897064075428,0.0927744596338967,0.0175137273321198
"91",0,0.0430421847668055,0.0277082750960207,0.184766760272321,0.371632348419876,0.0473228664514812,0.0273982093498416,0.188093423806406,0.092538327812825,0.0174976040244236
"92",0,0.043589553251919,0.0276058778986675,0.186596417057191,0.370580490936281,0.0472130285828627,0.0273338292868664,0.187298520848575,0.0923016386398507,0.0174806434977868
"93",0,0.0441352524926645,0.0275036116571465,0.188419295860815,0.369530676882126,0.0471025630161124,0.0272691277427925,0.186512142837678,0.0920644516883505,0.0174628778223137
"94",0,0.0446792880091809,0.0274014873551724,0.190235406090635,0.368482934580661,0.0469915124968677,0.0272041268902609,0.185734083993094,0.0918268227564299,0.0174443378276976
"95",0,0.0452216653172745,0.0272995154898226,0.192044757849813,0.367437293602288,0.0468799173305781,0.0271388477369154,0.184964145138831,0.0915888043672563,0.0174250531672214
"96",0,0.045762389928738,0.027197706067578,0.193847361904722,0.36639378409013,0.0467678156551319,0.0270733102644733,0.184202133601129,0.0913504461104211,0.0174050523776771
"97",0,0.0463460567691623,0.027094216894224,0.195643106925156,0.365327697426113,0.0466528619132424,0.0270060146440884,0.183439001409906,0.0911069883370725,0.0173840556810348
"98",0,0.0469279103404412,0.0269911335267948,0.19743201980704,0.364264310023393,0.0465373628825872,0.0269384448952939,0.182683276877917,0.0908631935341124,0.0173623481124201
"99",0,0.0475079570607486,0.026888216735204,0.199214111590652,0.363203725346861,0.0464213997046434,0.0268706539569527,0.181934841626196,0.0906191316945441,0.0173399622841979
"100",0,0.0480862032733431,0.0267855141177483,0.200989396470983,0.362145880711243,0.0463050205214346,0.0268026652148289,0.181193544151395,0.0903748481258413,0.0173169274131826
"101",0,0.0486626552930723,0.0266830393747453,0.20275788955105,0.361090713734865,0.0461882717114558,0.0267345046801007,0.180459250241287,0.0901304048411141,0.0172932705723096
"102",0,0.0492373193935594,0.026580795307418,0.204519606119527,0.360038198918352,0.0460711934334274,0.026666193208804,0.179731822664327,0.0898858531989135,0.0172690177556714
"103",0,0.0498102018176489,0.0264787885706996,0.206274561906166,0.358988324254563,0.0459538208074855,0.0265977481161614,0.179011123343256,0.0896412373582089,0.01724419382581
"104",0,0.0503813087843549,0.0263770256867217,0.208022773072989,0.3579410849166,0.0458361857067997,0.0265291850376745,0.178297016408879,0.0893965978357599,0.0172188225502211
"105",0,0.0509506464917809,0.0262755125427035,0.20976425617221,0.356896481913982,0.0457183173956616,0.026460518324759,0.177589368561697,0.0891519719035825,0.0171929266936226
"106",0,0.0515182211193124,0.0261742548108901,0.211499028131988,0.355854520161245,0.0456002429667121,0.0263917613153999,0.176888049350226,0.0889073940620178,0.0171665280822087
"107",0,0.0520840388292003,0.0260732579258343,0.213227106240671,0.354815207162835,0.0454819876993452,0.0263229265528565,0.176192931427057,0.0886628965033822,0.0171396476588177
"108",0,0.0526481057676143,0.0259725270659082,0.21494850812982,0.35377855220445,0.045363575315065,0.0262540259138255,0.175503890657891,0.0884185094112668,0.0171123055341601
"109",0,0.0532574180852214,0.0258701330587012,0.216663123569694,0.352718441528769,0.0452425026736803,0.0261834608490166,0.174811556204524,0.0881691737829364,0.0170841902474575
"110",0,0.0538648057138034,0.0257682501987595,0.218370986438009,0.351661552114924,0.0451212018663861,0.0261127963716895,0.174124895117136,0.0879199121134955,0.0170556000657963
"111",0,0.0544702757988321,0.025666623426932,0.220072113707722,0.350607973265541,0.044999743753934,0.0260420800943018,0.173443851377399,0.0876707782217778,0.0170265603535604
"112",0,0.0550738353908153,0.0255652983719232,0.221766525375959,0.349557618848219,0.044878165381097,0.0259713292072256,0.17276833222321,0.087421802021763,0.0169970931797884
"113",0,0.0556754914976606,0.02546428505448,0.223454242103998,0.348510405017951,0.044756502400487,0.0259005638170024,0.172098260009599,0.0871730314365158,0.0169672186623058
"114",0,0.0562752510709791,0.0253635824192306,0.225135284483172,0.347466287588514,0.0446347844209574,0.0258297988635454,0.171433551205054,0.0869245038844303,0.0169369560641175
"115",0,0.0568731210185749,0.0252631935913868,0.226809673311943,0.346425237368605,0.0445130362675923,0.0257590458506426,0.170774118902928,0.0866762499610373,0.0169063237272896
"116",0,0.0574691082128083,0.0251631217207876,0.228477429597541,0.345387233499873,0.0443912798381046,0.0256883147834598,0.170119876134877,0.0864282971098539,0.0168753391026952
"117",0,0.0580632194943737,0.0250633694574813,0.230138574522833,0.344352261952532,0.0442695347572989,0.0256176145793706,0.169470736380754,0.0861806700178074,0.0168440188375504
"118",0,0.0586554616752041,0.0249639393794756,0.23179312944155,0.343320313442136,0.0441478188196,0.0255469533445826,0.168826613978403,0.0859333910848261,0.0168123788342233
"119",0,0.0592458415406563,0.0248648339618236,0.233441115871465,0.342291382003453,0.0440261483476907,0.0254763385942497,0.168187424499389,0.0856864808813811,0.0167804342998917
"120",0,0.0598343658510626,0.0247660555505233,0.235082555485841,0.34126546410095,0.0439045384432361,0.0254057773774108,0.167553084963591,0.0854399584350301,0.0167481997923552
"121",0,0.0604700910261092,0.0246656071046256,0.236717337598461,0.340215239971923,0.0437803547063747,0.0253335887382392,0.166913929283694,0.0851885136294689,0.0167153379411048
"122",0,0.0611037738268482,0.0245657340324072,0.238345500343826,0.339168598935748,0.0436561398311509,0.0252614088150412,0.166279287427991,0.0849373964790186,0.0166821603079692
"123",0,0.0617354221133232,0.0244661695642905,0.239967064175536,0.338125621987672,0.0435319590094375,0.0251892824244097,0.16564914178434,0.0846866514101244,0.0166486875308671
"124",0,0.0623650436328088,0.0243669586065711,0.241582052523481,0.337086206519389,0.0434078428850767,0.0251172232440608,0.165023435971971,0.0844362996303496,0.0166149369862915
"125",0,0.0629926460778623,0.0242681089846789,0.243190489336205,0.336050253886466,0.0432838208605829,0.0250452479894908,0.164402127528483,0.0841863811169898,0.0165809242192402
"126",0,0.0636182370716208,0.0241696173081934,0.244792398337541,0.335017707191817,0.0431599163077498,0.0249733681173798,0.163785166351609,0.083936925250856,0.016546664063233
"127",0,0.0642418241822739,0.0240714845791307,0.246387803317733,0.333988525595756,0.0430361479081064,0.0249015916660671,0.163172497469432,0.083687954717157,0.0165121705643446
"128",0,0.0648634149327478,0.023973711911794,0.247976728140879,0.332962677388614,0.042912531566499,0.0248299252572512,0.162564064523168,0.083439489272145,0.0164774570069024
"129",0,0.0654830168052423,0.023876299995367,0.249559196716755,0.331940138356327,0.0427890810855919,0.0247583745244057,0.161959810367212,0.0831915461507994,0.0164425359983005
"130",0,0.066100637244752,0.0237792495286443,0.251135233001451,0.330920889582181,0.0426658086187073,0.0246869443984065,0.161359677556451,0.0829441405448283,0.0164074195245783
"131",0,0.0667162836617573,0.0236825611845648,0.252704860995659,0.329904915939315,0.042542725033894,0.0246156393321229,0.160763608791133,0.0826972860647616,0.0163721189967914
"132",0,0.0673299634341868,0.0235862355798882,0.254268104740948,0.328892205143798,0.0424198401657574,0.0245444634257626,0.160171547191084,0.0824509950249963,0.0163366452935787
"133",0,0.0679934946981251,0.0234881832544473,0.255824849794067,0.327853846181704,0.0422943553016712,0.0244716319708981,0.159573369912251,0.082199636570039,0.0163006323167973
"134",0,0.0686548556442443,0.0233907504082374,0.257375137212736,0.326819342117976,0.0421689613778079,0.0243988762326135,0.158978901709484,0.0819487647498126,0.0162644105470882
"135",0,0.0693140548823503,0.0232936561306078,0.258918989436536,0.32578877009594,0.042043721552862,0.0243262403882302,0.15838815101716,0.0816984188076808,0.0162279976886326
"136",0,0.0699711008904242,0.0231969460701024,0.26045643193053,0.324762012842763,0.04191866316087,0.0242537363063387,0.157801085608182,0.0814486150673355,0.0161914081234549
"137",0,0.0706260020796091,0.0231006267970129,0.261987490595248,0.323738958707095,0.0417938123065101,0.0241813789722673,0.157217686659262,0.0811993894329456,0.0161546544500496
"138",0,0.0712787667781317,0.0230046933601849,0.263512191003068,0.322719540271982,0.0416691888862104,0.0241091778839713,0.156637926348981,0.0809507668255156,0.0161177486419553
"139",0,0.0719294032481242,0.0229091454288689,0.265030558704445,0.32170370731826,0.0415448080343132,0.0240371390331592,0.156061770902463,0.080702765367943,0.0160807019624231
"140",0,0.0725779196968414,0.0228139828391627,0.266542619238973,0.32069141955419,0.0414206821224753,0.0239652669993915,0.155489184260578,0.0804554003004361,0.0160435249879522
"141",0,0.0732243242820342,0.0227192050393951,0.268048398109682,0.319682644834532,0.0412968214676843,0.0238935654051031,0.154920128754905,0.0802086844137778,0.0160062276928868
"142",0,0.0738686251161403,0.0226248115385334,0.269547920787056,0.318677356825789,0.0411732348057419,0.023822037216953,0.154354565656972,0.079962628548917,0.0159688195038971
"143",0,0.0745108302695091,0.0225308018673082,0.271041212710479,0.317675533404448,0.0410499296696386,0.0237506849804716,0.153792455677214,0.0797172420758834,0.0159313093450476
"144",0,0.0751509477727879,0.0224371755447755,0.272528299287458,0.316677155646443,0.0409269126497243,0.0236795109499344,0.153233759282856,0.0794725331870016,0.0158937056790195
"145",0,0.0758450023112995,0.0223416966853526,0.274009057735927,0.315650917130822,0.0408011450931356,0.0236065783166171,0.152667601712163,0.0792223965375033,0.0158556044771795
"146",0,0.0765367409087465,0.0222468741620609,0.2754835315564,0.314628760872551,0.0406755421684856,0.023533762193448,0.152104576788026,0.078972846158444,0.0158173651918383
"147",0,0.0772261730181598,0.0221524061386339,0.276951744244348,0.313610764254648,0.0405501682518536,0.0234611081780151,0.151544712859855,0.0787239191022951,0.0157790039521922
"148",0,0.0779133079373344,0.0220583407344555,0.278413722484486,0.312596794011661,0.0404250496353407,0.0233886275268264,0.150987995040027,0.0784756292450309,0.0157405333848378
"149",0,0.0785981548833584,0.021964683921078,0.279869493357314,0.311586724374865,0.0403002112849412,0.0233163347156804,0.150434421911608,0.0782280112436444,0.0157019643075105
"150",0,0.0792807229745252,0.0218714295431881,0.281319083535369,0.310580477413892,0.0401756715506272,0.0232442383167779,0.149883981702435,0.0779810880070581,0.0156633069561279
"151",0,0.0799610212503006,0.0217785763907002,0.282762519610988,0.309577993939157,0.0400514437643599,0.0231723431808358,0.149336655683881,0.0777348752912325,0.015624570888546
"152",0,0.0806390586845708,0.0216861234607007,0.284199828110034,0.308579225702469,0.0399275383800186,0.0231006526799433,0.148792422108506,0.077489385866303,0.0155857650074552
"153",0,0.0813148441920891,0.0215940693732797,0.285631035466917,0.307584133419466,0.0398039637367138,0.0230291692038331,0.148251256968065,0.077244629991912,0.0155468976477247
"154",0,0.081988386633514,0.0215024128454924,0.287056168031012,0.306592684237964,0.0396807265681785,0.022957894486965,0.147713134609426,0.0770006159554575,0.0155079766319904
"155",0,0.0826596948192995,0.0214111526488787,0.288475252070277,0.305604850001469,0.0395578324078574,0.0228868298610553,0.147178028291137,0.0767573505836558,0.0154690093163696
"156",0,0.0833287775125967,0.0213202875728093,0.289888313772432,0.304620606150094,0.0394352858665583,0.0228159763943827,0.146645910544261,0.0765148395546967,0.0154300026321693
"157",0,0.084053725402114,0.0212275242893118,0.291295227328469,0.303607447879815,0.0393099264251855,0.0227433202490531,0.146105558161518,0.0762667389844177,0.0153905312801163
"158",0,0.0847762025815476,0.0211354352207663,0.29269603742387,0.302598538674965,0.0391847829815436,0.0226708090768596,0.145567928962895,0.0760192940677377,0.0153509710098153
"159",0,0.0854962193883493,0.0210437098809525,0.294090768165774,0.301593953578909,0.0390599198843158,0.0225984887602806,0.145033063743526,0.0757725397740594,0.0153113368238339
"160",0,0.0862137859841149,0.0209523972604468,0.295479446908308,0.300593548912567,0.0389353625954127,0.0225263701573872,0.144500959464013,0.07552648858332,0.0152716401344304
"161",0,0.0869289124364613,0.020861502762026,0.296862101363682,0.299597190233569,0.038811135131085,0.0224544672739706,0.143971626231487,0.0752811740153911,0.0152318905523275
"162",0,0.087641608699573,0.0207710195428654,0.298238758790581,0.2986047926935,0.0386872546810859,0.0223827879955882,0.143445063007526,0.0750366174547497,0.0151920971345304
"163",0,0.0883518846369022,0.0206809458175966,0.299609446329358,0.297616291011777,0.0385637333048005,0.0223113363918305,0.142921261234334,0.0747928329907138,0.015152268282687
"164",0,0.089059750036149,0.0205912800277844,0.300974191017076,0.296631631448908,0.0384405801306785,0.0222401150203746,0.142400208879276,0.07454983167354,0.0151124117662135
"165",0,0.0897652146166592,0.0205020202528929,0.30233301976351,0.295650769698521,0.0383178021486643,0.0221691254470674,0.141881891243284,0.0743076220189391,0.0150725348104625
"166",0,0.0904682880352089,0.0204131646908323,0.303685959358995,0.294673668252339,0.0381954047387098,0.0220983685874218,0.141366291615584,0.0740662105682275,0.0150326441526818
"167",0,0.0911689798904833,0.020324711613996,0.305033036479367,0.293700294592841,0.0380733920893537,0.0220278449682535,0.140853391861794,0.0738256024159625,0.0149927460879488
"168",0,0.0918672997264365,0.020236659331264,0.306374277688376,0.292730620045346,0.0379517674843358,0.0219575548719647,0.140343172809288,0.073585801531982,0.0149528465110076
"169",0,0.0926239488051778,0.020146638188674,0.307709552494326,0.291730639537748,0.0378272200361324,0.0218853892684805,0.139823948653415,0.0733401675982243,0.0149124954178226
"170",0,0.0933779597337089,0.0200573058827829,0.309038906551797,0.290735049020808,0.0377029209282983,0.021813386667756,0.139307146987869,0.0730952355649752,0.0148720886620055
"171",0,0.0941293438187212,0.0199683409182506,0.310362364207365,0.28974392315314,0.037578935637356,0.0217415939974775,0.138792818287001,0.0728510393198242,0.0148316406608644
"172",0,0.0948781121676742,0.0198797937945081,0.311679953154598,0.288757107724815,0.0374552896218823,0.0216700221837532,0.138280968417519,0.0726075908245504,0.0147911621107001
"173",0,0.0956242757793236,0.0197916695913654,0.312991701423741,0.28777445960716,0.0373320067375177,0.0215986852275938,0.137771616274453,0.0723649234697426,0.0147506618891033
"174",0,0.0963678455226163,0.0197039609276456,0.314297636555831,0.286795887396116,0.0372091037235178,0.0215275907226345,0.137264768825398,0.0721230579929965,0.0147101483332444
"175",0,0.0971088321626294,0.0196166656230881,0.315597785947405,0.285821320205384,0.0370865920145887,0.0214567423057384,0.136760424996495,0.0718820076127011,0.0146696291319708
"176",0,0.097847246377585,0.019529781738304,0.316892176866458,0.284850699350546,0.0369644800180851,0.0213861420420013,0.136258579850797,0.0716417824067051,0.0146291113495194
"177",0,0.0985830987673507,0.019443306977143,0.318180836428803,0.283883976092812,0.0368427739428458,0.0213157909743039,0.135759225449841,0.0714023898515606,0.0145886015153403
"178",0,0.0993163998600842,0.0193572391777312,0.319463791606968,0.282921108880628,0.0367214783518515,0.0212456894830254,0.135262351548606,0.0711638354100663,0.01454810568104
"179",0,0.100047160117384,0.0192715762669994,0.320741069236083,0.281962061458486,0.0366005965983156,0.0211758375596799,0.134767946216031,0.0709261230799353,0.0145076294670863
"180",0,0.10077538993817,0.0191863162213445,0.322012696017158,0.281006801662492,0.036480131124189,0.0211062349579995,0.134275996244339,0.0706892557290005,0.014467178105307
"181",0,0.101567154998605,0.0190989094921843,0.323278529672739,0.280018282271211,0.036356470781104,0.0210345820344512,0.133773818468127,0.0704459958486555,0.0144262564329222
"182",0,0.102356086962485,0.0190122157426809,0.324538617457547,0.279034310085174,0.0362330734456607,0.0209631009199655,0.133273831442241,0.070203465299377,0.0143852986448695
"183",0,0.103142198302557,0.0189258885663009,0.325792983667241,0.278054964147616,0.036110008988592,0.0208918419063137,0.132776096305229,0.0699616987747766,0.0143443193413734
"184",0,0.103925501258677,0.018839982403546,0.327041656205677,0.277080074053544,0.0359873043901116,0.0208208167415992,0.132280627049146,0.0697207087944307,0.0143033291032696
"185",0,0.104706007942275,0.0187545024057045,0.328284663318126,0.276109482925372,0.0358649847756556,0.0207500402774443,0.131787451175051,0.0694805305829723,0.0142623365973987
"186",0,0.105483730312413,0.0186694405201171,0.329522032716149,0.275143089996928,0.035743067534035,0.0206795203702146,0.131296582994858,0.0692411856156062,0.0142213499396793
"187",0,0.106258680206688,0.0185847942561613,0.330753791946231,0.274180816845907,0.0356215643310214,0.02060926059414,0.130808027958707,0.0690026872854656,0.0141803765756794
"188",0,0.10703086936137,0.0185005613832319,0.331979968407019,0.273222598428016,0.0355004835640953,0.0205392628124454,0.130321787144716,0.0687650455933429,0.014139423305763
"189",0,0.107800309421554,0.0184167393000357,0.333200589324752,0.272268380568721,0.035379831265037,0.0204695277823171,0.129837858210182,0.0685282677471998,0.0140984963802023
"190",0,0.108567011949081,0.0183333255571229,0.334415681763324,0.271318116960544,0.0352596117016967,0.0204000555497988,0.129356236155325,0.0682923588037224,0.0140576015593856
"191",0,0.109330988428686,0.0182503178081693,0.335625272631121,0.270371767105941,0.0351398278511916,0.0203308457481635,0.128876914001172,0.0680573222623873,0.0140167441631676
"192",0,0.110092250272628,0.0181677137678021,0.336829388685059,0.269429295004454,0.0350204817238067,0.0202618977630043,0.128399883238659,0.067823160428837,0.0139759291157504
"193",0,0.110917846642839,0.0180829559370866,0.338027887176657,0.268453066445722,0.0348979019229172,0.0201908740328304,0.127912298965709,0.0675825193738506,0.0139346495023884
"194",0,0.111740408339536,0.0179989130329731,0.339220815489676,0.26748149099167,0.0347756042263384,0.020120033052166,0.127426748867992,0.0673426362039473,0.013893349795701
"195",0,0.112559949039875,0.0179152370257614,0.340408197941234,0.266514644990598,0.0346536585846681,0.0200494252071164,0.126943298308162,0.0671035445023642,0.0138520444002203
"196",0,0.113376482163032,0.0178319825826801,0.341590062471674,0.265552351501809,0.0345320920442847,0.019979062404126,0.126461966215194,0.0668652569799884,0.0138107436372122
"197",0,0.114190020982453,0.0177491545046214,0.342766437339529,0.264594448924014,0.0344109296173394,0.0199089594454891,0.125982784559679,0.0666278087080025,0.0137694559188722
"198",0,0.115000578600761,0.0176667445543144,0.343937350257388,0.263640832518597,0.0342901884398263,0.0198391240066146,0.125505771737964,0.0663912207790744,0.0137281891054606
"199",0,0.115808167984116,0.0175847500380486,0.345102828759302,0.262691420323918,0.0341698798617327,0.0197695594360824,0.125030937068057,0.0661555061445259,0.0136869503842187
"200",0,0.116612801984483,0.017503168522668,0.34626290021806,0.261746144126541,0.0340500119180367,0.0197002673403208,0.124558285292072,0.0659206743017299,0.0136457462960884
"201",0,0.117414493350986,0.0174219972152723,0.347417591821346,0.260804946849822,0.0339305902483093,0.0196312482047637,0.124087817558864,0.0656867319193993,0.0136045828312376
"202",0,0.118213254738769,0.0173412334812987,0.348566930582226,0.259867779495765,0.033811618710209,0.0195625017982402,0.123619532209396,0.0654536834942022,0.0135634654898936
"203",0,0.119009098715874,0.0172608747957792,0.349710943346421,0.258934599050025,0.0336930998603136,0.019494027476489,0.123153425469377,0.0652215319534087,0.0135223993323116
"204",0,0.119802037768442,0.017180918701129,0.350849656796767,0.258005367140503,0.0335750352835389,0.0194258243504933,0.122689491910272,0.0649902790246614,0.0134813890241934
"205",0,0.120664165717768,0.0170986477147006,0.351982917507335,0.25703958619514,0.033453470875434,0.0193553755043612,0.122213942721378,0.0647520088877418,0.0134398848761413
"206",0,0.121523027798234,0.0170171106799624,0.353110774122827,0.256078599700701,0.0333321935019268,0.0192851128224753,0.12174030034188,0.0645145125584083,0.0133983684735861
"207",0,0.122378639143524,0.0169359374055609,0.354233250752477,0.255122488401384,0.0332112774655004,0.0192150899673864,0.121268637586523,0.0642778245531887,0.0133568547244555
"208",0,0.123231014589227,0.0168551862509808,0.355350375373456,0.254171060377894,0.033090751638745,0.0191453199076872,0.120798978971697,0.0640419587293696,0.013315354160942
"209",0,0.124080168800646,0.0167748621263022,0.356462176288367,0.253224141736814,0.0329706425688037,0.0190758184506387,0.120331362423597,0.0638069522898695,0.0132738753149619
"210",0,0.124926116244751,0.0166949563051244,0.357568681221443,0.252281619473168,0.0328509683266428,0.0190065937077945,0.119865811163071,0.063572827410543,0.0132324261474625
"211",0,0.125768871230598,0.0166154659073723,0.358669917706035,0.251343405044845,0.0327317407990362,0.0189376491546751,0.119402338639717,0.0633395976009213,0.0131910139167994
"212",0,0.126608447935328,0.0165363883246491,0.359765913102613,0.25040942475961,0.0326129683197031,0.0188689863830293,0.118940953305822,0.063107272661905,0.0131496452073404
"213",0,0.127444860417529,0.0164577205748701,0.360856694574003,0.249479616912518,0.0324946566588826,0.0188006057763367,0.118481659683741,0.0628758593722687,0.0131083260298517
"214",0,0.128278122627653,0.016379459846505,0.361942289096686,0.248553928499282,0.0323768096836012,0.0187325069485349,0.118024459214784,0.06264536219744,0.0130670618855137
"215",0,0.129108248416085,0.0163016034472235,0.363022723468705,0.247632312966728,0.0322594298734979,0.01866468907123,0.117569351003323,0.0624157839346654,0.0130258578185425
"216",0,0.129935251539258,0.0162241487594133,0.36409802431461,0.246714728769811,0.0321425186743754,0.0185971510556974,0.117116332313209,0.0621871261096092,0.012984718464016
"217",0,0.130833531976801,0.0161443246903451,0.365168034597031,0.24575935146926,0.0320219895678124,0.0185272922044518,0.116651191179913,0.0619512119145422,0.0129430723998426
"218",0,0.131728299239198,0.0160652408203556,0.366232803374733,0.244808888347615,0.031901757278445,0.0184576255940978,0.116187873561266,0.0617160911636698,0.0129014206206202
"219",0,0.132619570049872,0.01598651919014,0.367292354656168,0.243863419765455,0.0317818977680792,0.0183882060984111,0.115726456034215,0.0614817981356406,0.0128597783020188
"220",0,0.133507360797692,0.0159082195163089,0.368346716407679,0.24292274457535,0.0316624407980528,0.0183190472879323,0.115266966959919,0.0612483475610592,0.0128181560960074
"221",0,0.134391687676611,0.0158303465382812,0.369395916909721,0.241986681934339,0.0315434135573092,0.0182501653764147,0.11480944787987,0.0610157775047342,0.0127765626227199
"222",0,0.135272566655841,0.0157528913174204,0.370439983850321,0.241055113681392,0.0314248344557167,0.0181815686003394,0.114353925028855,0.0607841104935921,0.0127350059165227
"223",0,0.136150013525558,0.0156758508318535,0.37147894471722,0.240127946960894,0.0313067155394159,0.0181132604270357,0.113900414535684,0.0605533601720168,0.0126934932903216
"224",0,0.137024043926119,0.0155992223323229,0.372512826815945,0.239205104384685,0.0311890651830742,0.0180452423676528,0.113448927286158,0.0603235363377048,0.0126520313663375
"225",0,0.137894673363242,0.0155230026981209,0.373541657245191,0.238286521009632,0.03107188911465,0.0179775146822861,0.112999470040162,0.0600946456681717,0.0126106261785451
"226",0,0.138761917219821,0.0154471889853484,0.374565462908533,0.237372140937749,0.0309551910995761,0.0179100768368561,0.112552046315842,0.0598666924578703,0.0125692832384033
"227",0,0.139625790765079,0.0153717783748596,0.375584270522706,0.236461914989837,0.0308389734735898,0.0178429278417092,0.112106657159784,0.0596396792834224,0.0125280075890122
"228",0,0.140486309161519,0.015296768127167,0.376598106622872,0.235555799209064,0.0307232375083095,0.0177760664404816,0.111663301662434,0.0594136074138308,0.0124868038543213
