"","Alive","Death","ODN","ODF","REL","BUP","BUPC","MET","METC","ABS"
"0",0,0,0,0,0,1,0,0,0,0
"1",0,0.000334597181123941,0.00178391975461248,7.67841116946036e-05,0.141769664328794,0.678062583299521,0.156260934226296,0.00908043717761876,0.007136805664455,0.00549427425588468
"2",0,0.000697811098331114,0.0303577615061928,0.00138345373305097,0.193451509643707,0.591505537554713,0.141280755604959,0.0119451246818931,0.0223107553250213,0.00706729085213231
"3",0,0.001076875049149,0.029726626434642,0.00266295781307454,0.245002144727696,0.524217393234908,0.138276930154985,0.0169879973725463,0.0340276876881878,0.008021387524811
"4",0,0.00146580352270442,0.0309655667690268,0.00399578880579829,0.280881880671634,0.474069683622408,0.132872346132735,0.022132679506725,0.0450108305651304,0.00860542040383741
"5",0,0.00186177557557099,0.0315726253975198,0.00535474903298724,0.308704796894677,0.4339175640065,0.127231423218454,0.0274836032532538,0.054896496238196,0.00897696638284109
"6",0,0.00226301292090159,0.0320044427795364,0.00673229569827505,0.330634908991099,0.400724613266772,0.121666045838463,0.0329016329040444,0.0638621515550224,0.00921089604588681
"7",0,0.00266827106876688,0.0324540827481246,0.00812919592780316,0.348072919963288,0.372636215343243,0.11636614717182,0.0383241274652063,0.0719971955344967,0.00935184477725066
"8",0,0.00307662861951485,0.0328507195029678,0.00954316833830092,0.362138818441254,0.348461430378176,0.111407121614461,0.0437048985293718,0.0793891507783762,0.0094280637975769
"9",0,0.00348737807469512,0.0332105590734958,0.0109726290922088,0.37354940776722,0.32738414193959,0.106810124755761,0.0490113418171351,0.0861160052445635,0.00945841223533062
"10",0,0.00389996158970174,0.0335284483932569,0.0124157725518393,0.382845248835121,0.308818165045662,0.102570384818702,0.0542206135550853,0.0922454696232129,0.00945593558741794
"11",0,0.0043139310204916,0.033805209521444,0.0138708284628704,0.390428423379826,0.292327404996478,0.0986704933598068,0.0593165208189871,0.0978373061104255,0.00942988232966996
"12",0,0.00472892104526501,0.0340433746862001,0.015336135564049,0.396607166451645,0.277578014927489,0.0950875102827364,0.0642878231057803,0.102944123108637,0.00938693082819818
"13",0,0.00516692398175678,0.0342450114647105,0.0168101215875181,0.401611513495249,0.264303641818569,0.0917949537998804,0.069125678115097,0.107610252885987,0.00933190285123132
"14",0,0.0056054101843761,0.0344144999151097,0.0182914027934487,0.405644474294983,0.252300588298168,0.0887699963637976,0.0738262864422709,0.111878879136868,0.00926846257097777
"15",0,0.00604415819876125,0.0345550826165042,0.0197787350102603,0.40886063358432,0.241399269759102,0.0859891339423048,0.0783869212602119,0.115786773619426,0.00919929200910984
"16",0,0.00648298117834778,0.034669863397677,0.0212710076624807,0.411385984974267,0.231460138121851,0.0834304401863755,0.0828064455911803,0.119366747811066,0.00912639107675409
"17",0,0.00692172066338625,0.0347616771265314,0.0227672321940349,0.413324286444255,0.222366990694998,0.0810737438932973,0.0870849419740219,0.122648154674914,0.00905125233456111
"18",0,0.00736024169519756,0.0348330770351645,0.0242665299459765,0.414761715093803,0.214022060196669,0.0789006454600401,0.0912234248754543,0.125657317889377,0.00897498780831805
"19",0,0.00779842892821547,0.0348863412555868,0.0257681203155315,0.415770383028807,0.206342340786369,0.0768944485195628,0.0952236189550026,0.128417895932748,0.00889842227817689
"20",0,0.00823618350082544,0.0349234916490943,0.0272713097256024,0.416411030454818,0.199256791912457,0.0750400495435972,0.0990877862805902,0.130951194239277,0.00882216269373848
"21",0,0.00867342049167952,0.0349463180896197,0.028775481639485,0.416735116576793,0.192704177876343,0.0733238098117766,0.102818590916232,0.133276434277704,0.00874665032036791
"22",0,0.00911006683363824,0.0349564033822621,0.0302800876481383,0.416786463407937,0.186631375952794,0.0717334235621798,0.106418992293582,0.135410986697297,0.00867220022217214
"23",0,0.00954605958952071,0.0349551471402431,0.0317846395851736,0.416602561862531,0.180992035346092,0.0702577899074331,0.109892160963046,0.13737057425696,0.00859903134899984
"24",0,0.00998134451682553,0.0349437876888235,0.0332887025846407,0.41621561954595,0.175745502583537,0.0688868924569955,0.113241411885424,0.139169449156887,0.00852728958091739
"25",0,0.0104444717977635,0.0349221806171906,0.0347918355648077,0.415638249691851,0.170851909640688,0.0676100057445883,0.116467423075686,0.140816932679446,0.00845699118797787
"26",0,0.0109067373646862,0.0348926245313188,0.0362936963813626,0.41490999182682,0.166283737258107,0.0664206379232471,0.119576152040193,0.142328173268647,0.00838824940561866
"27",0,0.0113681044369255,0.03485591373279,0.0377939770786059,0.414051696456546,0.162012800567776,0.0653114141140126,0.122571089699165,0.143713921304368,0.00832108260981181
"28",0,0.0118285414302569,0.0348128151335561,0.0392924027105364,0.413081463195385,0.158013962293159,0.0642756526246456,0.125455711314533,0.144983964939516,0.00825548635841228
"29",0,0.012288021297022,0.0347640081939003,0.0407887275767254,0.412015091909322,0.154264727807726,0.0633072963791488,0.128233462332433,0.146147224976746,0.00819143952697711
"30",0,0.0127465209580742,0.0347101013622043,0.042282732165797,0.410866395986661,0.150744905109562,0.0624008493512451,0.1309077414316,0.147211844504034,0.00812890913082225
"31",0,0.0132040208121822,0.0346516387127463,0.0437742203846147,0.409647475789732,0.147436316868398,0.0615513194501615,0.133481888311907,0.148185265614263,0.00806785405599452
"32",0,0.0136605043113925,0.0345891069212471,0.0452630170877122,0.408368948964589,0.144322555529777,0.0607541674492546,0.135959174364601,0.149074297449799,0.00800822792162773
"33",0,0.0141159575923925,0.0345229419579308,0.0467489658948097,0.407040145464811,0.141388773962636,0.0600052614159158,0.138342795770616,0.149885176680226,0.00794998126066072
"34",0,0.0145703691555736,0.0344535348206794,0.0482319272550978,0.405669273858815,0.138621505643598,0.0593008360901306,0.140635868537469,0.150623621472637,0.00789306316600033
"35",0,0.0150237295848621,0.0343812366246693,0.0497117767305921,0.404263563463147,0.136008509528655,0.0586374566690982,0.142841425097097,0.15129487978371,0.00783742251816896
"36",0,0.0154760313025019,0.0343063630582701,0.0511884034712798,0.402829386294847,0.133538635664492,0.0580119865054673,0.144962412161525,0.151903772655672,0.00778300888594539
"37",0,0.0159627467598588,0.0342276500265982,0.0526616422175243,0.401353730192216,0.131197732541895,0.057419716596935,0.146997312832375,0.152449782846392,0.00772968598620531
"38",0,0.0164482895348622,0.0341470121698196,0.0541314101203154,0.399860693052742,0.128980520539075,0.0568598228264663,0.148953054011517,0.152941716640476,0.00767748110472637
"39",0,0.0169326563452816,0.0340645933884337,0.0555976305244596,0.398354632287659,0.126878483513207,0.0563299233477315,0.1508323427551,0.153383387983403,0.00762634985472401
"40",0,0.0174158450898692,0.033980601165508,0.0570602357053238,0.396839338445259,0.124883807112719,0.0558278263626769,0.152637791728311,0.153778304074635,0.00757625031569761
"41",0,0.0178978547164329,0.0338952185146191,0.0585191658156106,0.395318171196968,0.122989310120207,0.0553515171373045,0.154371929167398,0.154129690434885,0.00752714289657584
"42",0,0.0183786851025424,0.03380861420212,0.0599743682721242,0.393794094210383,0.121188384281053,0.0548991432537175,0.15603719908441,0.154440521292724,0.00747899030092477
"43",0,0.018858336947935,0.0337209418553794,0.0614257971041532,0.392269719606643,0.119474940378956,0.0544690006596335,0.157635963188276,0.154713542773239,0.00743175748578419
"44",0,0.0193368116782533,0.0336323407445029,0.0628734123354997,0.39074734639778,0.11784336023975,0.0540595207889308,0.159170502855394,0.154951293364541,0.00738541159534759
"45",0,0.0198141113590004,0.0335429372464267,0.064317179429527,0.38922899411236,0.116288453900379,0.0536692587939495,0.160643021269273,0.155156122015061,0.0073399218740238
"46",0,0.0202902386186472,0.0334528460057083,0.0657570687841705,0.387716432886444,0.114805421312152,0.0532968828533312,0.162055645648004,0.155330204327494,0.00729525956404937
"47",0,0.0207651965799024,0.0333621710689889,0.0671930552757782,0.386211210117624,0.113389818034937,0.0529411644687292,0.163410429520686,0.155475557140566,0.00725139779278866
"48",0,0.0212389887982464,0.0332710068976675,0.0686251178465396,0.384714674165343,0.112037524444413,0.0526009696638167,0.164709355026387,0.155594051703395,0.00720831145419186
"49",0,0.0217473342346604,0.0331778849634975,0.0700531722297264,0.38320957550634,0.110741223954219,0.0522735009735646,0.165949217431312,0.155682198534398,0.0071658921722819
"50",0,0.0222544137048909,0.0330845515266844,0.0714772093217663,0.381715864054904,0.10950085164559,0.0519594833501283,0.167136797557765,0.155746638923939,0.00712418991433207
"51",0,0.022760232348878,0.0329909876329923,0.0728972192032518,0.38023438655941,0.108313117523743,0.0516580450299881,0.168273897501275,0.155788929108748,0.00708318509171329
"52",0,0.023264795538623,0.0328972564384172,0.0743131946731586,0.378765809703476,0.107174957622652,0.0513683705897452,0.169362248046938,0.155810507771064,0.00704285961592585
"53",0,0.0237681088498776,0.0328034105798064,0.0757251307960763,0.377310712412265,0.106083516221559,0.0510897012074428,0.170403520224754,0.155812703149971,0.00700319655824813
"54",0,0.0242701780340506,0.0327095011745781,0.0771330248368086,0.375869579914597,0.10503613027319,0.0508213316616678,0.17139932601753,0.155796748096525,0.00696417999105212
"55",0,0.0247710089910297,0.0326155754937291,0.0785368760948145,0.374442813334281,0.104030314612741,0.0505626068309793,0.172351220601147,0.15576378916029,0.00692579488098857
"56",0,0.0252706077440896,0.032521676531537,0.0799366857201279,0.373030737734034,0.103063748421194,0.0503129181438033,0.173260704376603,0.155714894328742,0.00688802699986958
"57",0,0.0257689804169873,0.0324278434179056,0.0813324565470261,0.371633609198474,0.102134262817785,0.0500717001560499,0.174129224981987,0.155651059616913,0.00685086284687072
"58",0,0.026266133213197,0.0323341116427079,0.0827241929373543,0.370251621702801,0.101239829491978,0.0498384273361545,0.174958179240659,0.155573214856452,0.00681428957869588
"59",0,0.0267620723971712,0.032240513363727,0.0841119006371042,0.368884913388208,0.100378550291099,0.0496126110708445,0.1757489150397,0.155482228865971,0.00677829494617466
"60",0,0.0272568042774786,0.0321470776860791,0.0854955866450207,0.367533572339463,0.0995486476767425,0.0493937968921029,0.176502733139498,0.155378914107046,0.00674286723656948
"61",0,0.0277897323931277,0.032052126412452,0.0868751857262797,0.366177665872547,0.0987449052281799,0.0491796839651218,0.177214682179989,0.155258114550365,0.00670790367193779
"62",0,0.0283213456846159,0.0319575155910047,0.0882507125347458,0.364837737401301,0.0979692715605701,0.0489716866769762,0.177892009577504,0.15512625059527,0.00667347037801204
"63",0,0.0288516513118477,0.0318631658466444,0.0896221783077923,0.363513728823345,0.0972202961032646,0.0487694656929397,0.178535906683598,0.154984049167363,0.00663955806320601
"64",0,0.0293806563881663,0.0317690951744911,0.0909895950573447,0.362205491817719,0.0964966139737722,0.0485726949482363,0.179147513994075,0.154832180638394,0.00660615800780176
"65",0,0.0299083679819628,0.0316753143472338,0.0923529752590108,0.360912880216304,0.0957969405010566,0.048381066217236,0.179727933410044,0.154671260296183,0.00657326177096922
"66",0,0.0304347931149309,0.0315818366299237,0.0937123319593572,0.359635732969373,0.0951200668196302,0.0481942896396886,0.180278228065932,0.154501859702525,0.00654086109863917
"67",0,0.0309599387581473,0.0314886747841346,0.0950676787542388,0.358373875788915,0.0944648550532007,0.0480120933081016,0.180799423924289,0.154324511742952,0.006508947886021
"68",0,0.0314838118277767,0.0313958402432445,0.0964190297316301,0.35712712203438,0.0938302337728184,0.0478342224717432,0.181292511136849,0.154139714626108,0.00647751415544946
"69",0,0.03200641918083,0.0313033432652051,0.097766399421032,0.355895273386064,0.0932151937132654,0.0476604385911342,0.181758445397909,0.153947935002433,0.00644655204212655
"70",0,0.0325277676111934,0.0312111929036814,0.0991098027416363,0.35467812103868,0.0926187837562754,0.0474905183625808,0.182198149244113,0.15374961055796,0.00641605378387924
"71",0,0.0330478638460293,0.0311193971002951,0.100449254954461,0.353475446898473,0.0920401071822925,0.0473242527543507,0.182612513297078,0.153545152253806,0.00638601171321399
"72",0,0.0335667145425812,0.0310279627692185,0.101784771618127,0.352287024814301,0.0914783181773635,0.0471614460784536,0.183002397452077,0.15333494629693,0.00635641825094851
"73",0,0.0341237818716494,0.0309352008973157,0.103116295592147,0.351092890411096,0.0909292401468912,0.047000060426117,0.18336201193488,0.153113342958976,0.00632717576092772
"74",0,0.0346794961185224,0.0308429406461364,0.10444384846746,0.349913090742404,0.0903954413946575,0.0468417055568324,0.183698629223295,0.152886495718588,0.00629835213210419
"75",0,0.0352338645220306,0.030751084222515,0.105767447625755,0.348747355985399,0.0898762266201644,0.046686248670659,0.18401304497044,0.152654786202943,0.00626994118009421
"76",0,0.0357868941942316,0.0306596339582145,0.107087110549088,0.347595353513143,0.0893709355407947,0.0465335551027106,0.184306017798297,0.152418562339902,0.0062419370036183
"77",0,0.0363385921321436,0.0305685861655425,0.108402854560786,0.346456778785599,0.0888789412540467,0.0463834941483446,0.184578281305187,0.152178137925563,0.0062143337227877
"78",0,0.0368889652248685,0.0304779408898867,0.109714696986131,0.345331335473455,0.0883996493613216,0.0462359407068677,0.184830543354039,0.151933802585955,0.00618712541747599
"79",0,0.0374380202574479,0.0303876987776298,0.111022655178224,0.344218734827467,0.0879324963666864,0.046090775869726,0.18506348719177,0.151685825413025,0.00616030611802256
"80",0,0.0379857639135173,0.0302978601550451,0.112326746504215,0.343118694502771,0.0874769480797588,0.0459478870340562,0.185277772343511,0.151434457658641,0.00613386980848506
"81",0,0.0385322027773,0.0302084251014656,0.113626988334662,0.342030937371475,0.0870324980323309,0.0458071677874809,0.185474035516495,0.151179934643633,0.00610781043515818
"82",0,0.0390773433352515,0.0301193933450999,0.11492339802843,0.340955191039733,0.0865986659407553,0.0456685176927291,0.185652891466663,0.150922477234668,0.00608212191667027
"83",0,0.0396211919775201,0.0300307642875204,0.116215992918624,0.339891187526367,0.0861749962366107,0.0455318420208681,0.185814933824245,0.150662293054108,0.00605679815413687
"84",0,0.0401637549993166,0.0299425370260899,0.117504790299496,0.338838663117387,0.0857610566705556,0.0453970514631643,0.185960735881364,0.150399577501775,0.00603183304085223
"85",0,0.0407489911871142,0.0298528362688884,0.118789726748316,0.33777560915696,0.0853527961588942,0.0452620114129793,0.18608315026146,0.150127757480018,0.00600712132536976
"86",0,0.0413328186035151,0.0297636790230988,0.120070825659095,0.336724127321652,0.0849533928645087,0.0451286094937366,0.186190263705634,0.149853543915088,0.00598273941367101
"87",0,0.041915244133525,0.0296749491666198,0.121348105427678,0.335683936849152,0.0845624961176333,0.0449968024384559,0.186282616186012,0.149577167133333,0.00595868254759117
"88",0,0.0424962745143705,0.0295866434699911,0.122621584310904,0.33465469516703,0.084179768941691,0.0448665377769693,0.186360718203857,0.149298831392805,0.00593494622238282
"89",0,0.0430759163530351,0.0294987524996081,0.123891280159568,0.33363609883565,0.0838048879345551,0.0447377608821116,0.186425063902714,0.149018713529817,0.00591152590294234
"90",0,0.0436541761378253,0.0294112715187179,0.125157210620584,0.332627860278828,0.083437543876467,0.0446104172994699,0.186476129841175,0.148736973463581,0.00588841696335196
"91",0,0.0442310602456143,0.0293241969360332,0.126419393186291,0.331629706235302,0.083077441402468,0.044484453846451,0.18651437584903,0.148453757614909,0.00586561468390264
"92",0,0.0448065749473103,0.0292375252416558,0.127677845197949,0.330641375678547,0.0827242985707395,0.0443598191437195,0.186540245642026,0.148169201316989,0.00584311426106452
"93",0,0.0453807264122424,0.0291512530550167,0.128932583851314,0.329662617803445,0.0823778463469987,0.044236463858589,0.186554167461855,0.147883430388175,0.00582091082236403
"94",0,0.0459535207118632,0.0290653769769533,0.130183626195833,0.328693190868057,0.0820378280492267,0.044114340807533,0.186556554688118,0.147596562260259,0.00579899944215563
"95",0,0.0465249638229974,0.0289798935878182,0.131430989133763,0.327732861275543,0.0817039987854467,0.0439934049751429,0.186547806417748,0.147308706844853,0.00577737515668841
"96",0,0.0470950616307703,0.0288947994453988,0.1326746894192,0.326781402906056,0.0813761248967509,0.043873613485378,0.186528308014899,0.147019967223563,0.00575603297798289
"97",0,0.0477108650249272,0.0288081001427463,0.133914657962264,0.325815501118931,0.0810501719449269,0.0437527407156387,0.186489932078282,0.146723168246305,0.00573486276597867
"98",0,0.0483251872039753,0.0287219377561421,0.135150917873088,0.324858681919458,0.0807296540028671,0.0436328424992339,0.186441391243342,0.146425440717989,0.00571394678390489
"99",0,0.0489380346950549,0.0286361859651965,0.136383486824675,0.323910706846719,0.0804143891290436,0.0435139159676691,0.186383057334541,0.146126941765521,0.00569328147157958
"100",0,0.0495494138774538,0.0285508398605745,0.137612382278723,0.322971272614821,0.0801041993500377,0.0433959455663872,0.186315277490788,0.145827805430973,0.00567286353024155
"101",0,0.0501593310036622,0.02846588806146,0.138837621207069,0.3220401191248,0.0797989112110742,0.0432789108206265,0.186238388066321,0.145528140885984,0.00565268961900295
"102",0,0.0507677922133444,0.0283813244059385,0.14005922031633,0.321117004133478,0.07949835705296,0.0431627890299985,0.186152713076584,0.145228043479991,0.00563275629137626
"103",0,0.051374803542144,0.0282971441231983,0.141277196107772,0.320201701315034,0.0792023752383933,0.0430475566176232,0.186058564897031,0.144927598165697,0.00561305999310664
"104",0,0.0519803709283144,0.0282133426847583,0.142491564887748,0.319293997780474,0.078910810226015,0.0429331898552675,0.185956244707663,0.144626881856174,0.00559359707358498
"105",0,0.0525845002179917,0.0281299158429144,0.143702342779779,0.318393691706299,0.07862351251748,0.0428196652668984,0.185846042971732,0.144325964894661,0.00557436380224395
"106",0,0.053187197169588,0.0280468594609173,0.14490954572933,0.317500590905075,0.0783403385282047,0.0427069598700842,0.185728239891237,0.144024912059884,0.00555535638567961
"107",0,0.0537884674575815,0.0279641694999433,0.146113189508025,0.316614511676154,0.0780611504195769,0.0425950513179744,0.185603105834307,0.143723783302617,0.00553657098382031
"108",0,0.054388316675864,0.0278818420066071,0.147313289717326,0.315735277943785,0.0777858159080958,0.0424839179812165,0.185470901737554,0.143422634304893,0.00551800372465832
"109",0,0.0550367587599023,0.0277977724274292,0.148509771373752,0.314838316071715,0.0775102182697287,0.0423712232521077,0.185322640860708,0.143113759298795,0.0054995396858629
"110",0,0.0556836302354968,0.0277142218169162,0.149702656814936,0.313948546536619,0.07723813165149,0.0422591664991886,0.185167659818815,0.142804719645273,0.00548126698126486
"111",0,0.0563289374230869,0.0276310558541544,0.150891962597026,0.313065778128428,0.076969462130353,0.042147764703342,0.185006219365065,0.142495636556219,0.00546318324232633
"112",0,0.0569726864990368,0.0275482694121331,0.152077705055489,0.312189750160977,0.0767041149037035,0.0420370201151099,0.184838558442249,0.142186609040844,0.00544528637045811
"113",0,0.0576148835197012,0.0274658505394965,0.153259900011377,0.311320247184174,0.0764419951881525,0.0419269286087191,0.184664908870375,0.141877711865138,0.00542757421286657
"114",0,0.0582555344372581,0.0273837928888859,0.154438563012538,0.310457071907177,0.076183009857665,0.0418174826388483,0.1844854935466,0.141569007216197,0.00541004449483171
"115",0,0.0588946451095261,0.0273020916384911,0.155613709399278,0.309600043051032,0.0759270679434514,0.0417086727495201,0.184300527050724,0.141260548240928,0.00539269481704884
"116",0,0.0595322213072405,0.027220742273627,0.156785354317579,0.308748992634438,0.0756740809540126,0.0416004884116202,0.184110215982905,0.140952381451198,0.00537552266738047
"117",0,0.0601682687197328,0.0271397406220331,0.15795351273384,0.30790376339948,0.0754239630441593,0.0414929185125152,0.183914759341718,0.14064454818866,0.00535852543786172
"118",0,0.0608027929595736,0.0270590826696456,0.159118199441685,0.307064207248422,0.075176631088401,0.0413859516683104,0.183714348881523,0.140337085599994,0.00534170044244621
"119",0,0.0614357995664992,0.0269787645424583,0.160279429067992,0.306230183988265,0.0749320047000432,0.0412795764261745,0.183509169443921,0.140030027330929,0.00532504493371839
"120",0,0.0620672940108157,0.0268987824892448,0.161437216078177,0.305401560388345,0.0746900062134604,0.0411737813990498,0.183299399266577,0.139723404036263,0.005308556118067
"121",0,0.0627499534736204,0.0268169364363206,0.162591480241298,0.304552621445123,0.0744464041568643,0.0410661211264669,0.183075316082822,0.139409052294438,0.0052921147430459
"122",0,0.0634309373555344,0.026735591838488,0.163742243141165,0.303709545963923,0.0742051813451474,0.0409589173245179,0.182846835223262,0.139094933435544,0.00527581437241773
"123",0,0.0641102519520887,0.0266546079056395,0.164889520301649,0.302872181023725,0.0739662923820862,0.0408521975637911,0.18261414387249,0.138781151244444,0.00525965375408736
"124",0,0.0647879034167613,0.0265739797863522,0.166033327037804,0.302040299735545,0.0737296883827526,0.0407459733269347,0.182377409107195,0.138467787299434,0.00524363190722099
"125",0,0.0654638977880199,0.0264936954561475,0.167173678147122,0.301213721818828,0.0734953180818911,0.0406402488531686,0.182136793303609,0.138154898771856,0.0052277477793572
"126",0,0.0661382410069258,0.026413748791833,0.168310588163541,0.300392285046526,0.0732631296923642,0.0405350243002169,0.181892452151034,0.137842530672672,0.00521200017488679
"127",0,0.0668109389278525,0.026334135275786,0.169444071426545,0.299575842960967,0.073033071555284,0.0404302973681584,0.181644535201834,0.137530719531658,0.00519638775191576
"128",0,0.0674819973262907,0.0262548507221132,0.170574142095453,0.298764261995344,0.0728050925918416,0.040326064211585,0.181393186141107,0.137219495881919,0.00518090903434674
"129",0,0.0681514219048293,0.0261758913111538,0.171700814165171,0.297957418762556,0.0725791425885123,0.0402223199822287,0.181138543101145,0.136908885754896,0.00516556242950754
"130",0,0.0688192182979508,0.0260972533951845,0.172824101473604,0.297155198411622,0.0723551723748786,0.0401190591823364,0.180880738956441,0.136598911661405,0.00515034624657866
"131",0,0.0694853920760118,0.0260189334778399,0.173944017708161,0.296357493313355,0.0721331339381469,0.040016275900301,0.180619901593883,0.136289593278349,0.00513525871395276
"132",0,0.0701499487486293,0.0259409281945393,0.175060576411432,0.295564202078609,0.0719129804932599,0.0399139639733835,0.18035615416154,0.135980947943612,0.00512029799499441
"133",0,0.0708690442194079,0.0258609096052441,0.176173690925983,0.294748047134635,0.0716902710110154,0.0398095258225305,0.18007893154441,0.135664241297665,0.00510533843910817
"134",0,0.0715863412024053,0.0257813827300129,0.177283382416346,0.293936877606359,0.0714692472915359,0.0397054382781583,0.179798884303257,0.135347965582941,0.00509048058898536
"135",0,0.0723018461629916,0.0257021984657497,0.178389665629303,0.293130567173466,0.071249892614562,0.0396017359272866,0.17951615142514,0.135032218407125,0.0050757241943766
"136",0,0.0730155654210329,0.0256233523107996,0.179492555117878,0.292328910037526,0.0710321851245096,0.0394984359198215,0.179230852440988,0.134717074348227,0.00506106927921798
"137",0,0.073727505181697,0.0255448321186805,0.180592064912278,0.291531749082946,0.0708160991096937,0.03939554741843,0.178943103799724,0.134402582601911,0.00504651577464032
"138",0,0.0744376715553166,0.0254666320063124,0.181688208789491,0.290738945455555,0.0706016070517556,0.0392930749978699,0.178653016691989,0.134088780009083,0.0050320634426275
"139",0,0.0751460705692835,0.0253887477803645,0.182781000346013,0.289950376127715,0.0703886803831647,0.039191020393576,0.178360697575527,0.133775694951976,0.00501771187237993
"140",0,0.0758527081765806,0.0253111755931232,0.183870453012726,0.289165930829196,0.0701772900282964,0.0390893834886048,0.178066248403368,0.133463349975126,0.00500346049297888
"141",0,0.0765575902622097,0.0252339119777666,0.184956580071291,0.288385509175565,0.0699674067629469,0.0389881629048786,0.177769766901162,0.133151763352174,0.00498930859200688
"142",0,0.0772607226482559,0.0251569536426912,0.18603939466169,0.287609018933632,0.06975900145606,0.0388873563913469,0.17747134682539,0.13284095010587,0.00497525533506427
"143",0,0.0779621110980221,0.0250802974493452,0.187118909788817,0.286836374640893,0.0695520452409061,0.0387869610856597,0.177171078196836,0.132530922715334,0.00496129978418778
"144",0,0.0786617613194835,0.02500394039115,0.188195138328153,0.286067496580287,0.0693465096361431,0.0386869736973067,0.17686904751292,0.132221691619957,0.00494744091459955
"145",0,0.0794209541667267,0.024925360696588,0.189267984612189,0.28527273180913,0.0691375989316252,0.0385845658777495,0.176553559990284,0.131903701120181,0.00493354279552663
"146",0,0.0801782017816851,0.0248472740960379,0.190337469864855,0.284482416924712,0.068929933073956,0.038482440909712,0.176236318541856,0.131586228874505,0.00491971593268064
"147",0,0.0809335110113563,0.0247695189935596,0.191403608354608,0.283696441375081,0.0687235139364678,0.0383806396108924,0.175917431452727,0.131269374293688,0.00490596097162015
"148",0,0.0816868885457281,0.0246920911416778,0.192466414167085,0.282914607539123,0.0685183369419314,0.0382791836137926,0.175596987191615,0.130953212016051,0.00489227884299564
"149",0,0.0824383409539262,0.0246149779508016,0.193525900846039,0.282136770076787,0.068314392528165,0.0381780856877352,0.175275072235421,0.130637789360592,0.00487867036053318
"150",0,0.0831878747073374,0.0245381736254637,0.19458208168577,0.281362802778242,0.0681116684216104,0.0380773534689288,0.174951768656435,0.130323140518538,0.0048651361376744
"151",0,0.0839354961932816,0.0244616741830783,0.195634969809159,0.280592595911079,0.0679101505002424,0.0379769913785608,0.174627154651712,0.130009290789579,0.00485167658330845
"152",0,0.0846812117246974,0.0243854760044846,0.19668457818331,0.27982605287324,0.0677098234169761,0.0378770017074849,0.174301304749745,0.12969625942467,0.00483829191539215
"153",0,0.0854250275473414,0.0243095758713278,0.197730919636801,0.279063087081891,0.067510671022667,0.0377773852679294,0.173974290071652,0.129384061319261,0.00482498218112934
"154",0,0.0861669498453819,0.0242339707440402,0.19877400686738,0.27830362010005,0.0673126766588105,0.0376781418227441,0.173646178572627,0.129072708110778,0.00481174727818741
"155",0,0.0869069847458979,0.0241586577379866,0.199813852448634,0.27754758015184,0.0671158233716069,0.0375792703760854,0.173317035257659,0.128762208935521,0.00479858697476832
"156",0,0.0876451383225858,0.0240836341007701,0.20085046883568,0.276794901025394,0.066920094069867,0.0374807693779792,0.17298692237542,0.128452570964403,0.0047855009279021
"157",0,0.0884455457300963,0.024006279523189,0.201883755699348,0.276014638811947,0.066720505217121,0.0373796829504264,0.17264347020354,0.128133774164678,0.00477234769965426
"158",0,0.0892438452255635,0.0239294174626613,0.202913734238736,0.275238488642145,0.0665218800616878,0.0372788399914229,0.172299008343152,0.127815542436334,0.00475924359829813
"159",0,0.0900400441766215,0.0238528797420795,0.203940418414197,0.274466349855733,0.0663242319523763,0.0371782849057351,0.171953624400598,0.127497976593928,0.00474618995873158
"160",0,0.090834149781461,0.0237766623332494,0.204963822012706,0.273698030855322,0.0661275669953551,0.0370780419206127,0.171607386053784,0.12718115164773,0.00473318839977987
"161",0,0.0916261691097586,0.0237007524866018,0.205983958272463,0.272933394323873,0.0659318856452067,0.0369781258953057,0.171260359678043,0.126865114186238,0.00472024040250976
"162",0,0.0924161091287418,0.0236251445226694,0.207000840187212,0.272172322568944,0.0657371851060621,0.0368785462436974,0.170912607806778,0.126549897212393,0.00470734722350152
"163",0,0.0932039767184922,0.0235498346307701,0.208014480586677,0.271414714730623,0.0655434602567474,0.0367793089497344,0.170564189662018,0.126235524574408,0.0046945098905296
"164",0,0.0939897786827131,0.0234748193711298,0.209024892152524,0.270660483262595,0.0653507043224392,0.0366804177083311,0.1702151613483,0.125922013934958,0.00468172921700939
"165",0,0.0947735217566693,0.023400095712643,0.210032087435955,0.269909550683732,0.0651589093348652,0.0365818746119501,0.169865576103566,0.125609378537301,0.00466900582331908
"166",0,0.095555212613305,0.023325660803115,0.211036078865404,0.269161847622633,0.0649680664549416,0.0364836806035068,0.169515484529749,0.12529762834812,0.00465634015922457
"167",0,0.0963348578681188,0.0232515119445773,0.212036878753182,0.268417311272412,0.064778166212008,0.036385835783747,0.16916493479696,0.124986770843874,0.00464373252512114
"168",0,0.0971124640831438,0.0231776465697994,0.213034499301098,0.267675884251932,0.0645891986833523,0.0362883396281054,0.168813972825352,0.124676811565791,0.00463118309142646
"169",0,0.0979556743940951,0.0231013206800305,0.214028834602785,0.266905008804369,0.0643959350432884,0.0361880776238934,0.168449441172895,0.124357164442596,0.00461854323604803
"170",0,0.0987965951181532,0.0230254925406526,0.215019906082594,0.266138062706771,0.0642034505484742,0.0360880329775082,0.168084422232879,0.12403810159985,0.00460593619311803
"171",0,0.0996352343030795,0.0229499857276609,0.21600772757117,0.265374950133486,0.064011766651074,0.0359882535711726,0.167718990468823,0.123719727722978,0.00459336385055522
"172",0,0.100471599809453,0.0228747963468555,0.216992312731544,0.264615479693369,0.0638208968514715,0.0358887659470305,0.167353199891722,0.123402120341358,0.0045808283871974
"173",0,0.101305699357446,0.0227999113174086,0.217973674663714,0.263859516898386,0.0636308484259525,0.0357895867098912,0.166987103677293,0.123085327123237,0.00456833182667189
"174",0,0.102137540556505,0.0227253249706577,0.218951826223688,0.26310694766769,0.0634416249708245,0.0356907266803456,0.166620751481828,0.122769381502335,0.00455587594612674
"175",0,0.102967130922688,0.0226510335782821,0.219926780106998,0.262357675370179,0.0632532273914946,0.0355921930256629,0.166254189984806,0.122454307348385,0.00454346227150446
"176",0,0.103794477890807,0.0225770337935979,0.220898548865127,0.261611617098594,0.0630656546219534,0.0354939904663893,0.165887463077701,0.122140122093139,0.00453109209269139
"177",0,0.104619588823323,0.022503322690066,0.221867144923591,0.260868700253108,0.0628789041201124,0.0353961220029118,0.165520612112758,0.121826838588169,0.00451876648596139
"178",0,0.105442471017169,0.0224298975219885,0.222832580589726,0.260128860484622,0.0626929722173989,0.0352985893949578,0.165153676130614,0.121514466305894,0.00450648633762964
"179",0,0.106263131709143,0.0223567556989219,0.223794868059371,0.259392040073734,0.0625078543797482,0.0352013934873024,0.164786692060485,0.121203012164794,0.00449425236650046
"180",0,0.107081578080287,0.0222838947613129,0.224754019422497,0.258658186738493,0.0623235454051122,0.0351045344397918,0.164419694897232,0.120892481110876,0.00448206514439852
"181",0,0.107972114945101,0.0222083218206972,0.225709917948101,0.257891611597948,0.0621343244366691,0.0350045934346359,0.16403812827743,0.120571225778444,0.00446976176097345
"182",0,0.108860147422226,0.0221332651624917,0.226662585858195,0.257128930272429,0.0619457550713975,0.0349048471811276,0.163656441699167,0.120250549237837,0.00445747809512939
"183",0,0.109745684483581,0.0220585320415092,0.227612037078585,0.256370045887687,0.0617578661898699,0.0348053490488237,0.163274702980615,0.11993056571593,0.00444521657339946
"184",0,0.110628734883933,0.0219841185517028,0.228558285366949,0.255614757043158,0.061570677719722,0.0347061289270762,0.162892957924725,0.119611359643154,0.00443297993957886
"185",0,0.111509307216795,0.0219100107095398,0.229501343879083,0.254862924515339,0.0613842025813724,0.0346072057500404,0.16251125183914,0.11929298274602,0.00442077076266984
"186",0,0.112387409949778,0.0218362026225758,0.230441225517157,0.254114431239905,0.0611984494883895,0.0345085920738938,0.162129626585939,0.118975471185934,0.00440859133642713
"187",0,0.113263051445159,0.0217626904951014,0.231377943019966,0.253369179053461,0.0610134240423576,0.0344102964213216,0.161748121163048,0.118658850686002,0.0043964436735833
"188",0,0.114136239974223,0.0216894709398769,0.232311508980507,0.252627084587994,0.0608291295296363,0.0343123246088446,0.161366771898586,0.118343139958292,0.00438432952203852
"189",0,0.115006983727728,0.0216165410190923,0.233241935865332,0.251888075531267,0.0606455674711168,0.0342146805461415,0.16098561271096,0.118028352739216,0.00437225038914621
"190",0,0.115875290823885,0.0215438979850525,0.234169236022721,0.251152088375438,0.0604627380115673,0.034117366763501,0.160604675345994,0.11771449910443,0.00436020756741179
"191",0,0.116741169314638,0.021471539252699,0.235093421689689,0.250419066646857,0.060280640211302,0.0340203847701626,0.160223989584383,0.117401586371328,0.00434820215894089
"192",0,0.117604627190739,0.0213994623734121,0.236014504997857,0.249688959606448,0.0600992722678678,0.0339237353074461,0.159843583424159,0.117089619734227,0.004336235097844
"193",0,0.118541769973927,0.0213246233906211,0.236932367059778,0.248925277748299,0.0599127929410897,0.0338239186227352,0.159448459273572,0.116766651211442,0.00432413977853626
"194",0,0.119476179536443,0.0212503068784323,0.23784703036382,0.248165472769333,0.059726889838754,0.0337242907067472,0.159053495048278,0.116444278980681,0.00431205587751216
"195",0,0.120407865870075,0.0211763162531672,0.238758508936922,0.247409447337854,0.0595415957289545,0.033624906723459,0.158658752956588,0.116122620025118,0.00429998616786177
"196",0,0.121336838725619,0.021102647643416,0.239666816639393,0.246656997934742,0.0593569340219816,0.033525797729916,0.15826427284486,0.11580176072162,0.00428793373845248
"197",0,0.122263107675331,0.0210292868812494,0.240571966721717,0.245907984734437,0.0591729208172036,0.0334269835097859,0.157870094221341,0.115481753949828,0.00427590148910747
"198",0,0.123186682152374,0.02095622804182,0.241473972179362,0.245162290657996,0.0589895677801033,0.0333284772813938,0.157476253246399,0.115162636632006,0.00426389202854602
"199",0,0.124107571473768,0.020883467320269,0.242372845844023,0.244419817995227,0.0588068832744842,0.0332302881062664,0.157082783325134,0.114844434992078,0.00425190766875118
"200",0,0.125025784856363,0.0208110013268174,0.243268600401493,0.243680484160424,0.058624873186609,0.0331324222532165,0.156689715304382,0.114527168068845,0.00423995044185041
"201",0,0.125941331428507,0.0207388271267241,0.244161248411246,0.242944217853625,0.0584435414949851,0.0330348840203226,0.156297077736063,0.114210849803255,0.00422802212527235
"202",0,0.126854220238905,0.0206669419778772,0.245050802314728,0.242210956743467,0.0582628906750859,0.0329376762774991,0.155904897116585,0.113895490387504,0.0042161242683492
"203",0,0.127764460263604,0.020595343302834,0.245937274442449,0.241480645648075,0.0580829220033173,0.0328408008353171,0.155513198095655,0.11358109719111,0.00420425821763901
"204",0,0.128672060411606,0.0205240286621618,0.246820677019915,0.240753235199517,0.0579036357887713,0.0327442587056718,0.15512200365936,0.113267675412845,0.0041924251401522
"205",0,0.129659599096917,0.0204497184845294,0.247700881112156,0.239989199815234,0.0577187100384704,0.0326442539078198,0.154714953182269,0.112942240066534,0.00418044429607066
"206",0,0.130644139134957,0.0203759532097468,0.248577910173075,0.239229128367885,0.05753430566089,0.0325444278642541,0.154308268651205,0.11261739930292,0.00416846763506778
"207",0,0.131625691826324,0.0203025205544987,0.249451778519399,0.238472918716408,0.0573504604714812,0.0324448407581594,0.153902010926694,0.112293279919984,0.00415649830705226
"208",0,0.132604268190226,0.0202294165604523,0.250322500297482,0.237720354217727,0.057167202019321,0.0323455265925034,0.153496216820858,0.111969975493177,0.0041445398082522
"209",0,0.133579879038385,0.0201566261189185,0.251190089003364,0.236971287151101,0.0569845498571201,0.0322465071135329,0.153090922967878,0.111647543318541,0.00413259543115901
"210",0,0.134552535021617,0.0200841430110741,0.252054557865411,0.236225594369167,0.0568025186637873,0.0321477969350424,0.152686162566236,0.111326023414197,0.00412066815346919
"211",0,0.135522246656862,0.0200119632830114,0.252915919941804,0.235483173616323,0.0566211194773086,0.0320494061549599,0.152281966014113,0.111005444224426,0.00410876063119172
"212",0,0.136489024345994,0.0199400834230881,0.253774188139574,0.234743938903719,0.0564403605914072,0.0319513418366604,0.151878361117264,0.110685826425967,0.00409687521632648
"213",0,0.137452878389489,0.0198685004035996,0.254629375235434,0.234007816353919,0.056260248175595,0.0318536089013737,0.151475373368448,0.110367185188525,0.00408501398361558
"214",0,0.138413818996824,0.019797211400036,0.255481493884522,0.233274741690311,0.056080786716007,0.0317562107169596,0.151073026200933,0.110049531635447,0.00407317875895877
"215",0,0.139371856294624,0.0197262137613575,0.25633055662787,0.232544658269954,0.0559019793467341,0.0316591494980188,0.15067134120909,0.109732873845826,0.00406137114652595
"216",0,0.140327000333209,0.0196555049816207,0.257176575898648,0.231817515640681,0.0557238281027251,0.0315624265885916,0.15027033834125,0.109417217559607,0.00404959255366758
"217",0,0.141365240552267,0.0195816940258282,0.258019418171884,0.23105221880555,0.0555397641199916,0.0314620904989329,0.149852899119683,0.109089019897329,0.00403765480853456
"218",0,0.142400192331211,0.0195084430698254,0.25885910755129,0.23029098266476,0.055356193232002,0.0313619333780297,0.14943599555564,0.108761435632166,0.00402571658507514
"219",0,0.143431868459126,0.0194355319620908,0.259695658664737,0.229533700621566,0.0551731564261526,0.031262018180801,0.149019687336028,0.108434597034325,0.0040137813151724
"220",0,0.144460281405044,0.0193629566749129,0.260529085966733,0.228780147890603,0.0549906838664246,0.0311623805502682,0.148604009186036,0.108108601672186,0.00400185278779263
"221",0,0.14548544340208,0.0192907016006387,0.261359403239997,0.228030171508385,0.0548087973149171,0.0310630433210958,0.14818899570665,0.107783509331356,0.00398993457488018
"222",0,0.146507366500407,0.019218760338318,0.262186623991734,0.227283644205585,0.0546275133891402,0.0309640218768716,0.147774677999489,0.107459361782155,0.00397802991630079
"223",0,0.147526062598012,0.0191471288144198,0.263010761553817,0.226540460529456,0.0544468448543219,0.0308653268818262,0.147361084328159,0.107136188727348,0.0039661417126397
"224",0,0.148541543462086,0.0190758034129869,0.263831829102477,0.225800531985031,0.0542668015627728,0.0307669658274871,0.146948240335551,0.106814011767977,0.00395427254363057
"225",0,0.149553820744584,0.0190047810167543,0.264649839679774,0.225063782700123,0.0540873911039375,0.0306689439647596,0.146536169334543,0.106492846759486,0.00394242469603897
"226",0,0.150562905994037,0.018934058718577,0.265464806202635,0.224330146799202,0.0539086192672051,0.0305712649188715,0.146124892571227,0.106172705334943,0.00393060019330119
"227",0,0.151568810664824,0.0188636337907405,0.26627674147058,0.223599566348698,0.0537304903900982,0.0304739311073501,0.145714429453638,0.105853595950242,0.0039188008238294
"228",0,0.152571546124601,0.0187935036556581,0.267085658172185,0.222871989849585,0.0535530076243779,0.0303769440353774,0.145304797751412,0.105535524619762,0.00390702816704087
