"","Alive","Death","ODN","ODF","REL","BUP","BUPC","MET","METC","ABS"
"0",0,0,0,0,0,1,0,0,0,0
"1",0,0.000324118247995053,0.0031784662359969,0.000173482267785991,0.159379729493342,0.613824290548753,0.200356955572222,0.00910713441373729,0.00910713441373729,0.00454868880643053
"2",0,0.000682821498778852,0.0284292583920636,0.00172516532846265,0.226628967633154,0.537109481920868,0.156569940424634,0.0121347588536768,0.0306937380736866,0.00602586787467593
"3",0,0.00106091457801816,0.0263091023198635,0.00316112921638235,0.283894207965976,0.466638516113452,0.146832878094502,0.0176931484238609,0.0474878012955352,0.00692230199240967
"4",0,0.00145034351311091,0.0268118731617326,0.00462453458687509,0.322188001543055,0.416164899536127,0.134829876551454,0.0232325703812671,0.063239771020699,0.00745812970567856
"5",0,0.00184758016174869,0.0267427307788211,0.00608416613172458,0.350597975551539,0.375812789618944,0.124664228578091,0.0289228573594547,0.0775412671869886,0.00778640463268802
"6",0,0.00225037002186768,0.0268074728205909,0.00754733132940956,0.371742750403855,0.342735264839464,0.115697440688541,0.0346243415119166,0.0906170776229664,0.00797795076138907
"7",0,0.00265717241947871,0.0269036538738388,0.00901574613681085,0.387689002585316,0.31495038119073,0.107841356075448,0.0402841365158813,0.102582254582057,0.00807629662044074
"8",0,0.00306686899276498,0.0270013313081573,0.0104894922271514,0.399759694773742,0.291220939602192,0.100941208767261,0.0458621572563216,0.113549008162506,0.00810929890990341
"9",0,0.00347861991668619,0.0270855609405668,0.0119678356127157,0.408869529188096,0.27069286983853,0.094864755128429,0.0513318448752537,0.123613163480763,0.0080958210189599
"10",0,0.00389177956964337,0.0271487800870319,0.0134496295307323,0.415677486338395,0.25275294035037,0.0894961769852886,0.0566749422814118,0.132859208215476,0.00804905664165154
"11",0,0.00430584323701155,0.0271895444165592,0.0149336483861263,0.420670496749544,0.236944301640905,0.0847366890478338,0.0618791626401496,0.141361852004854,0.00797846187701656
"12",0,0.00472041142253232,0.0272087671020214,0.0164187164252521,0.424217526754472,0.222916975931098,0.0805025649730568,0.0669365219326092,0.149187581370945,0.00789093408801335
"13",0,0.00515740720346192,0.0272077301287683,0.0179037278658621,0.426591303104088,0.210392981421473,0.0767215844619728,0.0718409337483466,0.156392812812369,0.00779151925365735
"14",0,0.00559431712452285,0.0271895450929845,0.0193877467581757,0.428027121191002,0.19915738235831,0.0733353587319316,0.0765910045658184,0.163033461237961,0.00768406293929419
"15",0,0.00603092239843162,0.0271565000886753,0.0208699620377212,0.428701962295631,0.18903253293929,0.070293102111918,0.0811860720301017,0.169157528337584,0.00757141776064645
"16",0,0.00646704544183796,0.027110749913646,0.0223496802499623,0.428757634462833,0.179872442469743,0.067551625846618,0.0856268030074189,0.174808286385762,0.00745573222217894
"17",0,0.00690254180519834,0.027054225567136,0.0238263133352618,0.428308757048353,0.171555767539951,0.0650740774786218,0.0899148631664346,0.180024827685312,0.00733862637373081
"18",0,0.00733729389795001,0.0269886266839715,0.0252993660008965,0.427448640888895,0.163980654186177,0.062828899227361,0.0940526628928429,0.184842536076526,0.0072213201453797
"19",0,0.00777120605106885,0.0269154318094733,0.0267684236538818,0.426253716647534,0.157060868683398,0.0607889689903016,0.0980431620966498,0.189293493681642,0.00710472838605065
"20",0,0.0082042005917945,0.0268359185910191,0.0282331414358626,0.424786915530561,0.150722845278839,0.0589308925648432,0.101889719201462,0.193406834743128,0.00698953206249113
"21",0,0.0086362146948693,0.0267511865515155,0.0296932345009907,0.423100283869904,0.144903399675953,0.0572344196649187,0.105595973797085,0.197209055124082,0.00687623212068218
"22",0,0.00906719783669196,0.0266621794993062,0.0311484695169468,0.421237027717503,0.139547934507402,0.0556819609442399,0.109165755176972,0.200724284233356,0.00676519056758274
"23",0,0.00949710972256879,0.0265697062438996,0.0325986572966366,0.419233127406311,0.134609014182085,0.0542581873689451,0.112603010944091,0.203974524812923,0.00665666202254048
"24",0,0.00992591858868963,0.0264744591256916,0.0340436464412489,0.417118623613751,0.13004522100881,0.0529496968007542,0.115911751282605,0.206979865049063,0.00655081808938631
"25",0,0.0103817460460199,0.0263761214290078,0.0354832682654738,0.414903487995529,0.125817331222275,0.0517434529418268,0.119093294428381,0.209753583661595,0.00644771400989134
"26",0,0.010836337579034,0.0262761623708065,0.0369174342745932,0.412624444735631,0.121896360773332,0.050630399357109,0.12215415555146,0.212317250578668,0.00634745477936574
"27",0,0.0112896788323193,0.0261749759793648,0.0383460774801485,0.410299117828898,0.118254021249585,0.049601427638729,0.125098323532386,0.214686316328061,0.00625006113050882
"28",0,0.0117417599150819,0.0260729289146979,0.0397691509061672,0.407942282348486,0.114865212197116,0.0486484772835219,0.127929723374623,0.216874939992889,0.00615552506741707
"29",0,0.0121925746898581,0.0259703331771666,0.0411866246058114,0.405566345085954,0.111707591750341,0.047764397054413,0.13065220435133,0.218896112457104,0.00606381682802202
"30",0,0.0126421201727392,0.0258674556416363,0.0425984831984061,0.403181713993803,0.108761213270254,0.0469428277723539,0.133269528414067,0.220761767121184,0.00597489041555668
"31",0,0.0130903960268668,0.0257645232089223,0.0440047236876359,0.40079710983564,0.106008218367316,0.0461781013721824,0.135785362069826,0.222482877482045,0.00588868794956572
"32",0,0.0135374041340079,0.0256617283400259,0.0454053535818023,0.398419825364131,0.103432576044868,0.0454651543725132,0.138203270748681,0.22406954433318,0.00580514308078998
"33",0,0.0139831482314435,0.0255592338276068,0.0468003892745111,0.396055942319585,0.10101986002852,0.0447994535194952,0.140526715163356,0.225531073971145,0.00572418366433742
"34",0,0.0144276336036323,0.0254571769200082,0.0481898546504512,0.393710513606371,0.0987570578486242,0.0441769317486973,0.142759049242559,0.226876048534511,0.00564573384514532
"35",0,0.0148708668199424,0.0253556728689716,0.0495737798848085,0.391387716688699,0.0966324064710181,0.0435939328899551,0.144903519308771,0.228112389390392,0.0055697156774421
"36",0,0.0153128555112287,0.0252548179772766,0.0509522004090229,0.389090983113408,0.0946352502344974,0.0430471637964855,0.146963264235674,0.229247414347871,0.00549605037453628
"37",0,0.0157882624104289,0.0251535952790254,0.0523250961480294,0.386805123146868,0.0927531779129865,0.04253228792057,0.148937010954895,0.230280843303091,0.00542460292410499
"38",0,0.0162623273985787,0.0250532339294905,0.0536925141146695,0.384550993954558,0.0909801573935262,0.0420479502442087,0.150831792726644,0.231225685310862,0.00535534492746227
"39",0,0.0167350612753536,0.0249537412858154,0.0550545017233408,0.382330320792494,0.089308187113866,0.0415917367268209,0.152650449611069,0.232087801046188,0.00528820042505157
"40",0,0.0172064752960179,0.0248551577170069,0.0564111085918019,0.380144423523069,0.0877299604731896,0.0411614524164382,0.154395716574538,0.232872610039488,0.00522309536844946
"41",0,0.0176765810709814,0.0247575145215839,0.0577623860460995,0.377994302297894,0.0862387982341611,0.0407550993021855,0.156070230336925,0.23358513043889,0.00515995775128029
"42",0,0.0181453904771426,0.0246608372405204,0.0591083868063199,0.375880677112948,0.0848285855051137,0.0403708577018239,0.157676531621892,0.234230015765467,0.00509871776877298
"43",0,0.0186129155807432,0.0245651449892027,0.0604491646358764,0.373804028234307,0.0834937161605825,0.0400070684846113,0.159217068009124,0.234811585978398,0.0050393079271552
"44",0,0.019079168570929,0.0244704512639985,0.0617847740348209,0.371764630471888,0.0822290434648978,0.039662217113655,0.1606941968728,0.235333855100885,0.00498166310612611
"45",0,0.0195441617027651,0.0243767646783995,0.0631152699733337,0.369762583099985,0.0810298361945392,0.0393349193633322,0.162110188378422,0.235800556027249,0.00492572058197458
"46",0,0.0200079072485211,0.0242840896438676,0.0644407076623753,0.36779783582452,0.0798917395718817,0.0390239085818086,0.163467228489774,0.236215162957732,0.00487142001951952
"47",0,0.020470417456147,0.0241924269718216,0.0657611423571936,0.365870211299697,0.0788107404190225,0.0387280243341962,0.164767421957365,0.23658091176451,0.00481870344004835
"48",0,0.0209317045139963,0.0241017743973808,0.067076629189418,0.363979424644959,0.0777831360172059,0.038446202271155,0.16601279526697,0.236900818527678,0.00476751517123644
"49",0,0.0214265470753393,0.0240110463567911,0.0683871640400688,0.362107670924371,0.0768031418673273,0.0381761837628943,0.167200295180796,0.237170200630587,0.00471775016182463
"50",0,0.0219200800252348,0.0239213826509498,0.0696928050010657,0.360272519857791,0.0758699362156839,0.037918306225912,0.168336645114748,0.237398923362443,0.00466940154617086
"51",0,0.0224123163679484,0.0238327273554642,0.0709936071119474,0.358473392219356,0.0749806067007549,0.0376717630959481,0.169423668083365,0.237589498382599,0.00462242068261694
"52",0,0.0229032689099204,0.0237450668233411,0.072289624667393,0.35670964849217,0.0741324488665354,0.0374358056909653,0.17046311540578,0.237744260069138,0.00457676107475655
"53",0,0.0233929502544952,0.0236583861146415,0.0735809111466522,0.35498062638875,0.0733229526281521,0.0372097394039174,0.171456673799262,0.237865382127641,0.00453237813648855
"54",0,0.0238813727950055,0.0235726712334697,0.0748675192650717,0.353285639108837,0.0725497863599598,0.0369929211806698,0.172405967379559,0.23795489359868,0.0044892290787473
"55",0,0.0243685487080063,0.0234879075533369,0.0761495009396773,0.351623980536949,0.0718107825722144,0.0367847557575721,0.173312560073546,0.238014691040812,0.00444727281788628
"56",0,0.0248544899475814,0.0234040798569237,0.0774269072569258,0.349994929337014,0.0711039247495166,0.0365846919762727,0.17417795795135,0.238046549030627,0.00440646989378946
"57",0,0.0253392082408684,0.0233211724093588,0.078699788444457,0.348397752976816,0.070427335345859,0.0363922192696547,0.175003611493658,0.238052129426097,0.00436678239323037
"58",0,0.0258227150847861,0.0232391690659614,0.0799681938487261,0.346831711427612,0.0697792648360431,0.0362068643951469,0.175790917777907,0.238032989686767,0.0043281738770509
"59",0,0.0263050217438793,0.02315805337747,0.081232171918379,0.345296060498615,0.0691580817309746,0.0360281884247669,0.176541222580901,0.237990590414371,0.00429060931064384
"60",0,0.0267861392491717,0.0230778086827582,0.0824917701926896,0.343790054801504,0.0685622634670985,0.0358557839849174,0.177255822397591,0.23792630222671,0.00425405499755961
"61",0,0.0273043909009328,0.022997245760479,0.0837469713026389,0.34229425392935,0.067988001487862,0.0356879053331132,0.177929919528972,0.237832886634908,0.00421842512174306
"62",0,0.0278213579758763,0.0229175928586631,0.0849978249175963,0.34082723540544,0.0674363036691958,0.0355255125875693,0.17857061929357,0.237719819638987,0.00418373365310258
"63",0,0.0283370519283247,0.0228387810037944,0.0862443769423226,0.339388193508889,0.0669059462118026,0.0353683015566826,0.17917909621776,0.237588301476791,0.00414995115363291
"64",0,0.0288514839247257,0.0227607899643172,0.0874866721773298,0.337976321321599,0.0663957769421006,0.0352159825444972,0.179756477647481,0.237439446045907,0.00411704943204196
"65",0,0.0293646648586452,0.0226835996797758,0.0887247543282207,0.336590843069452,0.065904714773994,0.0350682808185433,0.180303850499013,0.237274290646951,0.00408500132540506
"66",0,0.029876605360792,0.0226071924956986,0.089958666137008,0.335231004130413,0.0654317450003779,0.0349249380538649,0.180822262272568,0.237093805929852,0.00405378061942643
"67",0,0.0303873158066016,0.0225315512286953,0.0911884494078264,0.333896069818088,0.0649759150325903,0.0347857119343713,0.181312722562038,0.236898902215461,0.00402336199432824
"68",0,0.0308968063228446,0.0224566590478141,0.0924141450261691,0.332585323853686,0.0645363302602125,0.034650375447894,0.181776204504441,0.236690434554883,0.00399372098205583
"69",0,0.0314050867937247,0.0223824994138435,0.0936357929748107,0.331298067546962,0.0641121501597444,0.0345187160233073,0.182213646191959,0.236469206966613,0.00396483392903554
"70",0,0.0319121668667028,0.0223090560750737,0.0948534323494995,0.330033619295099,0.0637025846560879,0.0343905346350763,0.18262595203025,0.236235976129892,0.00393667796231907
"71",0,0.032418055958166,0.0222363130758752,0.0960671013751175,0.328791314264379,0.0633068907351257,0.0342656449203694,0.18301399404151,0.235991454671342,0.00390923095811566
"72",0,0.0329227632589963,0.0221642547650217,0.0972768374222951,0.327570504171926,0.0629243692962552,0.034143872331356,0.183378613112496,0.235736314129445,0.00388247151220848
"73",0,0.0334646806089751,0.0220917069172686,0.0984826137718649,0.326352194371095,0.0625520928968973,0.0340237057366923,0.183714184994932,0.235462492953912,0.00385632774836298
"74",0,0.0340053198827491,0.0220198858317552,0.0996844700908713,0.325154731495512,0.062191649031251,0.0339062812079651,0.18402780278028,0.235179037306781,0.003830822372835
"75",0,0.0345446905902856,0.0219487243742632,0.10088244238214,0.323977445005476,0.0618424739648505,0.0337914781999945,0.184320234773321,0.234886574094794,0.00380593661487551
"76",0,0.0350828019799475,0.0218782047222818,0.102076565675734,0.322819671919086,0.0615040291409253,0.0336791767969464,0.184592217350878,0.234585679954573,0.00378165245962742
"77",0,0.0356196630577897,0.0218083094692864,0.103266874051662,0.321680787617704,0.0611758043892413,0.0335692593392161,0.184844461189721,0.234276888427237,0.00375795245814285
"78",0,0.036155282600874,0.0217390238171518,0.104453400782241,0.320560194292621,0.0608573165840494,0.0334616129498914,0.185077651677998,0.233960697619912,0.00373481967526174
"79",0,0.0366896691674075,0.0216703335973169,0.105636178366462,0.319457318430761,0.0605481084516414,0.0333561300967545,0.185292449856432,0.233637574371736,0.00371223766148888
"80",0,0.0372228311053739,0.021602225121691,0.106815238556214,0.318371608160599,0.0602477472264403,0.0332527087580125,0.185489493320607,0.23330795731654,0.00369019043452211
"81",0,0.0377547765602183,0.0215346850953905,0.107990612377744,0.317302531459238,0.0599558233131002,0.0331512523495355,0.185669397108691,0.232972259271366,0.00366866246471661
"82",0,0.0382855134818975,0.0214677005895886,0.109162330151635,0.316249574806159,0.0596719489824582,0.0330516695483448,0.185832754557555,0.232630869219963,0.00364763866239826
"83",0,0.0388150496314618,0.0214012590301011,0.11033042151217,0.315212242131235,0.0593957571208705,0.0329538740649155,0.185980138125149,0.232284154017983,0.00362710436611431
"84",0,0.0393433925872758,0.0213353481882562,0.111494915426179,0.314190053959844,0.059126900040597,0.0328577843933572,0.186112100178584,0.231932459894501,0.003607045331406
"85",0,0.0399133556842709,0.0212686788710863,0.112655770495703,0.313162359054654,0.0588625965113604,0.0327618338681849,0.186221697090447,0.231566316023715,0.00358739240057915
"86",0,0.0404820141440033,0.0212025971483788,0.11381301879194,0.312149547616419,0.0586049097538486,0.0326673731938134,0.186316797950264,0.231195563465519,0.00356817793581346
"87",0,0.041049375972896,0.0211370332597292,0.11496668857853,0.311151107099273,0.0583535672039348,0.0325743597088404,0.186397914147818,0.230820564422431,0.00354938960654746
"88",0,0.0416154489531495,0.0210719724536147,0.116116807313967,0.310166530013508,0.0581083022802666,0.032482745277278,0.186465533867451,0.230441644230475,0.00353101561028869
"89",0,0.0421802406647149,0.021007400393832,0.117263401674271,0.30919534794447,0.0578688595328962,0.0323924785621205,0.186520128619629,0.230059098131767,0.00351304447629841
"90",0,0.0427437584999089,0.0209433055891807,0.118406497708264,0.308237118351237,0.05763499457367,0.0323035082802436,0.186562153237996,0.229673198737162,0.00349546502233771
"91",0,0.0433060096740762,0.0208796771813749,0.119546120872116,0.307291421527151,0.0574064740613415,0.0322157842194451,0.186592046491733,0.229284199635557,0.00347826633720542
"92",0,0.0438670012343455,0.0208165047735823,0.120682296054536,0.306357857457715,0.0571830754148208,0.0321292577807948,0.186610231670664,0.228892337840447,0.00346143777309516
"93",0,0.0444267400671771,0.0207537783284394,0.121815047596386,0.305436043681605,0.0569645864402383,0.032043882225365,0.186617117171155,0.228497835548172,0.00344496894146224
"94",0,0.0449852329050916,0.0206914881339077,0.122944399308443,0.304525613684314,0.0567508049110433,0.0319596127789005,0.186613097063141,0.228100901505019,0.00342884971014098
"95",0,0.0455424863327963,0.0206296247873559,0.12407037448828,0.303626215649173,0.0565415381302234,0.031876406655547,0.18659855163532,0.227701732120542,0.00341307020076076
"96",0,0.046098506792845,0.0205681791828341,0.125192995936467,0.302737511453147,0.0563366024897081,0.0317942230352115,0.186573847917291,0.227300512406439,0.00339762078605764
"97",0,0.0466991911088414,0.0205057875068517,0.126312212015951,0.3018377557156,0.0561332454533847,0.0317114337696284,0.186531093047349,0.226886847363824,0.0033824340185695
"98",0,0.0472985188152951,0.020443881826782,0.127428049252632,0.300948740775694,0.0559337915181657,0.0316295193343121,0.186478758043814,0.226471191897866,0.00336754853543945
"99",0,0.047896496881073,0.0203823912260006,0.128540530301744,0.300070080623323,0.0557381072034051,0.0315484724335123,0.186417188627571,0.226053776469159,0.00335295623421211
"100",0,0.0484931320833265,0.0203213036087349,0.129649677158327,0.299201390691734,0.0555460564127704,0.0314682775145095,0.186346712706368,0.225634800411653,0.00333864941257709
"101",0,0.0490884310313029,0.0202606072433348,0.130755511177103,0.298342324203009,0.05535750654387,0.0313889133723361,0.186267647165324,0.225214438698955,0.00332462056476533
"102",0,0.0496824001815929,0.0202002933570387,0.131858053233971,0.297492557991901,0.0551723289537768,0.031310356799993,0.186180297612865,0.224792849527129,0.00331086234173327
"103",0,0.0502750458487803,0.0201403537722526,0.132957323758493,0.296651789247722,0.054990399442785,0.0312325838212516,0.186084958799483,0.224370177770625,0.00329736753860714
"104",0,0.0508663742138824,0.0200807807239343,0.134053342756414,0.295819732171537,0.0548115984103255,0.0311555704028532,0.185981915014761,0.223946557214025,0.00328412909226831
"105",0,0.0514563913313992,0.0200215667508793,0.135146129826238,0.294996115723122,0.0546358108856021,0.0310792928393532,0.185871440493639,0.223522112067421,0.00327114008234598
"106",0,0.0520451031354299,0.0199627046596694,0.136235704173853,0.294180681949097,0.0544629264777985,0.0310037279764808,0.185753799810631,0.223096958083815,0.00325839373322508
"107",0,0.052632515445111,0.0199041875082172,0.137322084626241,0.293373184701909,0.0542928392794969,0.0309288533394299,0.185629248258598,0.222671203424919,0.00324588341607737
"108",0,0.0532186339695377,0.0198460085928752,0.138405289644498,0.29257338862724,0.0541254477416384,0.0308546472038923,0.185498032210517,0.222244949359291,0.003233602650509
"109",0,0.0538523365531024,0.0197867322499139,0.139485259330479,0.291758427525897,0.0539579426997012,0.0307794007117406,0.185351426108422,0.221806990702758,0.00322148411798701
"110",0,0.0544846087626577,0.0197278720666056,0.140562016398384,0.290951447666229,0.0537928480957841,0.0307047049675799,0.185198506888829,0.221368423562685,0.00320957159124563
"111",0,0.0551154569393083,0.0196693554949577,0.141635579602708,0.290152151725359,0.0536301018679132,0.0306305704668853,0.185039512446972,0.220929411568404,0.00319785988749218
"112",0,0.0557448872547559,0.0196111723839545,0.1427059671439,0.289360240674082,0.053469634976462,0.0305569978709711,0.184874666161621,0.220490089388256,0.00318634414599737
"113",0,0.0563729057372306,0.019553312893582,0.143773196685335,0.288575452356072,0.0533113781605998,0.0304839808505222,0.18470418400596,0.220050569695873,0.00317501961482559
"114",0,0.0569995182875584,0.0194957702477187,0.144837285520542,0.287797546443978,0.053155262668117,0.030411510038364,0.184528274123694,0.219610951058217,0.00316388161181033
"115",0,0.0576247306899431,0.0194385382310381,0.145898250603818,0.287026301019324,0.0530012209870923,0.0303395744007514,0.184347137129814,0.219171321423809,0.00315292551441054
"116",0,0.0582485486202273,0.0193816109975794,0.146956108570383,0.286261509080224,0.0528491872137665,0.0302681620495085,0.18416096639204,0.218731760316062,0.00314214676020956
"117",0,0.05887097765258,0.0193249829569323,0.148010875750329,0.285502976215044,0.0526990972736158,0.0301972607014783,0.183969948326842,0.218292340272282,0.00313154085089767
"118",0,0.0594920232651414,0.0192686487373909,0.149062568180557,0.284750518897806,0.0525508890445304,0.0301268579624037,0.183774262687269,0.2178531278677,0.00312110335720203
"119",0,0.0601116908449184,0.0192126031698281,0.150111201615837,0.284003963201323,0.0524045024188814,0.0300569415063247,0.183574082838921,0.21741418448025,0.00311082992371754
"120",0,0.0607299856921203,0.0191568412753681,0.151156791539187,0.283263143796777,0.0522598793248412,0.0299874991910475,0.183369576022289,0.216975566885155,0.00310071627321506
"121",0,0.0613984935376013,0.0190998633952196,0.152199271581504,0.282504141390075,0.05211412315141,0.0299167402180878,0.183151301961065,0.216525370362177,0.00309069440286003
"122",0,0.0620654788406215,0.0190432549130638,0.153238661904714,0.281751323865438,0.0519699189965359,0.029846350921413,0.182928903319466,0.216075294921772,0.00308081231697602
"123",0,0.0627309476404742,0.0189869414680373,0.15427497861209,0.281004452419443,0.051827243728186,0.0297763515715297,0.182702547379152,0.215625470291533,0.00307106688955442
"124",0,0.0633949058198582,0.0189309142542198,0.155308237326274,0.280263284239962,0.0516860647945841,0.029706751579407,0.182472388918235,0.215175997802399,0.00306145526506057
"125",0,0.0640573591333331,0.0188751647320623,0.156338453203815,0.279527613039984,0.0515463474645774,0.0296375525294116,0.182238577649485,0.214726957611828,0.00305197463550303
"126",0,0.0647183132245195,0.0188196875217759,0.157365641107631,0.278797253241032,0.0514080557065643,0.0295687523782229,0.182001257677738,0.21427841694128,0.00304262220123705
"127",0,0.0653777736372776,0.0187644777794376,0.158389815636254,0.278072036406236,0.0512711530604059,0.0295003469274161,0.181760567727425,0.213830433663356,0.00303339516219238
"128",0,0.0660357458240328,0.0187095309984905,0.159410991142248,0.277351807614351,0.0511356031191625,0.0294323307038449,0.181516641351619,0.213383058525986,0.00302429072026527
"129",0,0.0666922351523326,0.018654842891771,0.160429181744182,0.276636423066988,0.0510013698500253,0.0293646974661699,0.181269607159157,0.212936336584049,0.00301530608532452
"130",0,0.0673472469102401,0.018600409354176,0.161444401336565,0.275925748352911,0.0508684178065865,0.029297440524594,0.181019589035849,0.212490308196921,0.00300643848215737
"131",0,0.0680007863109053,0.0185462264469645,0.162456663598927,0.275219657153114,0.0507367122716665,0.0292305529489829,0.180766706355889,0.212045009756298,0.00299768515725384
"132",0,0.0686528584965228,0.0184922903860264,0.163465982004261,0.274518030247565,0.0506062193525531,0.029164027708288,0.180511074181542,0.211600474238257,0.00298904338498486
"133",0,0.069358575034687,0.0184370141076103,0.164472283402831,0.273795477757966,0.0504738851889294,0.0290959584327896,0.180242430676672,0.211143932749806,0.00298044264870858
"134",0,0.0700626574774535,0.0183820786562749,0.165475586397148,0.273077975115827,0.0503425893052335,0.0290281510040138,0.17997113938175,0.210687887067704,0.00297193559459605
"135",0,0.0707651118373447,0.0183274063332802,0.166475905348887,0.272365318530189,0.0502123315595972,0.0289606322228941,0.179697321505989,0.210232452091987,0.00296352056983095
"136",0,0.0714659439732843,0.0182729891337365,0.167473254182815,0.2716572984454,0.0500831006454467,0.0288934170458939,0.179421086804304,0.209777713608067,0.00295519616105254
"137",0,0.0721651596226248,0.0182188192861649,0.168467646399524,0.270953742610665,0.0499548818753848,0.0288265118415884,0.179142541486694,0.209323735919754,0.00294696095760016
"138",0,0.0728627644201606,0.0181648923299674,0.169459095256146,0.270254499241801,0.049827658175398,0.0287599188872502,0.178861787574486,0.208870570603902,0.00293881351088912
"139",0,0.073558763910188,0.0181112043329785,0.170447613795194,0.269559433241857,0.0497014110661164,0.0286936379536787,0.178578923083321,0.208418260290383,0.00293075232628408
"140",0,0.0742531635552858,0.0180577516832088,0.171433214862036,0.268868422376132,0.0495761212245922,0.0286276672564413,0.178294042187356,0.207966840988069,0.00292277586687913
"141",0,0.074945968743073,0.0180045309649901,0.172415911115611,0.268181354766095,0.0494517688715373,0.0285620040071468,0.178007235404531,0.207516343565897,0.00291488256111921
"142",0,0.0756371847916477,0.0179515389205455,0.173395715037048,0.267498127085295,0.0493283340399903,0.0284966447645412,0.177718589777266,0.207066794772262,0.00290707081140411
"143",0,0.0763268169540965,0.0178987724343838,0.17437263893743,0.266818643225495,0.0492057967674717,0.0284315856657943,0.177428189044478,0.206618217968355,0.00289933900249638
"144",0,0.0770148704223225,0.0178462285218665,0.175346694964937,0.266142813283987,0.0490841372351326,0.0283668225838671,0.177136113802852,0.206170633675778,0.00289168550925702
"145",0,0.0777616222775961,0.0177921867238929,0.176317801364236,0.265443000964847,0.0489600405702208,0.0283002740733892,0.176830999120783,0.205710040198548,0.00288403470648795
"146",0,0.0785066042907024,0.0177384719483972,0.177285975984376,0.264747559116447,0.0488366629242213,0.0282339185454714,0.176524240707671,0.205250121236303,0.00287644524640964
"147",0,0.0792498227015391,0.0176850006651248,0.178251232115285,0.264056300691436,0.0487140193626948,0.0281677884479353,0.17621593019548,0.204790989259052,0.00286891656145295
"148",0,0.07999128358888,0.0176317651864486,0.179213582627294,0.263369031396039,0.048592112112045,0.0281019031417338,0.175906148019339,0.204332725618285,0.00286144830993577
"149",0,0.080730992907731,0.0175787580367588,0.180173039982713,0.26268559650675,0.0484709390921236,0.0280362724726249,0.175594972050573,0.203875388832662,0.00285404011806284
"150",0,0.0814689565112309,0.0175259753027146,0.18112961643026,0.262005862507736,0.0483504950337726,0.0279709016921747,0.175282476847613,0.203419024138223,0.00284669153627562
"151",0,0.0822051801643006,0.0174734136136645,0.182083324034679,0.261329712975543,0.048230772578212,0.027905793196609,0.174968733814466,0.202963667591356,0.00283940203116955
"152",0,0.0829396695534141,0.0174210699179199,0.183034174694155,0.260657044433111,0.0481117629166782,0.0278409475722866,0.174653811339042,0.202509348582952,0.00283217099044183
"153",0,0.0836724302939877,0.017368941349469,0.183982180150442,0.259987763647356,0.0479934562378432,0.027776364203649,0.174337774955667,0.202056091429541,0.00282499773204654
"154",0,0.0844034679362207,0.0173170251872751,0.184927351996778,0.259321785694397,0.0478758420443705,0.0277120416619984,0.174020687503807,0.201603916460728,0.00281788151442516
"155",0,0.0851327879698541,0.0172653188392017,0.185869701684924,0.258659032538294,0.0477589093846582,0.0276479779630107,0.173702609278522,0.201152840795017,0.00281082154651908
"156",0,0.0858603958281409,0.0172138198304249,0.18680924053156,0.257999431959972,0.0476426470255393,0.027584170743178,0.173383598170387,0.200702878913758,0.00280381699703993
"157",0,0.0866495232642744,0.0171607384732715,0.187745882171326,0.25731409603872,0.0475235913776292,0.0275184378411213,0.173051624954409,0.200239316447124,0.00279678943212471
"158",0,0.0874367285055837,0.0171079747552801,0.188679643941126,0.25663270776973,0.047405057406145,0.0274528572761182,0.172718705262041,0.199776523955651,0.00278980112832546
"159",0,0.0882220181826949,0.0170554420880045,0.189610538451821,0.255955090524992,0.047287069337243,0.0273874647900341,0.172384911022355,0.199314613323253,0.00278285227960275
"160",0,0.0890053987551858,0.0170031330442166,0.190538577908893,0.255281059813258,0.0471696375873733,0.0273222823214609,0.172050303165932,0.198853664111819,0.00277594329186062
"161",0,0.0897868765537836,0.0169510403891337,0.191463774122946,0.254610472038964,0.0470527677200171,0.027257321761473,0.171714940684919,0.19839373221556,0.00276907451320342
"162",0,0.0905664578049454,0.0168991605775891,0.192386138711085,0.253943205264218,0.0469364616366368,0.0271925901164814,0.171378879823106,0.197934859877102,0.00276224618883573
"163",0,0.0913441486460358,0.0168474906113573,0.193305683126773,0.253279154879751,0.0468207187447836,0.027128091335934,0.171042174220452,0.197477079981639,0.00275545845327491
"164",0,0.0921199551360877,0.016796027808221,0.194222418677073,0.252618229266587,0.046705536643425,0.0270638274121555,0.170704875036061,0.197020418684168,0.00274871133622234
"165",0,0.0928938832638566,0.0167447696639321,0.195136356532367,0.251960346975148,0.0465909116057032,0.0269997990211452,0.170367031096921,0.196564897068087,0.00274200477283956
"166",0,0.0936659389541182,0.0166937138104052,0.196047507733786,0.251305434711276,0.0464768389236398,0.0269360059332217,0.170028689043112,0.1961105322753,0.00273533861514081
"167",0,0.094436128072743,0.0166428579994096,0.196955883199751,0.250653425861688,0.0463633131631378,0.0268724472857618,0.169689893464861,0.195657338309504,0.00272871264314296
"168",0,0.0952044564308804,0.0165922000909112,0.197861493731879,0.250004259387035,0.0462503283563753,0.0268091217707049,0.169350687029102,0.195205326627892,0.00272212657522122
"169",0,0.0960377740390078,0.0165398633793987,0.198764247700265,0.249327482837255,0.0461342300629442,0.0267437223493736,0.168998263944034,0.194738917664815,0.00271549802290605
"170",0,0.0968689977685783,0.0164878415764525,0.199664162292777,0.248654420973444,0.0460185269849217,0.0266784485787716,0.168645384829707,0.194273323572391,0.00270889342295612
"171",0,0.0976981348120727,0.0164360440398097,0.20056124974998,0.247984900244067,0.0459032500042902,0.026613339305962,0.168292108916891,0.193808659404697,0.00270231352222999
"172",0,0.0985251921748445,0.0163844633947776,0.201455521909927,0.247318738726112,0.0457884152119953,0.0265484187449654,0.1679384843117,0.193345006250215,0.0026957592754631
"173",0,0.0993501767233048,0.0163330924434679,0.202346990217805,0.246655797298276,0.045674033372788,0.0264837004538269,0.167584557586042,0.192882420343911,0.00268923156057853
"174",0,0.100173095212871,0.0162819278436432,0.20323566593638,0.24599595933024,0.0455601111947131,0.0264191927904037,0.167230372904532,0.192420943655918,0.00268273113129787
"175",0,0.100993954305113,0.0162309668129416,0.204121560176558,0.245339126092156,0.0454466525712477,0.0263549008459851,0.16687597216275,0.191960608424016,0.00267625860923255
"176",0,0.101812760579831,0.0161802068886995,0.205004683914828,0.244685212177503,0.045333659313247,0.0262908276092069,0.166521395102178,0.191501439924072,0.00266981449043365
"177",0,0.102629520544035,0.0161296457838463,0.205885048002851,0.24403414253246,0.0452211316663638,0.0262269746448564,0.166166679452593,0.19104345821638,0.00266339915661543
"178",0,0.103444240638905,0.0160792813435676,0.206762663174678,0.243385850339357,0.0451090686822245,0.0261633425293179,0.165811861071024,0.190586679333356,0.00265701288757027
"179",0,0.104256927245365,0.0160291115285554,0.207637540053053,0.24274027547072,0.0449974684944619,0.0260999311401753,0.165456974072445,0.190131116121892,0.00265065587333335
"180",0,0.105067586688634,0.0159791344031034,0.208509689155067,0.242097363331805,0.0448863285282642,0.0260367398556462,0.165102050949744,0.189676778862226,0.00264432822550979
"181",0,0.105949832593548,0.0159272999370366,0.209379009106147,0.241423664168988,0.0447716278420231,0.0259712273029833,0.164732911305631,0.189206488240095,0.00263793950354832
"182",0,0.106829780412741,0.0158757872932164,0.21024551747151,0.240753616401035,0.044657235040381,0.0259058185746298,0.164363662808934,0.188737018609259,0.00263156338829422
"183",0,0.107707438143715,0.0158244975549583,0.211109226417453,0.240087039324832,0.0445431877739497,0.0258405572146314,0.163994357587633,0.18826849489182,0.00262520109100857
"184",0,0.108582813568008,0.0157734230315137,0.211970147690507,0.239423743057309,0.0444295072981978,0.0257754706314083,0.163625035905067,0.187801004775728,0.00261885404226064
"185",0,0.109455914308778,0.0157225561999921,0.212828292626601,0.238763584473956,0.044316208884419,0.0257105744826594,0.163255736737955,0.187334608707111,0.00261252357852881
"186",0,0.110326747864085,0.0156718937359719,0.213683672380215,0.238106444878169,0.0442033032231904,0.0256458786785835,0.162886496800949,0.186869351548908,0.00260621088992815
"187",0,0.111195321627216,0.015621432914024,0.214536297957074,0.237452224933066,0.0440907977947347,0.0255813895111452,0.162517350687359,0.186405267563899,0.00259991701148162
"188",0,0.112061642900929,0.0155711713476583,0.215386180232645,0.236800839632715,0.0439786976782036,0.0255171109357228,0.162148330983603,0.185942383458161,0.00259364283036221
"189",0,0.112925718907974,0.0155211068326759,0.216233329962092,0.236152215043989,0.0438670061247406,0.0254530453189602,0.161779468414098,0.185480720297143,0.00258738909832699
"190",0,0.113787556799221,0.0154712373003904,0.217077757787667,0.235506285989344,0.0437557249695447,0.0253891939187273,0.16141079198265,0.185020294806956,0.00258115644549928
"191",0,0.114647163660113,0.0154215607997018,0.217919474245131,0.234862994357665,0.0436448549391408,0.0253255572035444,0.161042329105042,0.184561120295759,0.00257494539390329
"192",0,0.115504546515903,0.0153720754844197,0.218758489769478,0.234222287842337,0.0435343958853929,0.0252621350727455,0.160674105730176,0.184103207329449,0.00256875637009808
"193",0,0.116435292004344,0.0153206929073957,0.219594700807219,0.233549891481287,0.0434202190571283,0.0251963164572044,0.160291496726985,0.18362889393794,0.00256249662049665
"194",0,0.117363520315191,0.0152696339096915,0.220428125019474,0.232881108796594,0.0433063021247867,0.025130594544377,0.159909042820779,0.183155430199187,0.00255624226991963
"195",0,0.118289240348573,0.015218797590014,0.221258774560121,0.232215757356728,0.0431926858872893,0.025065014466438,0.15952679073763,0.182682944219384,0.00254999483382136
"196",0,0.119212460765539,0.0151681762487025,0.222086661162785,0.231553645783627,0.0430793942191352,0.0249996047579649,0.159144775164869,0.182211525855309,0.00254375604206903
"197",0,0.12013319005242,0.015117762340496,0.222911796149269,0.230894630720142,0.0429664447536265,0.0249343818686811,0.158763029641975,0.181741236955565,0.00253752751782511
"198",0,0.121051436558037,0.0150675525914189,0.22373419066268,0.230238593898879,0.0428538503334137,0.0248693563260746,0.158381585555785,0.181272123349436,0.002531310724277
"199",0,0.121967208516393,0.0150175443329019,0.224553855700471,0.229585436892047,0.0427416204229732,0.0248045349241367,0.15800047228352,0.180804219971484,0.00252510695607266
"200",0,0.122880514062554,0.0149677352387535,0.225370802133135,0.228935075931896,0.0426297619449372,0.0247399220410677,0.157619717307605,0.180337553992909,0.00251891734714211
"201",0,0.123791361244382,0.014918123165909,0.226185040714191,0.228287438554619,0.0425182798732543,0.0246755204088018,0.157239346361336,0.179872146793667,0.00251274288384078
"202",0,0.124699758031553,0.0148687061069114,0.226996582087592,0.227642461213895,0.0424071776605814,0.0246113316071894,0.156859383570685,0.179408015302127,0.00250658441946609
"203",0,0.125605712322724,0.0148194821716248,0.227805436794127,0.227000087541636,0.0422964575576519,0.0245473563931274,0.156479851586886,0.178945172943716,0.00250044268850696
"204",0,0.126509231951331,0.0147704495742863,0.228611615277115,0.226360267048931,0.0421861208570614,0.0244835949275855,0.156100771707153,0.178483630336582,0.00249431831995435
"205",0,0.127492542583888,0.0147193542969658,0.229415004954458,0.225685788672026,0.0420716736105023,0.0244172045633037,0.155706172269459,0.178004148718466,0.00248811033093089
"206",0,0.128473080751045,0.0146685943325105,0.230215624127699,0.225015001527782,0.0419574492445551,0.0243509009798436,0.155311924798562,0.177525522300499,0.00248190193750504
"207",0,0.129450856535251,0.0146180606895364,0.231013485149576,0.224347711696282,0.0418434935406446,0.0242847335716491,0.154918073916872,0.177047889954172,0.00247569494601631
"208",0,0.130425879739971,0.0145677452506236,0.231808599929775,0.22368371581605,0.0417298338516109,0.0242187336734273,0.154524651307121,0.176571349037422,0.00246949139399883
"209",0,0.131398159965914,0.014517640043036,0.232600979942828,0.223022862583944,0.0416164907058943,0.0241529194752123,0.154131687587781,0.176095966494686,0.00246329320070575
"210",0,0.132367706655029,0.0144677416938616,0.233390636479169,0.222365027841262,0.0415034793873197,0.0240873027202451,0.153739211213179,0.175621791901134,0.00245710210880147
"211",0,0.133334529117281,0.0144180474754764,0.234177580680357,0.221710108839545,0.0413908114703632,0.0240218910851319,0.153347248624735,0.175148863032343,0.00245091967476746
"212",0,0.134298636549351,0.0143685550241837,0.234961823558942,0.221058018611273,0.0412784957297406,0.0239566896124223,0.152955824370624,0.174677209266268,0.00244474727719552
"213",0,0.13526003804841,0.0143192621690791,0.235743376008983,0.220408682326139,0.0411665387856952,0.0238917015473449,0.152564961258992,0.174206853724429,0.00243858613092861
"214",0,0.136218742622693,0.014270166881225,0.236522248813797,0.21976203470281,0.0410549455691996,0.0238269288751646,0.152174680507014,0.173737814725353,0.00243243730274352
"215",0,0.137174759199868,0.0142212672541507,0.237298452652649,0.219118018124635,0.0409437196697981,0.0237623726791019,0.151785001880033,0.173270106812983,0.00242630172678212
"216",0,0.138128096633793,0.0141725614900676,0.238071998106676,0.218476581233788,0.0408328636013409,0.0236980333872552,0.1513959438179,0.172803741510187,0.00242018021899252
"217",0,0.139164601565586,0.0141217147055608,0.238842768317918,0.217798944216443,0.0407176814174396,0.0236309405892026,0.150990775364337,0.172318606610781,0.002413967212732
"218",0,0.140198053720097,0.0140712118021641,0.239610782055579,0.217125086934431,0.0406027048082124,0.0235639333923568,0.150586120803035,0.171834356461208,0.00240775002291674
"219",0,0.141228464535218,0.014020939650813,0.240376051914219,0.216454807492223,0.040487982561604,0.0234970635654765,0.150182023263365,0.171351136342935,0.00240153067414564
"220",0,0.142255845131453,0.0139708899103056,0.241138590033133,0.215787894747571,0.0403735441865098,0.0234303640013142,0.149778512401001,0.170869048161832,0.00239531142688088
"221",0,0.143280206398787,0.0139210543725083,0.241898408103611,0.215124191987571,0.0402594120165519,0.0233638538596797,0.149375616832749,0.17038816201553,0.00238909441301255
"222",0,0.144301559046838,0.0138714295885681,0.242655517628704,0.214463570917699,0.0401456028666459,0.0232975455576899,0.148973362987848,0.169908529830891,0.00238288157511657
"223",0,0.145319913635382,0.0138220127746222,0.243409929959517,0.21380592562396,0.0400321296387369,0.0232314472566595,0.148571775267459,0.169430191187077,0.0023766746565869
"224",0,0.146335280595679,0.0137728015225994,0.244161656315722,0.213151166678491,0.0399190022745729,0.0231655643589329,0.148170876169797,0.168953176873758,0.00237047521044916
"225",0,0.147347670246159,0.0137237936233702,0.244910707796416,0.212499217323759,0.0398062284320949,0.0230999003826328,0.147770686449832,0.168477511131448,0.00236428461428875
"226",0,0.148357092804477,0.0136749870142541,0.245657095388113,0.21185001076226,0.0396938139735207,0.023034457523617,0.147371225274294,0.16800321317267,0.00235810408679432
"227",0,0.149363558397027,0.0136263797587724,0.246400829971634,0.211203488183392,0.0395817633306211,0.0229692370299207,0.146972510366083,0.167530298258509,0.00235193470404086
"228",0,0.150367077066639,0.0135779700323039,0.247141922328211,0.210559597291256,0.0394700797840335,0.0229042394601685,0.146574558135121,0.16705877848753,0.00234577741473795
