"","Alive","Death","ODN","ODF","REL","BUP","BUPC","MET","METC","ABS"
"0",0,0,0,0,0,1,0,0,0,0
"1",0,0.000317590202590146,0.00252645912420409,0.00012589879949703,0.171543634677272,0.60843649021283,0.195615187643769,0.0130655769606843,0.00352057565582552,0.00484858672332757
"2",0,0.000673210115263667,0.0260711189851618,0.00142507777703546,0.245125763212599,0.517666140326112,0.163674837484524,0.0155999818825568,0.0236705362608887,0.00609333395585871
"3",0,0.00104989976946379,0.0198070128061305,0.00241210310035222,0.307841969317328,0.445313394721859,0.157484671786995,0.0195964563220046,0.0397075040295237,0.00678698814634316
"4",0,0.00143871287220143,0.020260038165533,0.00342170363509595,0.347530367634127,0.393236619507353,0.148692353957465,0.0233065609482132,0.0549758143924417,0.00713782888757053
"5",0,0.00183603901554807,0.0203946816176538,0.00443801373771661,0.376934474382955,0.352400026995583,0.140473359267687,0.0269369158579434,0.0692871284182289,0.00729936070668448
"6",0,0.00223952684995077,0.0206760135838494,0.00546834320699349,0.398907087598296,0.319327781247862,0.132793740468641,0.0304856360429291,0.0827594905143649,0.00734238048711429
"7",0,0.0026475554541775,0.0209309254131871,0.00651137547165057,0.415594113257716,0.29186101634608,0.125743999712706,0.0339583818266413,0.0954434603727615,0.00730917214507988
"8",0,0.0030589400399067,0.0211494772119206,0.00756529863449193,0.428310448861103,0.268632013675565,0.119313996059366,0.0373543581350255,0.107389316840653,0.00722615054196864
"9",0,0.00347278495496317,0.0213281437654666,0.00862812512942611,0.43797038543785,0.24870924390578,0.113465621985628,0.0406715943157388,0.118643429196548,0.00711067130859917
"10",0,0.00388839680967212,0.0214701072846668,0.00969802596665558,0.445232713460889,0.231429544206731,0.108149356160377,0.0439079933306457,0.129249380758274,0.00697448202208986
"11",0,0.00430522953313917,0.0215797964536551,0.0107733928470762,0.450588637233045,0.216303664644551,0.103313708877688,0.0470618311896081,0.139248042286233,0.00682569693500525
"12",0,0.00472284757516439,0.0216616993255879,0.0118528411207609,0.454413341040972,0.202960370807246,0.0989093390172044,0.050131910494856,0.148677659579879,0.00666999103833025
"13",0,0.00516331937027792,0.0217193607380767,0.0129351627845354,0.456985920494839,0.191108155357409,0.0948890826265115,0.0531166485941263,0.157571033241168,0.00651131679305668
"14",0,0.00560393867362341,0.0217568911444593,0.0140193546678052,0.45855030348119,0.180522631529238,0.0912137190676535,0.0560166794352098,0.165963957733852,0.00635252426696984
"15",0,0.00604446121117719,0.0217773863011652,0.0151045678680636,0.459291070326078,0.171020472645874,0.0878466620175872,0.058832282733578,0.173887514703391,0.006195582193086
"16",0,0.00648468712616479,0.0217834698432142,0.016190084224084,0.459357375165815,0.162452307620279,0.0847554788759187,0.0615641023398574,0.18137064429552,0.00604185050914742
"17",0,0.00692445254284235,0.0217773728155231,0.0172752967523244,0.458870740766897,0.154695006809412,0.0819115118615283,0.0642130834467575,0.188440288484291,0.00589224652042447
"18",0,0.00736362297044013,0.0217609895737148,0.0183596928689888,0.457930873104019,0.147646037996548,0.0792894731259579,0.0667804154556832,0.195121530649568,0.00574736425507986
"19",0,0.00780208808077187,0.0217359293620378,0.0194428401823239,0.456620060149302,0.1412192577037,0.076867051877799,0.069267482443749,0.201437728955512,0.00560756124480491
"20",0,0.00823975752856332,0.0217035606444039,0.0205243744940268,0.45500655102878,0.135341719293969,0.0746245515164437,0.0716758209202903,0.2074106423296,0.00547302224392318
"21",0,0.008676557574954,0.0216650486891935,0.0216039896735811,0.453147185759095,0.129951215803665,0.0725445634220521,0.0740070841792888,0.213060548522547,0.00534380637562375
"22",0,0.0091124283375984,0.0216213871563678,0.0226814291066472,0.451089465232957,0.124994363086866,0.0706116783154406,0.0762630124373711,0.218406354109745,0.00521988221700642
"23",0,0.0095473215351165,0.0215734245499144,0.0237564784616331,0.448873197046732,0.120425086589508,0.0688122332858597,0.0784454079529601,0.223465696566067,0.00510115401220856
"24",0,0.009981198625438,0.0215218863516153,0.0248289595592379,0.446531815787258,0.116203413933898,0.0671340913419402,0.0805561143862056,0.228255038713639,0.0049874813007686
"25",0,0.0104425143614023,0.02146669762618,0.0258986904859764,0.444077094801379,0.112291965565526,0.0655648901594835,0.0825951537948245,0.232784338152595,0.00487865505263404
"26",0,0.0109026753478219,0.0214090745063275,0.0269655499308282,0.441549601628404,0.10866288000048,0.0640965666148886,0.084566120883977,0.237073010103574,0.00477452098369935
"27",0,0.0113616629818977,0.0213494955397878,0.0280294404298178,0.438969228666911,0.105289339457338,0.0627205200307675,0.0864708999884421,0.241134533752089,0.00467487915294914
"28",0,0.0118194638897855,0.0212883500524039,0.0290902839198998,0.436352771677281,0.102147680680459,0.0614290457262357,0.0883113636004087,0.244981515518399,0.00457952493512736
"29",0,0.0122760691144296,0.0212259735772131,0.0301480190583493,0.433714383072888,0.0992169534658496,0.0602152279341342,0.0900893660599018,0.248625754299916,0.00448825341731848
"30",0,0.0127314734270719,0.0211626537946986,0.0312025988381678,0.431065976200494,0.0964785496759947,0.0590728472280446,0.0918067372782931,0.252078300941362,0.00440086261587412
"31",0,0.0131856747427258,0.0210986374509164,0.032253988548235,0.428417562255501,0.0939158914114101,0.0579962994820013,0.0934652778001592,0.25534951254717,0.00431715576188114
"32",0,0.0136386736228987,0.0210341360369736,0.0333021640164791,0.425777533685046,0.0915141674518449,0.0569805251507148,0.0950667549449333,0.258449102215253,0.00423694287585636
"33",0,0.0140904728517645,0.0209693306467495,0.0343471100951194,0.423152903086768,0.0892601094381126,0.0560209475212918,0.0966128998312762,0.261386184727406,0.00416004180151173
"34",0,0.0145410770743492,0.0209043761309741,0.0353888193529144,0.420549505199326,0.0871418009478568,0.0551134187414463,0.0981054051327623,0.264169318590191,0.0040862788301801
"35",0,0.0149904924872261,0.0208394046588517,0.0364272909448934,0.417972168163924,0.0851485139467463,0.0542541725790625,0.0995459234399867,0.266806544761705,0.00401548901760431
"36",0,0.0154387265737984,0.0207745287777688,0.0374625296345602,0.415424859110412,0.0832705681385958,0.0534397830096072,0.100936066125649,0.269305422357912,0.00394751627169603
"37",0,0.015920938102579,0.0207089969251304,0.0384945027334651,0.412891440179378,0.0814968471046982,0.0526655104668615,0.102274501447402,0.271665088990088,0.00388217405039798
"38",0,0.016401875789909,0.0206437232072561,0.0395232231050093,0.410394513759737,0.0798218092517448,0.0519300995269458,0.103565532907901,0.273899864165856,0.00381935828564162
"39",0,0.0168815507681714,0.0205788028842427,0.0405487083596059,0.407936034499245,0.0782382588661655,0.0512309587317436,0.104810652798063,0.276016094221544,0.00375893887121943
"40",0,0.0173599747478292,0.0205142902722908,0.0415709788143589,0.405517545503753,0.0767396455443172,0.0505657101932847,0.10601130952304,0.278019751690404,0.00370079371072297
"41",0,0.0178371598910438,0.0204502323678764,0.0425900571283063,0.403140203244248,0.0753199981081729,0.0499321690061794,0.107168909599603,0.279916462402989,0.00364480825158047
"42",0,0.0183131187015326,0.0203866676726811,0.0436059678791062,0.400804833622229,0.0739738639459104,0.0493283254917697,0.108284817965481,0.281711529653182,0.00359087506810843
"43",0,0.0187878639296805,0.0203236275662071,0.0446187372081237,0.398511978901991,0.0726962556997702,0.0487523286993773,0.109360358519867,0.283409956028819,0.00353889344616468
"44",0,0.0192614084910778,0.020261137239692,0.0456283925120563,0.396261938990078,0.0714826041919134,0.0482024715170319,0.110396814812054,0.285016463272451,0.00348876897364567
"45",0,0.0197337653968027,0.0201992165228751,0.0466349621757598,0.394054807306871,0.0703287168044781,0.0476771772984945,0.111395430826014,0.286535510528306,0.00344041314039878
"46",0,0.020204947693922,0.0201378806030947,0.0476384753409066,0.391890501912975,0.0692307406103247,0.0471749878770182,0.112357411834413,0.287971311176212,0.00339374295113426
"47",0,0.0206749684148689,0.020077140653103,0.0486389617059314,0.389768792493015,0.0681851296484477,0.0466945528247309,0.113283925302158,0.289327848403672,0.00334868055407214
"48",0,0.0211438405345249,0.0200170043792931,0.0496364513532946,0.387689323738893,0.0671886158216648,0.0462346198234624,0.114176101824505,0.290608889637141,0.00330515288722156
"49",0,0.0216469223543874,0.0199566371132518,0.0506309327721649,0.385632895052061,0.0662361805638156,0.045792554654456,0.115031658567791,0.291809162355371,0.00326305656670081
"50",0,0.022148776021093,0.0198968661767789,0.0516224356789054,0.383618300170657,0.065327026949066,0.0453687095418848,0.115854932387431,0.292940595982212,0.00322235709197246
"51",0,0.0226494153287082,0.0198377186829405,0.0526109911409807,0.381644814583292,0.0644585874010142,0.044962094756794,0.116646955726593,0.294006428159588,0.00318299422008976
"52",0,0.0231488538639568,0.0197791898839807,0.0535966299892647,0.379711707063689,0.0636284783624322,0.0445717835433728,0.11740872636729,0.295009719578922,0.00314491134709226
"53",0,0.0236471049941921,0.0197212757773621,0.0545793828551761,0.377818208551541,0.0628344874249284,0.0441969078929076,0.118141210130661,0.295953367210466,0.00310805516276497
"54",0,0.0241441818558821,0.0196639708370128,0.0555592800947582,0.375963520589545,0.0620745588276555,0.0438366551791712,0.118845341673031,0.29684011554727,0.0030723753956748
"55",0,0.0246400973449999,0.0196072684864494,0.0565363517363339,0.374146821246869,0.0613467803931926,0.043490264319604,0.119522025367632,0.297672566519431,0.00303782458548767
"56",0,0.0251348641093715,0.0195511612547947,0.0575106274359366,0.37236727106676,0.0606493716342018,0.043157022051907,0.120172136217899,0.298453188352286,0.00300435787684452
"57",0,0.025628494542883,0.0194956409279968,0.0584821364402761,0.370624018446255,0.0599806729629739,0.0428362594255197,0.120796520769741,0.299184323653598,0.00297193283075611
"58",0,0.0261210007813739,0.0194406986801828,0.0594509075562503,0.368916204409423,0.059339135902115,0.042527348544466,0.121395998013063,0.299868196861719,0.00294050925140692
"59",0,0.0266123947000249,0.0193863251894153,0.0604169691262254,0.367242966785305,0.0587233141997109,0.0422296995632729,0.121971360266627,0.300506921142543,0.00291004902687703
"60",0,0.0271026879120531,0.0193325107392964,0.0613803490083787,0.365603443832014,0.0581318557591569,0.0419427579251796,0.122523374043086,0.301102504798238,0.00288051598259664
"61",0,0.027630943863045,0.0192783297252054,0.0623410289360525,0.363976694512091,0.0575615093694343,0.0416644713018005,0.123048679283073,0.301646502528502,0.00285184048079632
"62",0,0.0281580114137872,0.0192246713485164,0.0632990349533735,0.362382576151066,0.0570130409191426,0.0413958283468074,0.123552003703464,0.302150813560896,0.00282401960294702
"63",0,0.0286839025235545,0.0191715551556208,0.0642543940785065,0.360820129503735,0.0564853543433406,0.0411363851288159,0.124034047987258,0.302617208617488,0.00279702266168046
"64",0,0.0292086288456802,0.0191189674829398,0.065207132648731,0.359288463841136,0.0559774156460315,0.0408857178910787,0.124495488347359,0.303047364791038,0.00277082050600515
"65",0,0.0297322017387522,0.0190668972601803,0.0661572764496706,0.357786711207895,0.0554882521285343,0.040643422886248,0.124936979227361,0.303442873773882,0.00274538532747699
"66",0,0.0302546322746543,0.0190153332397972,0.06710485070646,0.356314026156781,0.0550169482935076,0.0404091166855068,0.125359153853817,0.30380524823406,0.00272069055541511
"67",0,0.030775931245674,0.0189642643158435,0.0680498800908009,0.354869583946327,0.0545626420741294,0.0401824355407502,0.125762624868158,0.304135927148194,0.00269671077012308
"68",0,0.0312961091711583,0.0189136795212025,0.0689923887278805,0.35345257986064,0.0541245212412003,0.0399630345072867,0.126147984986891,0.30443628035555,0.00267342162819168
"69",0,0.0318151763039656,0.0188635680416383,0.0699324002039898,0.352062228850392,0.0537018200450179,0.0397505864792145,0.126515807657246,0.304707612622657,0.00265079979587875
"70",0,0.0323331426368197,0.0188139192269732,0.0708699375746988,0.350697765327411,0.0532938160928547,0.0395447812145721,0.126866647700135,0.304951167337752,0.00262882288878336
"71",0,0.0328500179086134,0.0187647226015952,0.0718050233735556,0.349358443018207,0.0528998274539512,0.0393453243840655,0.127201041936028,0.305168129907229,0.00260746941675543
"72",0,0.033365811610674,0.018715967873813,0.0727376796212519,0.348043534829992,0.0525192099790644,0.0391519366594305,0.127519509791898,0.305359630900539,0.00258671873333775
"73",0,0.0339197686309891,0.0186667349911215,0.0736678824903174,0.346732618376357,0.0521494937380919,0.0389628709454146,0.127818162875573,0.305515950343195,0.00256651760894147
"74",0,0.0344725554376296,0.0186179074647619,0.0745956521805152,0.345445321182028,0.0517919171224636,0.0387793018139803,0.128101800915712,0.305648669192064,0.00254687469084498
"75",0,0.0350241817610708,0.0185695056681711,0.0755210099068598,0.34418085693227,0.0514459513080453,0.0386010095872035,0.12837090075969,0.305758812018596,0.00252777205809385
"76",0,0.0355746570617719,0.0185215169191912,0.0764439762523868,0.342938516528168,0.051111089729817,0.0384277801507875,0.128625922158392,0.30584734865737,0.00250919254211478
"77",0,0.0361239905454251,0.0184739314331641,0.0773645713125418,0.341717619973626,0.0507868506602347,0.0382594059597677,0.128867310265312,0.305915200255483,0.00249111959444572
"78",0,0.0366721911740264,0.0184267394741695,0.0782828146976088,0.340517514458218,0.0504727760782631,0.0380956873990648,0.129095495960789,0.305963243518238,0.00247353723962246
"79",0,0.0372192676753281,0.0183799316340677,0.0791987255490442,0.339337571120466,0.050168430587244,0.0379364330907029,0.12931089625746,0.305992314044553,0.00245643004113346
"80",0,0.0377652285512821,0.0183334987963179,0.0801123225540082,0.338177183142942,0.0498734002619713,0.037781459874117,0.12951391473926,0.306003209005198,0.00243978307490389
"81",0,0.038310082085818,0.0182874321212643,0.0810236239591619,0.337035764345383,0.0495872915090984,0.0376305926222001,0.129704942001282,0.305996689449141,0.00242358190665157
"82",0,0.0388538363521329,0.0182417230323857,0.0819326475837805,0.335912748083521,0.0493097299645471,0.0374836639787671,0.129884356082725,0.305973482350461,0.00240781257168007
"83",0,0.0393964992195976,0.0181963632051496,0.0828394108323099,0.334807586338621,0.0490403594398982,0.0373405140583587,0.130052522888661,0.305934282461026,0.00239246155637763
"84",0,0.0399380783603441,0.0181513445575566,0.0837439307064533,0.33371974893406,0.0487788409225211,0.0372009901306071,0.130209796598853,0.305879754008582,0.00237751578102333
"85",0,0.0405224709292413,0.0181056507369187,0.0846461735609102,0.332627051266685,0.0485228619368548,0.037063325818781,0.130351387694776,0.305798151303751,0.00236292675208269
"86",0,0.0411056766180204,0.0180602638855321,0.0855461546926074,0.331551321474047,0.0482740446747625,0.0369289371052001,0.130482684867566,0.305702205042095,0.00234871164016877
"87",0,0.0416877034456642,0.018015210207295,0.0864438907042674,0.330491949802078,0.0480321149089851,0.036797713082147,0.130604015944789,0.305592542804075,0.00233485910069921
"88",0,0.0422685592074772,0.0179704789256476,0.0873393976615939,0.329448407935257,0.0477968045518279,0.036669541676367,0.130715696341138,0.305469755455743,0.00232135824494821
"89",0,0.042848251491703,0.0179260624955549,0.0882326912543054,0.32842019471832,0.0475678559004199,0.036544311280493,0.130818031646941,0.305334402695425,0.00230819851683662
"90",0,0.0434267876909075,0.0178819533955723,0.0891237867973112,0.327406833793175,0.0473450215792389,0.0364219127240511,0.130911317775101,0.305187016580995,0.00229536966364712
"91",0,0.0440041750113132,0.0178381444293098,0.0900126992469089,0.326407869817386,0.047128064438143,0.0363022400264365,0.130995841202763,0.305028104108395,0.00228286171934525
"92",0,0.0445804204808439,0.0177946286784715,0.0908994432146431,0.325422866223396,0.0469167572814001,0.0361851907514585,0.131071879257202,0.304858149118089,0.00227066499449531
"93",0,0.0451555309563182,0.0177513994812342,0.0917840329800855,0.324451403576449,0.0467108825310699,0.0360706661493634,0.131139700409289,0.304677613847352,0.0022587700688391
"94",0,0.0457295131300222,0.0177084504127867,0.092666482502646,0.323493078308693,0.0465102318587396,0.0359585711851649,0.131199564565805,0.304486940251054,0.00224716778508831
"95",0,0.0463023735358008,0.0176657752696284,0.0935468054326009,0.322547501695262,0.046314605805615,0.0358488145014805,0.131251723355729,0.304286551160629,0.00223584924325461
"96",0,0.0468741185547598,0.0176233680564718,0.0944250151214685,0.32161429899654,0.046123813402153,0.0357413083428028,0.131296420408361,0.304076851322241,0.00222480579520195
"97",0,0.0474919554067069,0.0175801471024032,0.0953010710188189,0.320670106863764,0.0459355940671144,0.0356342495212207,0.131328197650648,0.30384468680579,0.00221399156353381
"98",0,0.0481085618299788,0.0175371623833557,0.0961749848967426,0.319738265803849,0.0457517808398829,0.0355292040806513,0.131352905050082,0.303603706207595,0.00220342890786205
"99",0,0.0487239446421932,0.0174944445555823,0.0970467700549961,0.318818300221661,0.0455722265736214,0.0354261185619714,0.131370770535029,0.303354314376093,0.00219311047885227
"100",0,0.0493381104751007,0.0174519844883375,0.0979164393383314,0.31790981727519,0.045396782945601,0.03532493497497,0.131382012684452,0.303096888574377,0.00218302924364009
"101",0,0.0499510657919622,0.0174097764769445,0.0987840053072245,0.317012448421826,0.0452253055425494,0.0352255927688606,0.131386843393309,0.302831783935738,0.00217317836158625
"102",0,0.0505628168987862,0.0173678147878058,0.0996494802364341,0.316125846918009,0.045057654248162,0.0351280311331808,0.1313854679044,0.30255933671221,0.00216355116101234
"103",0,0.0511733699531954,0.0173260939790121,0.100512876129537,0.315249683816308,0.0448936935481201,0.035032189972372,0.131378084943741,0.302279866528854,0.00215414112886006
"104",0,0.0517827309718141,0.0172846088494832,0.101374204730929,0.314383645633575,0.0447332926223178,0.0349380104388433,0.131364886907457,0.301993677938719,0.00214494190686259
"105",0,0.0523909058366949,0.0172433544157612,0.102233477536671,0.313527432673178,0.0445763253388642,0.0348454352266076,0.131346060060668,0.301701061621508,0.00213594729004814
"106",0,0.0529979003010602,0.017202325891471,0.103090705804306,0.312680757758718,0.0444226701889941,0.0347544087330879,0.131321784739,0.301402295357294,0.00212715122606844
"107",0,0.0536037199945202,0.0171615186710338,0.103945900561874,0.311843345232782,0.0442722101865772,0.0346648771418809,0.131292235547385,0.301097644849274,0.00211854781467258
"108",0,0.0542083704278773,0.0171209283163358,0.104799072616253,0.311014930137747,0.0441248327461535,0.0345767884562125,0.131257581553775,0.300787364438617,0.00211013130702946
"109",0,0.0548622883700917,0.0170794092950116,0.105650175690021,0.310170927670544,0.0439782514145374,0.0344882706947471,0.13121176434449,0.3004570557333,0.00210185678725762
"110",0,0.0555149092011286,0.017038077014904,0.106499219088889,0.309336146627157,0.0438344624720247,0.0344010190523349,0.131161094199338,0.30012132170429,0.00209375063993352
"111",0,0.0561662389604529,0.0169969659623993,0.107346213837095,0.308510202266099,0.0436933879667293,0.0343150128602663,0.131105731655414,0.299780438306859,0.00208580818468477
"112",0,0.0568162835277954,0.0169560681343284,0.108191170560064,0.307692794593523,0.043554944913532,0.0342302249162128,0.13104582987544,0.299434658500862,0.00207802497824261
"113",0,0.0574650486416586,0.0169153791407579,0.10903409966446,0.306883645927701,0.043419050965862,0.034146623703891,0.130981537422317,0.29908421784831,0.00207039668504378
"114",0,0.0581125399106919,0.0168748945164248,0.109875011334434,0.306082498292884,0.0432856250272375,0.0340641759383323,0.130912998212846,0.298729337711124,0.00206291905602546
"115",0,0.058758762822352,0.0168346100608767,0.110713915544821,0.305289109225714,0.0431545877598027,0.0339828476859919,0.130840351582581,0.298370227396834,0.00205558792102653
"116",0,0.0594037227498864,0.0167945217848417,0.11155082207166,0.304503249371993,0.0430258618526822,0.0339026050065493,0.130763732408211,0.298007085566228,0.00204839918794825
"117",0,0.0600474249582452,0.0167546258862702,0.112385740501527,0.30372470078555,0.0428993721741158,0.0338234143338548,0.130683271245134,0.297640101271083,0.00204134884422081
"118",0,0.0606898746092382,0.0167149187293879,0.113218680239819,0.302953255667825,0.0427750458502895,0.0337452427117233,0.130599094470214,0.297269454762522,0.00203443295898128
"119",0,0.0613310767661289,0.0166753968283538,0.114049650518227,0.302188715390633,0.0426528122970541,0.0336680579414715,0.130511324424007,0.296895318148872,0.00202764768525234
"120",0,0.0619710363977908,0.0166360568341066,0.114878660401551,0.301430889712717,0.0425326032201601,0.0335918286733276,0.130420079549845,0.296517855948683,0.00202098926181936
"121",0,0.0626631612428519,0.0165956949586693,0.11570565896729,0.300654034424264,0.0424120737541477,0.0335146038398407,0.130318775318522,0.296121584643789,0.00201441285062474
"122",0,0.0633539023846432,0.0165554857237115,0.116530653821842,0.299884296607247,0.0422933545178917,0.0334381909037756,0.130214153014519,0.29572201495864,0.00200794806772971
"123",0,0.0640432654130701,0.0165154667834882,0.117353654447997,0.299121350861492,0.0421764076944403,0.0333625888832133,0.130106327430372,0.295319346407959,0.00200159207796765
"124",0,0.0647312557746915,0.0164756308621608,0.118174669965973,0.298364959024625,0.0420611881587153,0.0332877889443939,0.129995407258503,0.29491375777931,0.00199534223162813
"125",0,0.0654178787927835,0.0164359744720715,0.11899370932219,0.297614904106657,0.0419476496070554,0.0332137768227272,0.129881497985022,0.294505412962391,0.00198919592910279
"126",0,0.0661031396791983,0.0163964940157035,0.119810781283799,0.296870987570625,0.0418357453006799,0.0331405355642517,0.129764701789784,0.294094464195501,0.00198315060045789
"127",0,0.0667870435431298,0.0163571861432911,0.120625894451022,0.29613302495216,0.0417254286925444,0.0330680467535209,0.129645117563972,0.293681054201004,0.00197720369935553
"128",0,0.0674695953979826,0.0163180476966863,0.121439057266706,0.295400843377717,0.0416166537938444,0.0329962912309202,0.129522840990146,0.293265317541942,0.00197135270405561
"129",0,0.0681508001670431,0.0162790756846651,0.122250278024637,0.294674279828439,0.0415093754122378,0.0329252495309836,0.129397964639817,0.292847381591394,0.00196559512078271
"130",0,0.0688306626883147,0.016240267261541,0.123059564876798,0.293953179871154,0.0414035493078137,0.0328549021647443,0.129270578077967,0.292427367263895,0.00195992848777306
"131",0,0.0695091877187388,0.0162016197106839,0.123866925839792,0.293237396688835,0.0412991322949659,0.0327852298066919,0.129140767968458,0.292005389592581,0.00195435037925419
"132",0,0.0701863799379466,0.0161631304314236,0.124672368800628,0.2925267903154,0.0411960823070638,0.0327162134205753,0.129008618177533,0.291581558200388,0.00194885840904174
"133",0,0.0709194896057668,0.0161235178517089,0.125475837782869,0.291793997771643,0.0410919335874619,0.0326457797717902,0.128866937903407,0.291139099329919,0.00194340639543315
"134",0,0.0716511080337194,0.0160840341869296,0.12627733921062,0.291066932032226,0.0409889792943179,0.0325758750679565,0.128723008373405,0.290694696484643,0.00193802731618284
"135",0,0.0723812406375784,0.0160447205814369,0.127076881558294,0.290345302191398,0.040887206541413,0.0325065112272865,0.128576913324591,0.290248504305783,0.00193271963221902
"136",0,0.073109892697125,0.0160055701156752,0.127874472955489,0.28962890905755,0.0407865934569625,0.0324376911860312,0.128428731152938,0.289800657421291,0.00192748195693827
"137",0,0.0738370693785892,0.0159665798980777,0.128670121387709,0.288917574408039,0.040687115827814,0.0323694115440294,0.128278537987205,0.289351276656495,0.00192231291204164
"138",0,0.0745627757475249,0.0159277468983453,0.129463834689453,0.288211138094981,0.04058874794871,0.0323016655306866,0.12812640754695,0.288900472436415,0.00191721110693376
"139",0,0.0752870167781021,0.0158890683278941,0.130255620556259,0.287509453393036,0.0404914633420818,0.0322344443459289,0.127972411126078,0.288448346997114,0.00191217513350555
"140",0,0.0760097973602168,0.0158505415802323,0.131045486553778,0.286812384384151,0.0403952351955889,0.0321677379508977,0.12781661764443,0.287994995762226,0.0019072035684794
"141",0,0.0767311223052314,0.0158121642049956,0.131833440125552,0.286119804143495,0.0403000366594138,0.0321015355578172,0.127659093719087,0.287540508306151,0.00190229497825665
"142",0,0.077450996350766,0.0157739338856268,0.132619488599688,0.285431593426462,0.0402058410530079,0.032035825951318,0.127499903744108,0.287084969064564,0.00189744792445911
"143",0,0.0781694241648039,0.0157358484223332,0.133403639194668,0.284747639676367,0.0401126220117048,0.0319705977063924,0.127339109972184,0.286628457882183,0.00189266096936379
"144",0,0.0788864103492724,0.0156979057186743,0.134185899024509,0.284067836250456,0.0400203535914956,0.0319058393398358,0.1271767725952,0.286171050449665,0.00188793268089309
"145",0,0.0796647838243555,0.0156587082105415,0.134966205559649,0.28336235357741,0.0399263604133718,0.0318392857965762,0.127004891401144,0.285694197535627,0.00188321368132433
"146",0,0.0804415327934624,0.0156196228959377,0.13574456439093,0.282661712900259,0.039833165651218,0.0317730802374511,0.126831509122384,0.285216270906432,0.00187854110192545
"147",0,0.0812166627528865,0.0155806954714974,0.136520983386353,0.281965637343447,0.0397407732876301,0.0317072442049643,0.126656688586177,0.284737400632667,0.00187391433437814
"148",0,0.0819901790611609,0.0155419190200263,0.137295470069219,0.281273949340074,0.0396491767225094,0.0316417890174902,0.126480487631128,0.284257696234044,0.00186933290434897
"149",0,0.0827620869651648,0.0155032910146143,0.138068031836909,0.2805864930897,0.0395583661142667,0.0315767187134237,0.126302962462833,0.28377725348934,0.00186479631374872
"150",0,0.0835323916147693,0.015464808761329,0.138838675952561,0.279903131386779,0.0394683293430505,0.0315120333237736,0.126124167473243,0.283296158125524,0.00186030401897202
"151",0,0.0843010980732191,0.0154264698134051,0.139607409557383,0.279223740545931,0.0393790528288205,0.0314477303598773,0.125944155197136,0.28281448819817,0.00185585542605879
"152",0,0.0850682113249236,0.0153882719062753,0.140374239679736,0.278548207563864,0.0392905220378369,0.0313838056947631,0.12576297634406,0.282332315554387,0.00185144989415409
"153",0,0.0858337362816312,0.0153502129294444,0.141139173242811,0.277876428162531,0.0392027218336361,0.0313202541130958,0.125580679852575,0.28184970684257,0.00184708674170508
"154",0,0.0865976777874907,0.0153122909024611,0.141902217071108,0.277208305382685,0.0391156367272845,0.031257069675224,0.125397312954422,0.281366724245919,0.0018427652534049
"155",0,0.0873600406233126,0.015274503956695,0.14266337789601,0.27654374852926,0.0390292510604395,0.0311942459670703,0.125212921241465,0.280883426038745,0.00183848468700208
"156",0,0.0881208295102242,0.0152368503210994,0.143422662360645,0.275882672355843,0.0389435491414026,0.0311317762764307,0.125027548732128,0.280399867022624,0.00183424427960344
"157",0,0.088946177792616,0.0151978675967859,0.144180004233711,0.275193842456062,0.0388557318131677,0.031067280376737,0.124832690163091,0.279896412745646,0.00182999282218289
"158",0,0.0897697495528562,0.015158987118282,0.144935408610334,0.274509273784039,0.0387684594025725,0.0310030202483603,0.124636862173789,0.279392469077056,0.00182577003271023
"159",0,0.0905915505421214,0.0151202572204858,0.145688882994269,0.273828699451796,0.0386817465332713,0.03093902340459,0.124440113204378,0.278888150706922,0.00182157594216678
"160",0,0.0914115863691309,0.0150816710219152,0.146440434546351,0.273151956381832,0.038595596263482,0.0308753063645407,0.124242486956498,0.278383551395829,0.00181741070042006
"161",0,0.0922298625296764,0.0150432262386677,0.147190070313606,0.272478903779754,0.0385100078503061,0.0308118777890764,0.124044025919603,0.277878751168805,0.00181327441050618
"162",0,0.0930463844229822,0.0150049204051774,0.147937797220193,0.271809419769226,0.0384249777838538,0.0307487419388838,0.123844771167486,0.277373820185814,0.00180916710638472
"163",0,0.0938611573631796,0.0149667513062706,0.148683622079886,0.271143396054798,0.0383405006658868,0.0306859002524963,0.123644762298197,0.276868821230746,0.0018050887485396
"164",0,0.0946741865878176,0.0149287169089191,0.149427551605149,0.27048073494184,0.0382565697590717,0.0306233522835199,0.123444037453814,0.276363811231562,0.00180103922830741
"165",0,0.0954854772645255,0.014890815332676,0.150169592414737,0.269821347287832,0.0381731773712849,0.0305610962877276,0.123242633363962,0.275858842302184,0.00179701837507201
"166",0,0.0962950344964121,0.0148530448245408,0.150909751040052,0.269165151035012,0.0380903151328886,0.0304991296135749,0.123040585400077,0.275353962493216,0.00179302596422625
"167",0,0.0971028633265536,0.0148154037399673,0.151648033930543,0.268512070114616,0.0380079742024159,0.0304374489718889,0.122837927632915,0.274849216356129,0.00178906172497119
"168",0,0.0979089687418007,0.0147778905280846,0.152384447458377,0.267862033603505,0.0379261454220197,0.03037605062758,0.122634692889842,0.27434464538123,0.00178512534756081
"169",0,0.0987835066705151,0.014738962654742,0.153118921127983,0.267182053954866,0.0378418683401616,0.0303124098484774,0.122421788077238,0.273819326368503,0.00178116295751331
"170",0,0.0996560944952694,0.0147001306632493,0.153851459717356,0.266505986465277,0.0377579701047975,0.0302489324442503,0.122208295137973,0.273293913792197,0.00177721717963108
"171",0,0.100526738402419,0.014661445941962,0.154582070565282,0.265833565513488,0.0376744730334068,0.0301856507180939,0.121994252779371,0.27276851454734,0.00177328849863721
"172",0,0.101395444425723,0.0146229014918361,0.155310760661768,0.265164635041256,0.0375913869027504,0.0301225851547627,0.121779695042843,0.272243213767807,0.0017693775112525
"173",0,0.102262218480155,0.0145844951673289,0.156037536889907,0.264499062186085,0.0375087172133687,0.0300597477795658,0.121564655043488,0.271718082489762,0.00176548475033951
"174",0,0.103127066380457,0.0145462246267889,0.156762406016101,0.263836733682501,0.0374264662990479,0.029997145835645,0.121349164745125,0.271193181752728,0.00176161066160559
"175",0,0.103989993854064,0.0145080877866583,0.157485374702924,0.263177550203884,0.0373446342693469,0.0299347834662632,0.12113325488649,0.270668565231066,0.00175775559930373
"176",0,0.104851006550596,0.0144700827492618,0.158206449518385,0.26252142320646,0.0372632196018985,0.0298726627150977,0.120916954992481,0.270144280834611,0.00175391983120917
"177",0,0.105710110049231,0.0144322077714866,0.15892563694363,0.261868272764451,0.0371822195589604,0.0298107841541315,0.120700293410777,0.269620371800689,0.00175010354664457
"178",0,0.106567309864624,0.0143944612382657,0.159642943379322,0.261218026023502,0.0371016304898369,0.0297491473023581,0.12048329736006,0.269096877476713,0.00174630686531898
"179",0,0.10742261145178,0.0143568416426013,0.160358375151028,0.2605706160492,0.0370214480568574,0.0296877509158704,0.120265992981887,0.268573833904786,0.00174252984599057
"180",0,0.108276020210151,0.0143193475700658,0.161071938513831,0.259925980943824,0.0369416674076321,0.0296265931948989,0.120048405392553,0.26805127427251,0.00173877249453487
"181",0,0.109205052664862,0.0142802841466111,0.161783555263657,0.259247815230666,0.0368590211672001,0.0295628821770945,0.119820423468669,0.267505990359222,0.00173497552201835
"182",0,0.110131926750133,0.0142413118944638,0.162493229943765,0.258573418856873,0.0367766395297117,0.0294992831523934,0.119592128033851,0.266960875391594,0.00173118644721458
"183",0,0.111056649333058,0.0142024876494626,0.163200969929664,0.257902512771611,0.0366945520321494,0.029435834038256,0.119363551688844,0.266416036431886,0.0017274061250692
"184",0,0.111979227107586,0.0141638039504926,0.16390678222506,0.257234938451284,0.0366127741685305,0.0293725595786525,0.119134722167533,0.265871556824965,0.00172363552589567
"185",0,0.112899666635053,0.0141252586728254,0.164610673727779,0.256570562621278,0.0365313165447357,0.0293094750865891,0.118905666470162,0.265327504700938,0.00171987554063954
"186",0,0.113817974366252,0.0140868494724394,0.165312651218839,0.255909273250191,0.0364501861121172,0.0292465905134836,0.118676410607381,0.264783937504184,0.00171612695511291
"187",0,0.114734156656709,0.0140485742833654,0.166012721376308,0.255250973304349,0.0363693872150565,0.0291839123141251,0.118446979510322,0.264240904894441,0.00171239044532286
"188",0,0.115648219777833,0.0140104312381865,0.166710890785196,0.254595577267676,0.0362889222511745,0.0291214445559674,0.118217397035046,0.263698450505828,0.0017086665830936
"189",0,0.116560169925504,0.0139724186335274,0.167407165945628,0.253943008759377,0.0362087921369019,0.0290591896161439,0.117987685995169,0.26315661314266,0.00170495584508876
"190",0,0.117470013226919,0.0139345349009512,0.168101553279574,0.253293198835877,0.0361289966466338,0.0289971486468551,0.1177578682075,0.262615427632937,0.00170125862275339
"191",0,0.118377755746189,0.0138967785850921,0.168794059136478,0.25264608472979,0.0360495346671667,0.0289353218983404,0.117527964541893,0.262074925462977,0.0016975752320752
"192",0,0.119283403489005,0.01385914832674,0.169484689798051,0.252001608885414,0.0359704043925596,0.0288737089498827,0.11729799497128,0.261535135264371,0.00169390592269787
"193",0,0.120266819496647,0.0138199074495028,0.170173365003751,0.251322494830511,0.0358882387082742,0.0288094290203606,0.117057488958524,0.26097206683798,0.00169018969444868
"194",0,0.12124785101139,0.0137807579223345,0.170860089305743,0.250647061986018,0.0358062696438842,0.0287452354068714,0.116816877741744,0.260409381111296,0.00168647587071853
"195",0,0.122226505700548,0.0137417581701377,0.171544870167632,0.249975028581275,0.0357245305002299,0.0286811684805948,0.116576189485252,0.259847183369462,0.00168276554486906
"196",0,0.123202791040968,0.0137029006126965,0.172227714675282,0.249306236905485,0.0356430399613449,0.0286172549323969,0.116335447466931,0.259285554483932,0.00167905992096371
"197",0,0.12417671436458,0.0136641831467582,0.172908629809749,0.248640555273945,0.0355618115530242,0.0285535116646622,0.116094674344401,0.258724559729801,0.00167536011307902
"198",0,0.125148282883158,0.0136256034469412,0.173587622436212,0.247977873837359,0.0354808549241105,0.0284899499935106,0.115853891889881,0.258164253469789,0.00167166711903976
"199",0,0.12611750370541,0.0135871594729701,0.174264699318174,0.247318098125704,0.035400176933708,0.0284265775789401,0.11561312089491,0.257604682154242,0.00166798181594238
"200",0,0.12708438384943,0.0135488493876603,0.174939867127592,0.246661145445265,0.0353197823383398,0.0283633995735575,0.115372381172372,0.257045886139498,0.00166430496628612
"201",0,0.128048930252264,0.013510671521096,0.175613132453205,0.246006942412441,0.0352396742776118,0.0283004193451855,0.115131691587458,0.256487900923137,0.00166063722760209
"202",0,0.129011149777513,0.0134726243405202,0.176284501807372,0.2453554231961,0.0351598546289209,0.0282376389599034,0.114891070101945,0.255930758024707,0.00165697916301858
"203",0,0.129971049221521,0.0134347064277266,0.176953981631779,0.244706528212784,0.0350803242742983,0.0281750595177229,0.114650533822786,0.255374485639755,0.00165333125162598
"204",0,0.130928635318518,0.0133969164615834,0.17762157830228,0.244060203129326,0.0350010833054035,0.0281126813930518,0.114410099050849,0.254819109140829,0.00164969389815932
"205",0,0.131971077298671,0.0133573692536672,0.178287204251802,0.243375895120738,0.0349184524733135,0.0280473542009496,0.114158285640409,0.254238361305314,0.00164600045513621
"206",0,0.133010869557932,0.0133179129979598,0.178950864012684,0.242695319166194,0.0348359681003966,0.0279820913816182,0.113906523832698,0.253658145871442,0.00164230507907579
"207",0,0.134048020844614,0.0132786113520535,0.179612565289461,0.242018174684851,0.0347536685580198,0.0279169379204893,0.113654839391155,0.253078572870253,0.00163860908910398
"208",0,0.13508253968595,0.0132394561915716,0.180272315381812,0.241344296169636,0.0346715761817013,0.0278519238032398,0.113403252876195,0.25249972578626,0.00163491392363445
"209",0,0.136114434442289,0.0132004453430634,0.180930121481105,0.240673546368128,0.0345897076143144,0.0277870682949313,0.113151784308806,0.251921671226774,0.00163122092058797
"210",0,0.137143713336431,0.0131615763918497,0.181585990658385,0.240005811666574,0.034508075208024,0.0277223845309474,0.112900452878354,0.251344464041012,0.00162753128842265
"211",0,0.13817038447383,0.0131228472304129,0.182239929879671,0.239340995043055,0.0344266882130261,0.0276578816282205,0.112649276834718,0.250768150595993,0.00162384610107381
"212",0,0.139194455857254,0.0130842559691388,0.182891946016819,0.238679012135322,0.0343455535295593,0.027593565941348,0.112398273486906,0.25019277075912,0.00162016630453336
"213",0,0.14021593539801,0.0130458008972394,0.183542045856434,0.238019788552449,0.0342646762397475,0.0275294418528469,0.112147459233297,0.249618359242683,0.0016164927272939
"214",0,0.141234830924832,0.0130074804500143,0.184190236107149,0.237363257961162,0.0341840599963818,0.0274655123014902,0.111896849606473,0.249044946560649,0.00161282609184812
"215",0,0.142251150191095,0.0129692931843125,0.184836523405679,0.236709360667149,0.0341037073157138,0.0274017791495662,0.111646459322812,0.248472559737677,0.00160916702599497
"216",0,0.143264900880781,0.0129312377595954,0.185480914321941,0.236058042532191,0.034023619802679,0.0273382434460819,0.111396302332308,0.247901222851002,0.00160551607342005
"217",0,0.144367393827188,0.0128913501795787,0.186123317555762,0.235366954467759,0.0339399369948815,0.0272715979867217,0.111134305416181,0.247303340270761,0.00160180330116662
"218",0,0.145466943275373,0.0128515564449509,0.186763737783656,0.234679678272296,0.0338563731630821,0.0272050084003691,0.11087248722262,0.24670612965988,0.00159808577777274
"219",0,0.146563559246953,0.0128119230073008,0.18740218299356,0.233995901373042,0.0337729698974662,0.0271385224630365,0.110610871889215,0.246109704139973,0.00159436498945466
"220",0,0.147657251511857,0.0127724414113609,0.188038660752069,0.233315452630672,0.0336897518977353,0.0270721721524437,0.110349478154248,0.245514148945885,0.00159064254372944
"221",0,0.148748029650459,0.0127331094113873,0.188673178513864,0.232638190611785,0.033606737832963,0.0270059781686816,0.110088324253201,0.244919531618815,0.00158691993884412
"222",0,0.149835903087176,0.0126939245146391,0.189305743609412,0.231963998681453,0.0335239418178926,0.0269399547519817,0.109827427613321,0.244325907390661,0.00158319853346388
"223",0,0.150920881113596,0.0126548845498549,0.189936363260977,0.231292777598341,0.0334413746636024,0.026874111902239,0.109566804739967,0.243733322629932,0.00157947954149116
"224",0,0.152002972905242,0.0126159875736913,0.190565044593986,0.230624441376318,0.0333590446699332,0.0268084566997177,0.109306471214605,0.243141816927407,0.00157576403909962
"225",0,0.153082187534406,0.0125772318295142,0.191191794646327,0.229958914454978,0.0332769581864704,0.0267429941363849,0.109046441725769,0.242551424510321,0.00157205297582878
"226",0,0.154158533980285,0.0125386157129814,0.19181662037594,0.229296129685287,0.0331951200230862,0.0266777276719759,0.108786730115197,0.241962175248459,0.00156834718678776
"227",0,0.155232021137199,0.0125001377462562,0.192439528667123,0.228636026836329,0.0331135337594751,0.0266126596207306,0.108527349428848,0.241374095399384,0.00156464740465527
"228",0,0.156302657821383,0.0124617965581176,0.193060526335842,0.227978551455722,0.033032201983545,0.0265477914287168,0.108268311968078,0.240787208177679,0.00156095427091578
