"","Alive","Death","ODN","ODF","REL","BUP","BUPC","MET","METC","ABS"
"0",0,1.11022302462516e-16,0,0,0,0.25,0.25,0.25,0.25,0
"1",0,0.000143334515837368,0.0362477282592761,0.0027259375553016,0.0289927026594196,0.22502325949349,0.226425537681883,0.22502325949349,0.226425537681883,0.0289927026594196
"2",0,0.000304349433117856,0.0285930894040755,0.004246675158941,0.0557525379622179,0.21549253135748,0.217361431611254,0.21549253135748,0.217361431611254,0.0453954221041787
"3",0,0.000469702339661482,0.0240983219975423,0.00554955125420604,0.0750618445686395,0.208192464000845,0.21039550514943,0.208192464000845,0.21039550514943,0.0576446415394001
"4",0,0.00063841210427773,0.021347502327106,0.00672414761132607,0.0903855780590072,0.202129275929167,0.204582473639386,0.202129275929167,0.204582473639386,0.0674808607611773
"5",0,0.000810019477469615,0.0172436912994155,0.00763938357731206,0.103789568703746,0.197392551614015,0.199706436579718,0.197392551614015,0.199706436579718,0.0763193605545903
"6",0,0.000983615243970837,0.0155481682531643,0.00849906609149435,0.114479696234018,0.193063826019013,0.195289036892696,0.193063826019013,0.195289036892696,0.0837837283539347
"7",0,0.00115925275456186,0.0144532707793106,0.0093070571491595,0.123706057375085,0.189197754693692,0.191348522242,0.189197754693692,0.191348522242,0.0902818080704987
"8",0,0.00133675958016533,0.0136699084437888,0.0100759724264737,0.131852899636676,0.185718599035088,0.187804905716457,0.185718599035088,0.187804905716457,0.0960174504098053
"9",0,0.00151597033052675,0.0130693255811634,0.0108138808762871,0.139152401107447,0.182565259073395,0.184594743679624,0.182565259073395,0.184594743679624,0.101128416598536
"10",0,0.0016967370663411,0.0125818991981259,0.0115259525898139,0.145759148304783,0.179690680483439,0.181669189572776,0.179690680483439,0.181669189572776,0.105716522728506
"11",0,0.00187892765819975,0.0121845791969026,0.0122169060359106,0.15178120486298,0.177054236202979,0.178986857534881,0.177054236202979,0.178986857534881,0.109856194770288
"12",0,0.00206242918800759,0.0118510282699505,0.0128898974320109,0.157304590547059,0.174625509497446,0.176516509674805,0.174625509497446,0.176516509674805,0.113608016218469
"13",0,0.00224916192621749,0.0115651722939108,0.0135473568260132,0.162394461045854,0.172379276980911,0.174232283392949,0.172379276980911,0.174232283392949,0.117020727160285
"14",0,0.0024370273377311,0.0113164302637265,0.0141912109528476,0.167104010411807,0.170295126167746,0.172113265308353,0.170295126167746,0.172113265308353,0.120134538081689
"15",0,0.00262594410908468,0.0110973611681809,0.0148230216266404,0.171475974012032,0.168355707716649,0.170141698057297,0.168355707716649,0.170141698057297,0.12298288753617
"16",0,0.00281583882567205,0.0109025926342605,0.0154440821267699,0.175545814968243,0.166546303517053,0.168302534040825,0.166546303517053,0.168302534040825,0.1255939963293
"17",0,0.00300664486404034,0.0107280239317299,0.0160554747345556,0.17934342430092,0.164854325249696,0.166582911302881,0.164854325249696,0.166582911302881,0.1279919590636
"18",0,0.00319830144915845,0.0105704782039424,0.01665811702037,0.182894284349961,0.163268907369075,0.164971734696809,0.163268907369075,0.164971734696809,0.130197534844799
"19",0,0.00339075288706947,0.0104274457465276,0.0172527951910851,0.1862203409383,0.161780598252956,0.163459357951348,0.161780598252956,0.163459357951348,0.13222875282841
"20",0,0.00358394792916839,0.0102969097955056,0.0178401890383402,0.189340660996378,0.160381119232661,0.162037335858315,0.160381119232661,0.162037335858315,0.134101382058655
"21",0,0.00377783924091801,0.0101772261172662,0.0184208910180695,0.192271937888557,0.159063173908591,0.160698228364271,0.159063173908591,0.160698228364271,0.135829301189464
"22",0,0.00397238295452118,0.0100670370721454,0.0189954210635256,0.195028886445104,0.15782029559972,0.159435443939994,0.15782029559972,0.159435443939994,0.137424793385277
"23",0,0.00416753828943639,0.00996520970444089,0.0195642383064364,0.197624556104302,0.156646723836486,0.158243112887713,0.156646723836486,0.158243112887713,0.138898784146985
"24",0,0.00436326722840841,0.00987078968263132,0.0201277504574226,0.200070582534119,0.15553730349294,0.157115983945268,0.15553730349294,0.157115983945268,0.140261035221002
"25",0,0.00456378175887395,0.00978289965493154,0.0206863184506036,0.202375427786779,0.154486919846822,0.156048851614844,0.154486919846822,0.156048851614844,0.14152002942548
"26",0,0.00476481064765055,0.00970092322431183,0.021240268507261,0.204550442289982,0.15349187554105,0.155037948631805,0.15349187554105,0.155037948631805,0.142683906985085
"27",0,0.00496632196967628,0.00962425630572097,0.0217898944802666,0.206604110375358,0.152548386909883,0.154079423739219,0.152548386909883,0.154079423739219,0.143759795570774
"28",0,0.00516828569074412,0.00955237901764269,0.0223354619614172,0.208544127749377,0.151653016512745,0.153169778865789,0.151653016512745,0.153169778865789,0.14475415482375
"29",0,0.00537067350457154,0.00948483919614367,0.0228772118549736,0.210377500229147,0.150802632247807,0.152305827317673,0.150802632247807,0.152305827317673,0.145672856084203
"30",0,0.0055734586884254,0.00942124086794652,0.0234153633850285,0.212110626416658,0.149994372271477,0.151484657942483,0.149994372271477,0.151484657942483,0.14652125021402
"31",0,0.00577661597497192,0.00936123548836067,0.0239501166525497,0.213749367923629,0.149225614830513,0.150703604280603,0.149225614830513,0.150703604280603,0.147304225738258
"32",0,0.00598012143821558,0.00930451501070878,0.0244816548300412,0.215299109418121,0.148493952211557,0.14996021796947,0.148493952211557,0.14996021796947,0.14802625894086
"33",0,0.00618395239166081,0.00925080600396181,0.0250101460379758,0.216764810361296,0.147797168206681,0.149252245738106,0.147797168206681,0.149252245738106,0.148691457315533
"34",0,0.00638808729701368,0.00919986480933135,0.0255357449628204,0.218151049735537,0.147133218504714,0.148577609393861,0.147133218504714,0.148577609393861,0.149303597398146
"35",0,0.00659250568206349,0.00915147351276881,0.0260585942592812,0.219462064903392,0.146500213558407,0.147934388340589,0.146500213558407,0.147934388340589,0.149866157844503
"36",0,0.00679718806658691,0.00910543656924825,0.0265788257710613,0.220701785516937,0.145896403556873,0.147320804248914,0.145896403556873,0.147320804248914,0.150382348464594
"37",0,0.00700862730769836,0.00906148361084728,0.0270965573797237,0.221870607694436,0.145319488842473,0.14673452347976,0.145319488842473,0.14673452347976,0.150854699362829
"38",0,0.007220299320844,0.00901956346808796,0.0276119022888446,0.222975214184238,0.14476863343384,0.146174693561104,0.14476863343384,0.146174693561104,0.151286366748097
"39",0,0.0074321867026772,0.00897952367477782,0.0281249659125348,0.224018777377032,0.144242434495333,0.145639889272946,0.144242434495333,0.145639889272946,0.151679898796418
"40",0,0.00764427282937485,0.00894123113886824,0.0286358463905634,0.225004259219527,0.143739583684919,0.145128781547867,0.143739583684919,0.145128781547867,0.152037659956093
"41",0,0.00785654181051121,0.00890456615498939,0.0291446352399731,0.225934431125106,0.143258859474327,0.144640129637299,0.143258859474327,0.144640129637299,0.152361847446168
"42",0,0.00806897844585919,0.00886941982066254,0.0296514179251211,0.226811890484177,0.14279911998283,0.14417277383373,0.14279911998283,0.14417277383373,0.15265450569106
"43",0,0.00828156818538794,0.00883569262912262,0.0301562743697591,0.227639075206219,0.142359296443377,0.143725628772724,0.142359296443377,0.143725628772724,0.152917539177309
"44",0,0.00849429709236194,0.00880329361369762,0.0306592794315945,0.228418276627589,0.141938387262805,0.143297677395018,0.141938387262805,0.143297677395018,0.153152723919113
"45",0,0.00870715180934289,0.00877213935326923,0.0311605033166989,0.229151651186127,0.141535452712606,0.142887965541259,0.141535452712606,0.142887965541259,0.153361717826832
"46",0,0.00892011952673877,0.0087421531588139,0.0316600119506848,0.229841230903842,0.141149610129778,0.142495597066001,0.141149610129778,0.142495597066001,0.153546070068362
"47",0,0.00913318795366402,0.00871326438448411,0.0321578673127402,0.23048893284063,0.140780029571225,0.142119729413781,0.140780029571225,0.142119729413781,0.15370722953847
"48",0,0.00934634529089962,0.00868540783139505,0.0326541277372074,0.231096567645766,0.140425929871914,0.141759569606821,0.140425929871914,0.141759569606821,0.153846552537262
"49",0,0.00956964898910539,0.0086583833885193,0.0331488418859624,0.23166060999011,0.140085579793553,0.141413364226205,0.140085579793553,0.141413364226205,0.153964627706787
"50",0,0.00979301885873241,0.00863229387313879,0.0336420614418051,0.232187980329984,0.139759271095282,0.14108140566812,0.139759271095282,0.14108140566812,0.154063291969535
"51",0,0.0100164439704485,0.00860707533706651,0.0341338354772105,0.23268021449236,0.13944635069715,0.140763031069505,0.13944635069715,0.140763031069505,0.154143667189605
"52",0,0.0102399138102509,0.00858267620278836,0.0346242103426876,0.233138766154316,0.139146200640014,0.14045761326661,0.139146200640014,0.14045761326661,0.154206805676707
"53",0,0.0104634182619013,0.00855905057120348,0.0351132298606618,0.233565014664548,0.138858236363743,0.140164559033183,0.138858236363743,0.140164559033183,0.154253695847833
"54",0,0.0106869475890621,0.0085361561275734,0.0356009354895692,0.233960270395435,0.13858190467967,0.139883307054243,0.13858190467967,0.139883307054243,0.154285266930535
"55",0,0.0109104924180619,0.00851395347920932,0.036087366477852,0.23432577935322,0.138316681751246,0.139613325808735,0.138316681751246,0.139613325808735,0.154302393151694
"56",0,0.0111340437216029,0.00849240613096071,0.0365725600302999,0.234662727222788,0.138062071133124,0.139354111592389,0.138062071133124,0.139354111592389,0.154305897443323
"57",0,0.0113575928035152,0.00847148008847357,0.0370565514439642,0.234972243207527,0.13781760202808,0.139105186747202,0.13781760202808,0.139105186747202,0.154296554905956
"58",0,0.0115811312843694,0.00845114358848589,0.0375393742310706,0.23525540351939,0.13758282767159,0.138866098019545,0.13758282767159,0.138866098019545,0.154275095994415
"59",0,0.0118046510878982,0.00843136689434758,0.0380210602315155,0.235513234584702,0.137357323835788,0.138636415039304,0.137357323835788,0.138636415039304,0.154242209451352
"60",0,0.0120281444281768,0.00841212212734479,0.038501639716395,0.235746716002885,0.137140687444236,0.138415728911786,0.137140687444236,0.138415728911786,0.154198545013153
"61",0,0.0122638697374868,0.00839321672966596,0.0389811339488201,0.235950267535869,0.136931355672013,0.138202458373219,0.136931355672013,0.138202458373219,0.154143883957694
"62",0,0.0124995468080407,0.00837481408890169,0.0394595701425713,0.236131390128013,0.136730129672998,0.137997412148578,0.136730129672998,0.137997412148578,0.154079595189321
"63",0,0.0127351683203859,0.00835687699374626,0.0399369745538406,0.236290938286887,0.136536665014192,0.137800240824904,0.136536665014192,0.137800240824904,0.154006230166946
"64",0,0.0129707272082504,0.00833937963693085,0.0404133721806422,0.236429726363007,0.136350632485062,0.137610610460335,0.136350632485062,0.137610610460335,0.153924308720376
"65",0,0.0132062166512157,0.00832230014640255,0.0408887868409469,0.236548533416179,0.136171718036546,0.137428202510795,0.136171718036546,0.137428202510795,0.153834321850574
"66",0,0.0134416300659858,0.00830561841339512,0.0413632412303562,0.236648105618795,0.135999622186948,0.137252713270354,0.135999622186948,0.137252713270354,0.153736733756863
"67",0,0.0136769610974879,0.00828931553290859,0.0418367569791408,0.236729158158057,0.135834059283327,0.137083853044337,0.135834059283327,0.137083853044337,0.153631983577079
"68",0,0.0139122036102625,0.00827337398572122,0.0423093547357189,0.236792376782085,0.13567475668537,0.136921345340119,0.13567475668537,0.136921345340119,0.153520486835234
"69",0,0.0141473516803583,0.00825777735297787,0.042781054224194,0.23683841938917,0.135521454077985,0.136764926171079,0.135521454077985,0.136764926171079,0.153402636855172
"70",0,0.0143823995875617,0.00824251016086488,0.0432518742955317,0.236867917457457,0.135373902818519,0.136614343394212,0.135373902818519,0.136614343394212,0.153278806073123
"71",0,0.0146173418079617,0.00822755778507583,0.0437218329744911,0.236881477366778,0.135231865320313,0.1364693560841,0.135231865320313,0.1364693560841,0.153149347256868
"72",0,0.0148521730068436,0.00821290638254488,0.0441909475031998,0.236879681633695,0.135095114472614,0.136329733943842,0.135095114472614,0.136329733943842,0.153014594640804
"73",0,0.0151025905475372,0.00819833261716489,0.0446592248296251,0.236854659863409,0.134961943723572,0.13619375129593,0.134961943723572,0.13619375129593,0.152873802103261
"74",0,0.0153528722860455,0.00818406090791495,0.0451266804888911,0.236815509497675,0.134833615024896,0.136062683087733,0.134833615024896,0.136062683087733,0.152728280594215
"75",0,0.0156030131666952,0.00817006201264557,0.0455933297855898,0.23676274699217,0.134709932852688,0.135936331000954,0.134709932852688,0.135936331000954,0.152578320335616
"76",0,0.0158530083002545,0.00815631972982941,0.0460591873517865,0.236696865370773,0.13459070850341,0.135814503659886,0.13459070850341,0.135814503659886,0.152424194920765
"77",0,0.0161028529617911,0.00814282173211921,0.0465242671879174,0.236618338611076,0.134475760781526,0.135697017316051,0.134475760781526,0.135697017316051,0.152266163311942
"78",0,0.0163525425862219,0.00812955695492833,0.0469885826827901,0.236527623113684,0.134364915965887,0.135583695870544,0.134364915965887,0.135583695870544,0.152104470989514
"79",0,0.0166020727632297,0.0081165149632012,0.0474521466358678,0.236425158675868,0.134258007546272,0.13547437050924,0.134258007546272,0.13547437050924,0.151939350850811
"80",0,0.0168514392321807,0.00810368625230472,0.0479149713169478,0.236311369119737,0.134154875812021,0.135368879310047,0.134154875812021,0.135368879310047,0.151771023834694
"81",0,0.0171006378773618,0.00809106195004855,0.0483770684965035,0.236186663071967,0.134055367558703,0.135267066947947,0.134055367558703,0.135267066947947,0.151599699590819
"82",0,0.017349664723332,0.00807863367648072,0.0488384494710869,0.236051434629859,0.13395933579774,0.135168784401118,0.13395933579774,0.135168784401118,0.151425577101525
"83",0,0.0175985159304123,0.00806639347378208,0.049299125086166,0.235906063971403,0.133866639474508,0.135073888664909,0.133866639474508,0.135073888664909,0.151248845259403
"84",0,0.0178471877903289,0.00805433376602108,0.049759105757279,0.235750917929075,0.133777143197978,0.134982242477534,0.133777143197978,0.134982242477534,0.151069683406271
"85",0,0.0181155859067033,0.00804218268000143,0.0502183894352205,0.235575616955501,0.133688838242965,0.134891815269731,0.133688838242965,0.134891815269731,0.150886917997181
"86",0,0.0183837737146778,0.00803023099616088,0.0506769853993957,0.235391410590758,0.133603452178528,0.134804352682789,0.133603452178528,0.134804352682789,0.150701989576373
"87",0,0.0186517477130737,0.00801845050487859,0.0511349031073015,0.235198626620916,0.13352086935325,0.134719737387775,0.13352086935325,0.134719737387775,0.15051505857178
"88",0,0.018919504513957,0.00800682873394137,0.05159215161265,0.234997576880202,0.133440976735991,0.134637854742259,0.133440976735991,0.134637854742259,0.150326275302751
"89",0,0.0191870408440041,0.00799535760528383,0.0520487395929468,0.234788561982035,0.133363665093886,0.1345585939693,0.133363665093886,0.1345585939693,0.15013578184936
"90",0,0.0194543535425564,0.00798403022169582,0.0525046753526453,0.23457187248952,0.133288829251172,0.134481848491942,0.133288829251172,0.134481848491942,0.149943712907355
"91",0,0.0197214395586264,0.00797284009913585,0.05295996682999,0.234347789524265,0.133216368043761,0.134407515763992,0.133216368043761,0.134407515763992,0.149750196372477
"92",0,0.0199882959477191,0.00796178157347569,0.053414621652485,0.234116584980177,0.133146184068775,0.134335497046928,0.133146184068775,0.134335497046928,0.149555353614739
"93",0,0.0202549198689134,0.00795084944913463,0.0538686471567155,0.233878521964982,0.133078183566016,0.134265697293156,0.133078183566016,0.134265697293156,0.14935929984191
"94",0,0.0205213085819339,0.00794003884382152,0.054322050403123,0.233633855132111,0.133012276287679,0.134198025014926,0.133012276287679,0.134198025014926,0.149162144433799
"95",0,0.0207874594442582,0.00792934511946032,0.054774838188613,0.233382830972931,0.132948375364353,0.134132392148516,0.132948375364353,0.134132392148516,0.148963991248998
"96",0,0.0210533699082827,0.00791876384906633,0.0552270170580193,0.233125688091795,0.132886397172196,0.134068713919614,0.132886397172196,0.134068713919614,0.148764938909217
"97",0,0.0213396002547221,0.00790801838464236,0.055678580885219,0.232851571308995,0.132824319665308,0.134004946663574,0.132824319665308,0.134004946663574,0.148563696508658
"98",0,0.0216255563968747,0.00789741072455858,0.0561295353958119,0.232571978046693,0.13276397874494,0.133942945447919,0.13276397874494,0.133942945447919,0.148361671050345
"99",0,0.0219112360006609,0.00788691495254563,0.0565798866622585,0.232287122023165,0.132705304199659,0.133882639008179,0.132705304199659,0.133882639008179,0.148158953945695
"100",0,0.022196636809956,0.00787652103793179,0.0570296404967646,0.231997205433044,0.13264822643265,0.133823956733078,0.13264822643265,0.133823956733078,0.147955629890848
"101",0,0.0224817566497719,0.00786622329424219,0.0574788024720516,0.231702423514312,0.132592677770072,0.133766829975263,0.132592677770072,0.133766829975263,0.147751778578953
"102",0,0.0227665934257237,0.00785601711291611,0.0579273779175331,0.231402965515676,0.132538592824597,0.133711192494545,0.132538592824597,0.133711192494545,0.147547475389867
"103",0,0.023051145122266,0.00784589818565971,0.0583753719194322,0.231099015114267,0.132485908542531,0.133656980378547,0.132485908542531,0.133656980378547,0.14734279181622
"104",0,0.0233354098006571,0.00783586293282836,0.0588227893714407,0.230790750441074,0.132434564034144,0.13360413190238,0.132434564034144,0.13360413190238,0.147137795580951
"105",0,0.0236193855971456,0.00782590814914316,0.0592696349890626,0.230478344352894,0.132384500534795,0.133552587492825,0.132384500534795,0.133552587492825,0.146932550856514
"106",0,0.023903070721087,0.00781603085048228,0.0597159133191259,0.230161964602026,0.132335661349168,0.133502289672917,0.132335661349168,0.133502289672917,0.146727118463109
"107",0,0.0241864634530387,0.00780622820865426,0.0601616287473878,0.229841773975044,0.132287991787257,0.133453182997161,0.132287991787257,0.133453182997161,0.146521556047038
"108",0,0.0244695621428676,0.00779649752265287,0.0606067855052588,0.229517930422965,0.132241439097404,0.133405213983763,0.132241439097404,0.133405213983763,0.146315918243921
"109",0,0.0247752204397995,0.00778653375862238,0.061051373858915,0.229178299152998,0.132193785110303,0.133356141064417,0.132193785110303,0.133356141064417,0.146108720440225
"110",0,0.0250805455790726,0.00777667397844633,0.0614953973646305,0.228835531586247,0.132147116168775,0.133308072276095,0.132147116168775,0.133308072276095,0.145901474601863
"111",0,0.0253855361400174,0.0077668915250533,0.0619388600733941,0.228489768389807,0.132101389911906,0.133260964572072,0.132101389911906,0.133260964572072,0.145694234903773
"112",0,0.0256901907534134,0.00775717715462161,0.0623817658518995,0.228141140847335,0.132056563283207,0.133214774234062,0.132056563283207,0.133214774234062,0.145487050358193
"113",0,0.0259945081066135,0.00774752633100317,0.0628241184011292,0.227789775731218,0.13201259403737,0.133169458382314,0.13201259403737,0.133169458382314,0.145279966590669
"114",0,0.0262984869441828,0.00773793562913364,0.0632659212477988,0.227435796229072,0.131969441201246,0.133124975526132,0.131969441201246,0.133124975526132,0.145073026495058
"115",0,0.0266021260670206,0.0077284018819444,0.0637071777403622,0.227079322279102,0.131927065181822,0.133081285531905,0.131927065181822,0.133081285531905,0.144866270604118
"116",0,0.0269054243311088,0.00771892266146218,0.0641478911013503,0.226720470479292,0.131885427630766,0.133038349520863,0.131885427630766,0.133038349520863,0.144659737123531
"117",0,0.0272083806464845,0.00770949588921219,0.0645880644395665,0.226359354276729,0.131844491451581,0.132996129880326,0.131844491451581,0.132996129880326,0.144453462084194
"118",0,0.0275109939760849,0.00770011966966912,0.0650277007571168,0.225996084048958,0.131804220785432,0.132954590250595,0.131804220785432,0.132954590250595,0.144247479476119
"119",0,0.0278132633345272,0.00769079222102493,0.0654668029544995,0.225630767156363,0.131764580985382,0.132913695498991,0.131764580985382,0.132913695498991,0.144041821364839
"120",0,0.0281151877868631,0.00768151184620774,0.0659053738348784,0.225263507989948,0.131725538585106,0.132873411688284,0.131725538585106,0.132873411688284,0.143836517995321
"121",0,0.0284401508877261,0.00767196739615427,0.0663434019546479,0.224881894220392,0.131684828845767,0.132831450432541,0.131684828845767,0.132831450432541,0.143630026984464
"122",0,0.0287647272829701,0.00766250464779818,0.0667808895417715,0.224498762545794,0.131644620014672,0.132790002396166,0.131644620014672,0.132790002396166,0.14342387115999
"123",0,0.0290889162890685,0.0076530974000274,0.0672178393840097,0.224114204778635,0.131604887094124,0.132749042125418,0.131604887094124,0.132749042125418,0.143218083709176
"124",0,0.0294127172541443,0.00764373712990722,0.0676542541316588,0.223728304894436,0.131565603703533,0.132708542799337,0.131565603703533,0.132708542799337,0.143012693584114
"125",0,0.0297361295643549,0.00763442007028575,0.0680901363146317,0.223341143902311,0.131526743644535,0.132668477798535,0.131526743644535,0.132668477798535,0.142807727262278
"126",0,0.0300591526453258,0.00762514354849313,0.068525488331666,0.222952800715777,0.131488281399365,0.132628821295732,0.131488281399365,0.132628821295732,0.142603209368543
"127",0,0.0303817859618858,0.00761590512177998,0.068960312444441,0.22256335243121,0.131450192266887,0.132589548248694,0.131450192266887,0.132589548248694,0.142399163009521
"128",0,0.030704029017369,0.00760670307211054,0.0693946108293772,0.222172874176733,0.131412452248597,0.132550634320471,0.131412452248597,0.132550634320471,0.142195609766274
"129",0,0.0310258813531382,0.00759753600867928,0.0698283855883914,0.221781439250927,0.131375038079482,0.132512055914768,0.131375038079482,0.132512055914768,0.141992569810363
"130",0,0.0313473425479438,0.00758840269890662,0.0702616387544532,0.221389119153643,0.131337927235847,0.132473790185165,0.131337927235847,0.132473790185165,0.14179006200303
"131",0,0.0316684122171896,0.00757930199891393,0.0706943722952269,0.220995983589762,0.131301097930185,0.132435815030099,0.131301097930185,0.132435815030099,0.14158810397834
"132",0,0.0319890900121498,0.00757023282511512,0.0711265881159509,0.220602100470648,0.131264529099376,0.13239810908104,0.131264529099376,0.13239810908104,0.141386712215303
"133",0,0.0323357148773762,0.00756084515565988,0.0715582720934811,0.220193525119206,0.131225665060106,0.132358090210738,0.131225665060106,0.132358090210738,0.141184132212589
"134",0,0.0326818989652348,0.00755152952320182,0.0719894255770497,0.219784589180764,0.131186984161823,0.132318262249652,0.131186984161823,0.132318262249652,0.140982063930799
"135",0,0.0330276422187935,0.0075422572335372,0.072420050588955,0.219375350425661,0.131148473240594,0.132278611722601,0.131148473240594,0.132278611722601,0.140780529606664
"136",0,0.0333729445950471,0.00753301941051126,0.0728501490366076,0.218965859227222,0.131110117053604,0.132239123086498,0.131110117053604,0.132239123086498,0.14057954745041
"137",0,0.0337178060733805,0.0075238124929649,0.0732797227304613,0.218556163964141,0.131071900059443,0.132199780514923,0.131071900059443,0.132199780514923,0.14037913359032
"138",0,0.0340622266579839,0.00751463412094296,0.0737087733702735,0.218146311945656,0.131033806999007,0.132160568583266,0.131033806999007,0.132160568583266,0.140179302740597
"139",0,0.034406206378181,0.00750548216989852,0.0741373025372711,0.21773634967824,0.130995823066477,0.132121472278452,0.130995823066477,0.132121472278452,0.139980068546551
"140",0,0.034749745288209,0.00749635530979512,0.0745653117512902,0.217326322653859,0.130957933798282,0.132082476926669,0.130957933798282,0.132082476926669,0.139781443546944
"141",0,0.0350928434672488,0.00748725255728935,0.0749928024816296,0.216916275466672,0.130920125124765,0.132043568250315,0.130920125124765,0.132043568250315,0.139583439277002
"142",0,0.0354355010192386,0.00747817308599853,0.0754197761520981,0.216506251809476,0.130882383395059,0.132004732394682,0.130882383395059,0.132004732394682,0.139386066353705
"143",0,0.0357777180725527,0.00746911614893695,0.0758462341439506,0.216096294441248,0.130844695386671,0.131965955937857,0.130844695386671,0.131965955937857,0.139189334544257
"144",0,0.0361194947796044,0.00746008104730883,0.0762721777980094,0.215686445153548,0.130807048306847,0.131927225892273,0.130807048306847,0.131927225892273,0.13899325282329
"145",0,0.0364891989989994,0.0074506907390488,0.076697591185983,0.215261758725144,0.13076667400077,0.131885745683541,0.13076667400077,0.131885745683541,0.138795920982201
"146",0,0.0368584080508514,0.00744136680895136,0.0771224751046231,0.214837540413683,0.130726276087962,0.131844246566202,0.130726276087962,0.131844246566202,0.138599164313562
"147",0,0.0372271224227625,0.0074320788153994,0.0775468311004171,0.21441382349021,0.130685849352031,0.131802723109725,0.130685849352031,0.131802723109725,0.1384029992477
"148",0,0.0375953426012079,0.00742281760847112,0.0779706606187177,0.21399063415924,0.130645386031748,0.131761167346764,0.130645386031748,0.131761167346764,0.138207438255338
"149",0,0.0379630690818878,0.00741357974065043,0.0783939650224842,0.213567997319162,0.130604877749635,0.131719570706414,0.130604877749635,0.131719570706414,0.138012491923718
"150",0,0.0383303023730173,0.00740436303929861,0.078816745576498,0.213145937521414,0.130564316149824,0.131677924764672,0.130564316149824,0.131677924764672,0.137818169660781
"151",0,0.0386970429961607,0.00739516557415485,0.0792390034384186,0.212724479226747,0.130523693092051,0.131636221264562,0.130523693092051,0.131636221264562,0.137624480051292
"152",0,0.0390632914864166,0.00738598626037019,0.0796607397197643,0.212303646551377,0.130483000541921,0.131594452048271,0.130483000541921,0.131594452048271,0.137431430801688
"153",0,0.0394290483928806,0.00737682437507407,0.0800819554969258,0.211883463368358,0.13044223063629,0.131552609128353,0.13044223063629,0.131552609128353,0.137239028837476
"154",0,0.0397943142788404,0.00736767935297596,0.0805026518159407,0.211463953280083,0.130401375719259,0.131510684725796,0.130401375719259,0.131510684725796,0.13704728038205
"155",0,0.0401590897218015,0.00735855070304943,0.080922829695012,0.211045139560697,0.130360428361233,0.131468671289526,0.130360428361233,0.131468671289526,0.136856191017922
"156",0,0.040523375313412,0.00734943797527248,0.0813424901261727,0.210627045098282,0.130319381368721,0.131426561506545,0.130319381368721,0.131426561506545,0.136665765736328
"157",0,0.0409178758593818,0.00733993277025596,0.0817616153925254,0.210193593459727,0.130275215886471,0.131381305747715,0.130275215886471,0.131381305747715,0.136473939249738
"158",0,0.0413118247663726,0.00733049236130083,0.0821802059355575,0.209761210705288,0.13023089367118,0.131335895867924,0.13023089367118,0.131335895867924,0.136282687153272
"159",0,0.0417052230145075,0.00732108408758934,0.0825982630248797,0.209329912087984,0.130186415132343,0.13129033212783,0.130186415132343,0.13129033212783,0.136092023264692
"160",0,0.0420980715687391,0.00731169830702202,0.0830157878351824,0.208899705848166,0.130141777719054,0.131244611833913,0.130141777719054,0.131244611833913,0.135901957334957
"161",0,0.0424903713913848,0.00730233153834188,0.0834327814662892,0.208470599406573,0.130096978016104,0.131198731439629,0.130096978016104,0.131198731439629,0.135712497285945
"162",0,0.0428821234463588,0.00729298166708288,0.0838492449253237,0.208042600376165,0.130052012443276,0.131152687366845,0.130052012443276,0.131152687366845,0.135523649964828
"163",0,0.0432733287005076,0.00728364683597572,0.0842651791168661,0.207615716817341,0.130006877471275,0.13110647603334,0.130006877471275,0.13110647603334,0.13533542152008
"164",0,0.0436639881241733,0.00727432609783,0.0846805849086949,0.207189956946121,0.12996156950925,0.131060093785744,0.12996156950925,0.131060093785744,0.135147817333192
"165",0,0.0440541026920744,0.00726501889057992,0.085095463143293,0.206765329227704,0.129916084981947,0.13101353698309,0.129916084981947,0.13101353698309,0.134960842116274
"166",0,0.0444436733838605,0.00725572481565344,0.0855098146426005,0.206341842330715,0.129870420374645,0.130966802044048,0.129870420374645,0.130966802044048,0.134774499989785
"167",0,0.0448327011844586,0.00724644354776942,0.0859236402103319,0.205919505049542,0.12982457225942,0.130919885473778,0.12982457225942,0.130919885473778,0.134588794541501
"168",0,0.0452211870842916,0.0072371747990938,0.0863369406333802,0.205498326227088,0.129778537311152,0.130872783880345,0.129778537311152,0.130872783880345,0.134403728873154
"169",0,0.045641676996249,0.00722748527608592,0.0867496968456806,0.205061385381527,0.129729087868504,0.130822236916677,0.129729087868504,0.130822236916677,0.134217105930095
"170",0,0.0460615568146769,0.00721786055764742,0.0871619090772205,0.204625946388829,0.129679399467269,0.130771452203262,0.129679399467269,0.130771452203262,0.134031023820563
"171",0,0.046480827972154,0.00720826618871028,0.0875735784463076,0.204192011028183,0.129629476471064,0.13072043400049,0.129629476471064,0.13072043400049,0.133845495421537
"172",0,0.0468994918731734,0.00719869210432098,0.0879847059793582,0.203759574093803,0.129579319969242,0.130669183299492,0.129579319969242,0.130669183299492,0.133660529411876
"173",0,0.0473175499088505,0.00718913476574933,0.0883952926321558,0.203328629927358,0.129528930005929,0.130617700056561,0.129528930005929,0.130617700056561,0.133476132640908
"174",0,0.0477350034620762,0.00717959207377957,0.0888053392703594,0.202899173470414,0.129478306328146,0.130565984070902,0.129478306328146,0.130565984070902,0.133292310925274
"175",0,0.048151853909328,0.00717006220093621,0.0892148466591582,0.202471200517745,0.129427448618202,0.130514035017098,0.129427448618202,0.130514035017098,0.133109069442233
"176",0,0.0485681026215862,0.00716054428297492,0.089623815532885,0.202044707396113,0.129376356378584,0.130461852378225,0.129376356378584,0.130461852378225,0.132926412652822
"177",0,0.0489837509656081,0.00715103786042553,0.0900322466069792,0.201619691052106,0.129325029018014,0.130409435538729,0.129325029018014,0.130409435538729,0.132744344401394
"178",0,0.0493988003048166,0.00714154264307568,0.0904401405827805,0.201196148992306,0.129273465902976,0.130356783838463,0.129273465902976,0.130356783838463,0.132562867994144
"179",0,0.0498132519999431,0.0071320584141856,0.0908474981497382,0.200774079190137,0.129221666389228,0.130303896604861,0.129221666389228,0.130303896604861,0.132381986257817
"180",0,0.0502271074095146,0.00712258499252878,0.0912543199866592,0.200353479993672,0.12916962984223,0.130250773173852,0.12916962984223,0.130250773173852,0.13220170158546
"181",0,0.0506754340529796,0.00711265510529776,0.0916605853590111,0.199916257867583,0.129113846408058,0.13019386837162,0.129113846408058,0.13019386837162,0.132019638055772
"182",0,0.0511230877957943,0.0071027927558923,0.0920662943666307,0.1994808570232,0.129057775712491,0.130136676579886,0.129057775712491,0.130136676579886,0.13183806347373
"183",0,0.0515700705082961,0.00709296091591251,0.0924714480736449,0.199047268864778,0.129001425162194,0.130079205133039,0.129001425162194,0.130079205133039,0.131656991046903
"184",0,0.0520163840193604,0.00708314883857739,0.0928760474507671,0.198615477603112,0.128944798537511,0.130021457743448,0.128944798537511,0.130021457743448,0.131476429526265
"185",0,0.052462030133846,0.00707335280885982,0.0932800933983353,0.198185467269246,0.128887898400641,0.129963436915435,0.128887898400641,0.129963436915435,0.13129638575756
"186",0,0.0529070106388597,0.00706357065528832,0.0936835867247848,0.197757222833246,0.128830726907472,0.129905144896881,0.128830726907472,0.129905144896881,0.131116865539117
"187",0,0.0533513273060953,0.00705380050084979,0.0940865281357452,0.19733073046359,0.12877328605994,0.129846583716022,0.12877328605994,0.129846583716022,0.130937874041796
"188",0,0.0537949818931255,0.00704404150678081,0.0944889183090715,0.196905977173141,0.128715577584922,0.129787755112356,0.128715577584922,0.129787755112356,0.130759415723325
"189",0,0.0542379761451057,0.00703429326864014,0.0948907579075925,0.19648295090593,0.128657603029999,0.129728660639801,0.128657603029999,0.129728660639801,0.130581494433133
"190",0,0.0546803117960193,0.00702455556185444,0.0952920475841179,0.196061640464631,0.128599363821724,0.129669301727701,0.128599363821724,0.129669301727701,0.130404113494527
"191",0,0.0551219905696284,0.00701482823826714,0.095692787983655,0.19564203540247,0.128540861302137,0.129609679718086,0.128540861302137,0.129609679718086,0.130227275765534
"192",0,0.0555630141802373,0.00700511118521471,0.0960929797445918,0.195224125916512,0.128482096753167,0.129549795890639,0.128482096753167,0.129549795890639,0.130050983685834
"193",0,0.056041989114468,0.0069948896290929,0.0964925999116345,0.194788150195055,0.128419169392985,0.129485710449027,0.128419169392985,0.129485710449027,0.129872611465725
"194",0,0.0565202206492136,0.00698474113795832,0.0968916485036448,0.19435424293507,0.128355928917773,0.129421311545104,0.128355928917773,0.129421311545104,0.12969466584836
"195",0,0.0569977111067398,0.00697462499738014,0.0972901266056771,0.193922387096442,0.128292385303685,0.129356609103416,0.128292385303685,0.129356609103416,0.129517161379559
"196",0,0.0574744627527399,0.00696452943468207,0.0976880352033497,0.193492557974473,0.12822854446146,0.129291608987048,0.12822854446146,0.129291608987048,0.129340107737739
"197",0,0.0579504778174399,0.00695445042070227,0.0980853752084389,0.193064730900062,0.128164410893637,0.129226315661221,0.128164410893637,0.129226315661221,0.129163512543642
"198",0,0.0584257585032998,0.00694438561894179,0.0984821474346848,0.19263888245882,0.128099988593432,0.12916073324606,0.128099988593432,0.12916073324606,0.128987382305271
"199",0,0.0589003069880004,0.00693433302080502,0.098878352586168,0.192214990764986,0.128035281323495,0.129094865557964,0.128035281323495,0.129094865557964,0.128811722877122
"200",0,0.059374125426174,0.00692429176229185,0.0992739913399944,0.191793035066297,0.1279702924848,0.129028716035806,0.1279702924848,0.129028716035806,0.12863653936403
"201",0,0.0598472159516227,0.00691426145680736,0.0996690643602471,0.19137299583379,0.127905025224385,0.128962287856838,0.127905025224385,0.128962287856838,0.128461836235087
"202",0,0.060319580678981,0.00690424191429119,0.1000635723034,0.190954854675924,0.12783948250152,0.128895584005913,0.12783948250152,0.128895584005913,0.128287617412537
"203",0,0.060791221705022,0.00689423302704207,0.10045751582065,0.190538594213792,0.127773667129772,0.12882860731838,0.127773667129772,0.12882860731838,0.128113886337191
"204",0,0.0612621411097308,0.00688423472460753,0.100850895559113,0.190124197958157,0.127707581805603,0.128761360509332,0.127707581805603,0.128761360509332,0.127940646018523
"205",0,0.0617732078247,0.00687370186483314,0.101243687176674,0.18969091570875,0.127637057709117,0.128689633312417,0.127637057709117,0.128689633312417,0.127765105381975
"206",0,0.0622834551772753,0.00686324634352361,0.101635890679609,0.189259882881978,0.127566212673389,0.128617584461138,0.127566212673389,0.128617584461138,0.127589930648561
"207",0,0.0627928859412875,0.00685282507840961,0.10202750720506,0.188831075643088,0.127495058492103,0.128545225713904,0.127495058492103,0.128545225713904,0.12741513772014
"208",0,0.0633015028195429,0.00684242563466264,0.102418537786468,0.188404462264025,0.127423602599974,0.128472564473738,0.127423602599974,0.128472564473738,0.127240737347879
"209",0,0.0638093084683161,0.0068320437778352,0.102808983380971,0.18798001125226,0.127351850891557,0.128399606613838,0.127351850891557,0.128399606613838,0.127066738109828
"210",0,0.0643163055064028,0.00682167705928666,0.103198844843342,0.187557692627853,0.127279808677714,0.128326357596913,0.127279808677714,0.128326357596913,0.126893147413861
"211",0,0.0648224965187274,0.00681132338293344,0.103588122914178,0.187137478200664,0.127207480981151,0.128252822519447,0.127207480981151,0.128252822519447,0.126719971982302
"212",0,0.0653278840585069,0.00680098186671589,0.103976818307543,0.186719341146512,0.127134872399661,0.128179006035657,0.127134872399661,0.128179006035657,0.126547217750088
"213",0,0.0658324706499666,0.0067906521340456,0.104364931725708,0.186303256096166,0.12706198722215,0.128104912482182,0.12706198722215,0.128104912482182,0.12637488998545
"214",0,0.0663362587904093,0.00678033401575697,0.104752463864836,0.185889199038261,0.126988829500357,0.128030545953058,0.126988829500357,0.128030545953058,0.126202993383909
"215",0,0.0668392509518666,0.00677002742894671,0.105139415417386,0.185477147181449,0.126915403094873,0.127955910346644,0.126915403094873,0.127955910346644,0.126031532137317
"216",0,0.0673414495824789,0.00675973232914357,0.105525787073323,0.185067078818897,0.126841711706792,0.127881009397973,0.126841711706792,0.127881009397973,0.125860509986627
"217",0,0.0678865930713025,0.00674886530244617,0.105911552775141,0.184636970120517,0.126763251420328,0.127801294678397,0.126763251420328,0.127801294678397,0.125686926533144
"218",0,0.0684308333550173,0.00673808144972388,0.106296712541123,0.184209251639593,0.126684473796871,0.127721261711699,0.126684473796871,0.127721261711699,0.125513649997404
"219",0,0.068974173684124,0.00672733466821259,0.106681267600354,0.183783893918332,0.126605392216545,0.127640923853474,0.126605392216545,0.127640923853474,0.125340697988939
"220",0,0.0695166172219708,0.00671661166147311,0.107065219071436,0.18336085921654,0.126526015354529,0.127560289757782,0.126526015354529,0.127560289757782,0.125168082603958
"221",0,0.0700581670734157,0.00670590791157274,0.107448567992176,0.182940110190439,0.126446350202717,0.127479366406055,0.126446350202717,0.127479366406055,0.124995813614853
"222",0,0.0705988262955095,0.00669522080547072,0.107831315291241,0.182521611248384,0.12636640309758,0.127398160309079,0.12636640309758,0.127398160309079,0.124823899546078
"223",0,0.0711385979018275,0.00668454811409691,0.108213461776108,0.182105328836718,0.126286180036045,0.127316677554138,0.126286180036045,0.127316677554138,0.124652348190885
"224",0,0.0716774848651232,0.00667388891019129,0.108595008226973,0.181691230983173,0.126205686530784,0.127234923725287,0.126205686530784,0.127234923725287,0.124481166502397
"225",0,0.0722154901206172,0.00666324280787701,0.108975955412521,0.181279287387947,0.126124927735847,0.127152904038269,0.126124927735847,0.127152904038269,0.124310360722805
"226",0,0.0727526165685286,0.00665260964304225,0.109356304095979,0.180869469315444,0.126043908524606,0.127070623421961,0.126043908524606,0.127070623421961,0.124139936483872
"227",0,0.0732888670761144,0.00664198934340317,0.109736055037664,0.180461749442705,0.125962633540071,0.126988086569668,0.125962633540071,0.126988086569668,0.123969898880637
"228",0,0.0738242444793887,0.00663138187724276,0.110115208996239,0.180056101710639,0.125881107229707,0.12690529797471,0.125881107229707,0.12690529797471,0.123800252527657
"229",0,0.0744073476222641,0.0066201392709825,0.110493737018642,0.17962825950157,0.125794278080309,0.126817156495059,0.125794278080309,0.126817156495059,0.123627647435807
"230",0,0.0749894492679968,0.00660898937902944,0.110871639131893,0.179202940288233,0.125707140892733,0.126728705973711,0.125707140892733,0.126728705973711,0.12345528819996
"231",0,0.0755705532236191,0.00659788097438203,0.111248916707321,0.178780109285795,0.125619710854615,0.126639961579178,0.125619710854615,0.126639961579178,0.123283194941298
