"","Alive","Death","ODN","ODF","REL","BUP","BUPC","MET","METC","ABS"
"0",0,1.11022302462516e-16,0,0,0,1,0,0,0,0
"1",0,0.000175794115092609,0.133941682562554,0.00865189114641884,0.0758121454766402,0.540867584039885,0.0802888945737286,0.0393730207472039,0.0452830111948319,0.0756059761436446
"2",0,0.000434176065211234,0.0936755490664853,0.012292597395612,0.113415235646966,0.532094454001323,0.0731446579832492,0.0517541953431587,0.0553586738309386,0.0678304606670561
"3",0,0.000691600460827613,0.0745700984286015,0.0154101776706946,0.125630453514111,0.513869829053544,0.0795348186111816,0.0573096625596373,0.0608845783401463,0.0720987813612557
"4",0,0.000947583838401322,0.0578224239546312,0.0177558593176779,0.136580655838506,0.501704726153619,0.0835711012867695,0.0616323564572703,0.0651032709563642,0.0748820221967601
"5",0,0.00120206791621524,0.0456440784455103,0.0196115837516973,0.144502033417017,0.49164318851646,0.0868491275348446,0.0648239680062233,0.0681931789328815,0.0775307734791499
"6",0,0.00145537315472932,0.0373529262216459,0.0211528249885537,0.150419756082457,0.483122750674137,0.0891997723603609,0.0671600312086679,0.0704316194936233,0.0797049458158251
"7",0,0.00170799005768185,0.031195748301127,0.0224493500783495,0.155207663277119,0.47566161506367,0.0910444747581676,0.068970895429463,0.0721466426090597,0.081615620425363
"8",0,0.00196017911535773,0.0266491873553063,0.0235678911938354,0.159098416699517,0.469005594253641,0.0925145419549981,0.0704093992344067,0.0734912036675351,0.083303586525403
"9",0,0.00221213303570933,0.0231920200106076,0.0245495408688318,0.162356916320815,0.462993054121523,0.0937180700756552,0.0715858751397342,0.0745760088456886,0.0848163815814353
"10",0,0.00246397698293666,0.0205219297906271,0.02542498188979,0.165131800360179,0.45750698743376,0.0947231962861217,0.0725700031945519,0.0754704982675557,0.0861866257944783
"11",0,0.00271579486930329,0.0184226612750542,0.0262162754223537,0.167536148423716,0.452460961708565,0.0955772413984339,0.0734093461962665,0.0762220784233411,0.0874394922829661
"12",0,0.00296764202187061,0.01674488122254,0.026939786108764,0.169649494113552,0.447788724979279,0.0963136391084872,0.0741372182631932,0.0768638106590591,0.0885948035232542
"13",0,0.00323306403561274,0.0153827970389617,0.0276078318440525,0.171525430575881,0.443433957478927,0.096954815648956,0.0747766870356583,0.0774179284263048,0.0896674879156457
"14",0,0.00349857229750639,0.0142612818314415,0.0282298505020825,0.173212000818895,0.439358898245533,0.0975202629444579,0.0753458500328043,0.07790294998658,0.0906703333407002
"15",0,0.00376418007168855,0.0133254327961504,0.028813175925575,0.174741956359801,0.435529288818566,0.0980234073471402,0.0758577005246725,0.0783317024940795,0.0916131556623265
"16",0,0.004029893809116,0.0125348066849904,0.0293635834653182,0.176140454580348,0.431916774146874,0.0984745501192378,0.0763221162079938,0.0787139281747775,0.0925038928113437
"17",0,0.00429571526570338,0.0118592352075191,0.0298856805466839,0.177427107139792,0.428497614985029,0.0988817279845922,0.0767467333124801,0.0790571553439174,0.0933490302142827
"18",0,0.00456164297907258,0.0112759249805389,0.0303831870689277,0.178617436434218,0.425251738716716,0.0992513075886431,0.0771375472032923,0.0793672943711363,0.094153920657455
"19",0,0.00482767330287259,0.0107674459769666,0.0308591401735539,0.179723904580241,0.422162023737398,0.0995884031907543,0.0774993317534986,0.0796490527774928,0.0949230245072216
"20",0,0.00509380113531899,0.0103203143299623,0.0313160455486877,0.180756653228096,0.419213751006806,0.0998971754835925,0.0778359376064316,0.07990622976114,0.0956600918999647
"21",0,0.00536002043434791,0.0099239830971954,0.0317559906045049,0.181724040742864,0.416394177482427,0.100181048876132,0.0781505077645485,0.0801419286738083,0.0963683023241721
"22",0,0.00562632458265433,0.0095701154557989,0.0321807301027355,0.182633036990139,0.413692200081753,0.100442871846814,0.0784456357485445,0.0803587126501481,0.097050372541413
"23",0,0.00589270664641328,0.00925205551827162,0.0325917516484675,0.183489516936922,0.411098087969434,0.100685036952552,0.0787234832550897,0.080558720240246,0.0977086408326034
"24",0,0.00615915955821222,0.00896443895382222,0.032990326296884,0.184298481618259,0.408603267116036,0.100909571811229,0.0789858688169177,0.0807437524650167,0.0983451333636233
"25",0,0.00644321687034544,0.00870262442333032,0.0333775374153972,0.1850575256328,0.406195348318623,0.10111592622262,0.0792333841109709,0.0809135516817746,0.0989608853241388
"26",0,0.00672732744503779,0.00846334920642645,0.033754333319501,0.185777048368394,0.403872425894091,0.10130786870329,0.0794682823577537,0.0810712106266601,0.0995581540788469
"27",0,0.00701148400027196,0.00824364747358357,0.034121541830774,0.186460292259997,0.401628466134638,0.101486694750755,0.0796917036933016,0.0812178614028656,0.100138308453812
"28",0,0.00729567944912901,0.00804104762585155,0.0344798889091878,0.187110109979492,0.399458056659179,0.101653533594563,0.0799046361474793,0.0813544858081971,0.100702561826921
"29",0,0.00757990692945754,0.00785347881092125,0.0348300148824199,0.187729020931302,0.397356324755717,0.101809376140163,0.0801079416950974,0.0814819414043899,0.101251994450531
"30",0,0.00786415982127431,0.00767919240665973,0.0351724874216804,0.188319263686226,0.395318868596423,0.101955096806015,0.0803023769409643,0.081600981691355,0.101787572629402
"31",0,0.00814843175538571,0.0075167025714687,0.035507812217817,0.188882837150263,0.393341698819907,0.102091471171097,0.0804886096391157,0.0817122723052477,0.102310164369699
"32",0,0.00843271661599687,0.00736473904731667,0.0358364417734629,0.18942153458964,0.391421188845182,0.102219190400388,0.0806672321254074,0.0818164041889553,0.10282055241365
"33",0,0.0087170085390883,0.00722220964074848,0.0361587826961333,0.189936971672659,0.389554032393089,0.102338873142506,0.0808387723204043,0.0819139043995452,0.103319445195827
"34",0,0.0090013019078401,0.00708817018464255,0.0364752017858892,0.190430609798187,0.387737207003925,0.102451075398122,0.0810037028016155,0.0820052450301203,0.103807486089659
"35",0,0.00928559134605211,0.00696180031255943,0.0367860311462638,0.190903775640394,0.385967942572437,0.102556298761791,0.0811624483372917,0.0820908506272877,0.104285261255924
"36",0,0.00956987171025259,0.00684238379914681,0.0370915724993875,0.191357677630412,0.384243694099,0.102654997346491,0.0813153921815125,0.0821711043962213,0.104753306337576
"37",0,0.00987648957198772,0.00672901580496816,0.0373920902113618,0.191784530178483,0.382556419069418,0.10274463043805,0.0814616457399724,0.0822440446729278,0.105211134312832
"38",0,0.0101830771525574,0.00662144802374344,0.0376878357352841,0.192194228843034,0.38090969813663,0.102828525332048,0.0816027430379338,0.0823122942147526,0.105660149524016
"39",0,0.0104896296173632,0.00651918485018695,0.0379790404220955,0.19258770012608,0.379301531565233,0.102907027423796,0.0817389742764558,0.0823761424955761,0.106100769223213
"40",0,0.010796142339651,0.00642178521889644,0.038265916694824,0.192965802788336,0.37773006550369,0.102980452080321,0.0818706038030129,0.0824358529203271,0.106533378650942
"41",0,0.0111026108924729,0.0063288589458816,0.0385486602861053,0.193329328707284,0.376193578419617,0.103049088760584,0.0819978734890801,0.0824916666288811,0.106958333870094
"42",0,0.0114090310400486,0.0062400576897693,0.0388274519510525,0.19367901090124,0.374690469028926,0.103113203901657,0.0821210054443452,0.0825438050665758,0.107375964976385
"43",0,0.0117153987288765,0.00615506954762487,0.0391024590096586,0.194015529086363,0.373219245371523,0.103173043330257,0.0822402041744704,0.0825924721014866,0.10778657864974
"44",0,0.0120217100790665,0.00607361426595654,0.0393738366850851,0.194339514871335,0.371778515097268,0.103228834346524,0.0823556584434909,0.0826378558451535,0.10819046036612
"45",0,0.0123279613759901,0.00599543922398094,0.0396417292756551,0.194651556277954,0.37036697679517,0.103280787554499,0.0824675428900802,0.0826801302456414,0.10858787636103
"46",0,0.0126341490622698,0.00592031604219886,0.0399062711859944,0.194952201732926,0.368983412236834,0.103329098464768,0.082576019433292,0.0827194564779594,0.108979075363758
"47",0,0.0129402697301357,0.00584803768812164,0.0401675878371783,0.195241963603807,0.367626679425335,0.103373948906989,0.0826812385046712,0.0827559841658752,0.109364290137887
"48",0,0.0132463201141542,0.00577841599853959,0.0404257964730859,0.195521321339479,0.366295706351936,0.10341550827846,0.0827833401320443,0.0827898524589876,0.109743738853313
"49",0,0.0135754198623375,0.00571103452730061,0.0406809974131457,0.195781288031709,0.364983891746388,0.103450855256697,0.0828811570193086,0.082818786565292,0.110116569577822
"50",0,0.0139044260726996,0.00564600393443888,0.0409332935605441,0.196031725846314,0.363695916040006,0.103483217763472,0.0829760946463235,0.0828453124315556,0.110484009704646
"51",0,0.0142333356727236,0.00558317605033945,0.0411827823024578,0.196273027743737,0.362430886421466,0.103512735656321,0.0830682695063425,0.0828695447279372,0.110846241918676
"52",0,0.0145621457119388,0.00552241400080013,0.0414295550233634,0.196505568231607,0.361187959880919,0.103539539064151,0.083157789956602,0.0828915897515576,0.111203438379061
"53",0,0.0148908533576404,0.00546359453728164,0.0416736977754618,0.19672969918528,0.359966339823398,0.103563749916716,0.0832447573174347,0.082911546898543,0.111555761188245
"54",0,0.0152194558901493,0.00540660462947011,0.0419152916731398,0.196945752686079,0.358765272922537,0.103585482721518,0.0833292666754825,0.0829295093642054,0.111903363437419
"55",0,0.0155479506978538,0.00535134049383948,0.0421544132931488,0.197154042265392,0.35758404605579,0.10360484517402,0.0834114074315774,0.0829455646703435,0.112246389918035
"56",0,0.0158763352724133,0.00529770654941688,0.0423911350261139,0.197354864323274,0.356421983505536,0.103621938689005,0.08349126378046,0.0829597951203214,0.112584977733459
"57",0,0.0162046072041722,0.00524561454776639,0.0426255253920468,0.197548499369968,0.355278444390497,0.103636858885598,0.0835689151351479,0.0829722782120678,0.112919256862737
"58",0,0.0165327641777777,0.00519498283898257,0.0428576493253677,0.197735213154298,0.354152820307336,0.103649696020853,0.083644436501419,0.0829830870059536,0.113249350668012
"59",0,0.0168608039680117,0.00514573573306762,0.0430875684329077,0.197915257690873,0.353044533166002,0.103660535382426,0.0837178988137955,0.0829922904568861,0.11357537635603
"60",0,0.0171887244358291,0.0050978029441874,0.0433153412283898,0.198088872195587,0.35195303320053,0.103669457644556,0.0837893692379191,0.0829999537145984,0.113897445398404
"61",0,0.0175426921703192,0.00505087166112629,0.0435410137620733,0.198245406289464,0.350871727967377,0.103673037797508,0.0838574235144914,0.0830034070746123,0.114214419763028
"62",0,0.0178965127498416,0.00500514923884519,0.0437646388705946,0.198395965731578,0.349806220390183,0.103674852197935,0.0839235960020585,0.083005442120178,0.114527622698786
"63",0,0.0182501841516406,0.00496057431557587,0.0439862676337163,0.198540752496412,0.348756036307833,0.103674971015137,0.0839879463734534,0.0830061156915726,0.11483715201466
"64",0,0.0186037044270256,0.00491708853668524,0.0442059485316248,0.198679963752079,0.347720722605445,0.103673459911512,0.0840505305443554,0.0830054806855744,0.115143101005698
"65",0,0.0189570716998589,0.00487463990262752,0.0444237278054883,0.198813786418551,0.346699846254172,0.103670381072127,0.0841114013493056,0.0830035870881373,0.115445558409733
"66",0,0.0193102841643719,0.00483318016104497,0.0446396495742104,0.198942398935515,0.345692993356334,0.103665793553916,0.0841706089743351,0.083000482307182,0.11574460897309
"67",0,0.0196633400825783,0.00479266454088684,0.044853755987018,0.199065971532681,0.344699768057135,0.1036597535141,0.084228201176817,0.0829962113720572,0.116040333736726
"68",0,0.0200162377816971,0.00475305132308151,0.0450660873534308,0.199184666778013,0.343719791530812,0.10365231439999,0.0842842234725541,0.0829908170960462,0.116332810264375
"69",0,0.0203689756516471,0.0047143015079939,0.045276682260059,0.199298640036944,0.342752701027279,0.103643527128103,0.0843387192989798,0.0829843402278216,0.116622112861171
"70",0,0.0207215521426152,0.00467637855335945,0.0454855776769988,0.199408039896049,0.341798148977522,0.103633440243092,0.0843917301558389,0.0829768195849048,0.116908312769621
"71",0,0.0210739657627178,0.00463924815120558,0.0456928090549246,0.199513008554152,0.340855802157603,0.103622100063279,0.0844432957313979,0.0829682921751962,0.117191478349524
"72",0,0.021426215075754,0.00460287803909888,0.0458984104143346,0.199613682182543,0.339925340907301,0.103609550813835,0.084493454016195,0.0829587933077234,0.117471675243215
"73",0,0.0218051381374419,0.00456700627060209,0.0461024054426909,0.199698877887481,0.339000448511319,0.103592233076711,0.0845406979373871,0.0829455492659243,0.117747643470442
"74",0,0.022183865981823,0.00453185430579389,0.0463048254037219,0.19978005154737,0.338086868048915,0.103573792697187,0.0845865932260656,0.0829314025340955,0.118020746255029
"75",0,0.0225623972666422,0.00449739106863832,0.0465057010648748,0.199857319525785,0.337184317470203,0.103554269670256,0.0846311754296191,0.0829163853158875,0.118291043188094
"76",0,0.0229407306969268,0.00446358618702714,0.0467050618220904,0.199930798031205,0.336292524921824,0.103533701394884,0.0846744779011372,0.0829005274831609,0.118558591561744
"77",0,0.0233188650248163,0.00443041335887363,0.0469029359562973,0.20000059770418,0.335411228520398,0.103512123497023,0.0847165323208854,0.0828838574161092,0.118823446201418
"78",0,0.0236967990486471,0.00439784809245293,0.0470993506691695,0.200066824980809,0.334540176080125,0.103489570044333,0.084757369004677,0.0828664022199466,0.11908565985984
"79",0,0.0240745316115621,0.00436586761333562,0.0472943321589984,0.200129582076771,0.333679124665606,0.103466073658217,0.0847970170240797,0.0828481878254726,0.119345283365958
"80",0,0.0244520616000609,0.00433445060153437,0.0474879056813628,0.200188967255301,0.332827840167481,0.103441665598657,0.0848355043036274,0.0828292390628841,0.119602365729091
"81",0,0.0248293879425561,0.00430357700350254,0.0476800956027619,0.200245075032958,0.331986096892495,0.103416375847168,0.0848728577028556,0.0828095797322185,0.119856954243485
"82",0,0.0252065096079445,0.00427322789695463,0.0478709254492468,0.200297996370866,0.331153677170131,0.103390233178151,0.0849091030835618,0.0827892326632011,0.120109094579943
"83",0,0.0255834256042115,0.00424338538083899,0.0480604179506067,0.200347818852368,0.330330370979167,0.103363265224248,0.0849442653691291,0.0827682197695029,0.120358830869928
"84",0,0.0259601349770758,0.00421403248755968,0.0482485950810491,0.20039462684698,0.329515975593532,0.103335498536,0.0849783685972083,0.0827465620979155,0.12060620578268
"85",0,0.0263672107158578,0.0041849091535412,0.048435468619429,0.200425471967041,0.328703651584104,0.103302848164877,0.0850096597742811,0.0827210778293321,0.120849702191537
"86",0,0.0267740419998088,0.00415626290820988,0.0486210589732057,0.200453486553628,0.327899881060763,0.103269454387797,0.0850399246519553,0.0826949924321151,0.121090897032518
"87",0,0.0271806279595285,0.00412807509684546,0.0488053866449815,0.200478742251497,0.327104482509981,0.103235342206559,0.0850691870095838,0.0826683260605445,0.12132983026048
"88",0,0.0275869677565107,0.00410032685981113,0.0489884712725691,0.200501312984307,0.326317279726223,0.1032005347648,0.0850974690137809,0.0826410971361445,0.121566540485854
"89",0,0.0279930605839118,0.00407300278448508,0.0491703318628541,0.200521269101673,0.325538101887434,0.103165054147274,0.0851247917171794,0.0826133231703777,0.12180106474481
"90",0,0.0283989056664291,0.00404608859576826,0.0493509867958458,0.200538678681336,0.324766783564657,0.103128921555685,0.085151175339997,0.0825850209510148,0.122033438849268
"91",0,0.0288045022595961,0.00401957111928684,0.0495304538735846,0.20055360738414,0.324003164528168,0.103092157380269,0.0851766393582982,0.0825562066093225,0.122263697487334
"92",0,0.0292098496489681,0.0039934380593504,0.0497087503553976,0.200566118618379,0.323247089558609,0.103054781246162,0.0852012025709146,0.0825268956620855,0.122491874280134
"93",0,0.029614947149274,0.00396767784982244,0.0498858929878495,0.200576273647194,0.322498408255977,0.103016812060945,0.085224883153236,0.0824971030527913,0.12271800184291
"94",0,0.0300197941035452,0.00394227955580212,0.0500618980313353,0.200584131688427,0.321756974849995,0.102978268052885,0.0852476986979369,0.0824668431841094,0.122942111835964
"95",0,0.0304243898822456,0.00391723279772037,0.0502367812837245,0.20058975000717,0.321022648016591,0.102939166805472,0.0852696662495773,0.0824361299466967,0.123164235010802
"96",0,0.0308287338824146,0.00389252769533796,0.0504105581019018,0.200593184000331,0.320295290700959,0.10289952528836,0.0852908023342296,0.0824049767446608,0.123384401251806
"97",0,0.0312662521207343,0.00386790596724144,0.0505832337455865,0.200580116262606,0.319567693229695,0.102854860553016,0.0853091629538447,0.0823698933905162,0.12360088177676
"98",0,0.0317034738634222,0.00384362627734753,0.0507548225636885,0.200565000236767,0.318846830094732,0.102809694357441,0.0853267110678832,0.0823344005216544,0.123815441017064
"99",0,0.0321403985985929,0.00381967596194017,0.0509253392817057,0.20054788202271,0.318132577419921,0.10276404337296,0.0853434639344309,0.0822985116659746,0.124028107741764
"100",0,0.0325770258346156,0.00379604175396637,0.0510947980076997,0.200528811188914,0.317424814201183,0.10271792277686,0.085359437479876,0.0822622389135217,0.124238909843364
"101",0,0.0330133551014854,0.00377271356193138,0.0512632124562481,0.200507834735959,0.316723422510704,0.102671347036027,0.0853746467859322,0.0822255937250123,0.124447874086701
"102",0,0.033449385951191,0.00374968214130773,0.0514305959388396,0.200484998370653,0.316028287629566,0.102624330066063,0.0853891063591462,0.0821885871052765,0.124655026437958
"103",0,0.0338851179574224,0.00372693908073125,0.0515969614010411,0.200460346303629,0.315339297966152,0.102576885285452,0.0854028302055582,0.0821512296561553,0.124860392143859
"104",0,0.0343205507151345,0.0037044765963052,0.051762321446623,0.200433921367163,0.314656344972635,0.102529025645236,0.0854158318845996,0.0821135316048568,0.125063995767446
"105",0,0.0347556838400528,0.00368228739787177,0.0519266883570667,0.200405765078187,0.313979323052886,0.102480763661064,0.0854281245506953,0.082075502832459,0.125265861229718
"106",0,0.035190516968136,0.00366036460519596,0.0520900741083572,0.200375917696612,0.313308129465754,0.102432111436829,0.0854397209824744,0.0820371528944498,0.125466011842191
"107",0,0.0356250497550215,0.00363870168550402,0.0522524903854191,0.200344418278929,0.312642664228939,0.102383080685505,0.0854506336065612,0.0819984910383355,0.125664470335785
"108",0,0.0360592818754639,0.00361729241005107,0.0524139485950049,0.200311304726127,0.311982830024296,0.102333682747203,0.0854608745170419,0.0819595262185849,0.125861258886227
"109",0,0.0365294769836736,0.00359587736308239,0.0525744500165332,0.20026091223677,0.311321028176695,0.102279043749717,0.0854683107038063,0.0819164655524687,0.126054435217253
"110",0,0.036999318966114,0.00357472313679611,0.0527340053368211,0.20020901510678,0.310664696674252,0.102224067155718,0.0854750860382442,0.081873125068195,0.12624596251708
"111",0,0.0374688076027518,0.00355382021201817,0.0528926257745415,0.200155643717287,0.310013747085583,0.102168764664504,0.0854812138666673,0.0818295143743148,0.126435862702332
"112",0,0.0379379426863461,0.00353315825640439,0.0530503220608832,0.200100832610289,0.309368092519852,0.102113146668693,0.0854867063446015,0.0817856417907622,0.12662415706217
"113",0,0.0384067240242838,0.00351273000765946,0.0532071046607251,0.200044614304232,0.308727647894877,0.102057223034629,0.0854915749215169,0.081741515154382,0.126810865997694
"114",0,0.038875151439303,0.00349252891442891,0.0533629837561855,0.199987020566322,0.308092330131729,0.102001003254866,0.0854958306066798,0.0816971419877701,0.126996009342716
"115",0,0.0393432247694739,0.00347254913389721,0.0535179692783261,0.199928082178789,0.307462058128493,0.101944496494306,0.0854994840378791,0.0816525295456905,0.127179606433146
"116",0,0.0398109438680113,0.00345278533194676,0.0536720709259682,0.19986782903411,0.306836752729042,0.101887711611935,0.0855025455294377,0.0816076848370215,0.127361676132528
"117",0,0.0402783086030123,0.00343323255539864,0.0538252981801706,0.199806290175906,0.306216336680294,0.101830657185493,0.0855050251082164,0.0815626146472963,0.127542236864214
"118",0,0.0407453188571334,0.00341388615407173,0.0539776603162589,0.19974349383649,0.305600734582117,0.101773341528057,0.0855069325374236,0.0815173255535463,0.127721306634902
"119",0,0.041211974527239,0.00339474172387356,0.0541291664137457,0.199679467470861,0.304989872835326,0.101715772702207,0.0855082773352768,0.0814718239365187,0.127898903054953
"120",0,0.0416782755240335,0.00337579506868939,0.0542798253649417,0.199614237786059,0.304383679588764,0.101657958531746,0.0855090687895899,0.0814261159905079,0.128075043355669
"121",0,0.0421831810525144,0.00335678537835168,0.0544296358877095,0.199530865870352,0.303774184020116,0.101594656384643,0.0855069930434197,0.0813761234856819,0.128247574877211
"122",0,0.0426876710038397,0.00333798446358293,0.0545786063147691,0.199446385493889,0.303169244300745,0.101531133214432,0.0855043698199992,0.0813259436503991,0.128418661738343
"123",0,0.0431917454136934,0.00331938458757233,0.0547267456013013,0.199360816835139,0.302568795006174,0.101467397573932,0.0855012099515047,0.0812755836288234,0.128588321401859
"124",0,0.0436954043249941,0.00330097707991606,0.0548740622886579,0.199274184655639,0.301972771475081,0.10140345681442,0.0854975231568334,0.0812250493593191,0.12875657084514
"125",0,0.0441986477901243,0.00328275629544177,0.055020564724956,0.199186512011029,0.301381110111371,0.1013393178656,0.0854933185263205,0.0811743463793376,0.128923426295821
"126",0,0.0447014758719286,0.00326471722993861,0.0551662610449089,0.199097821527676,0.30079374861228,0.101274987385255,0.0854886047865672,0.0811234799925728,0.129088903548874
"127",0,0.0452038886438951,0.00324685552428713,0.055311159198758,0.199008135150546,0.30021062597159,0.101210471801353,0.0854833903663267,0.0810724553121552,0.129253018031089
"128",0,0.0457058861901433,0.00322916726690467,0.055455266968337,0.198917474226439,0.299631682476367,0.101145777329675,0.0854776834416066,0.081021277279324,0.129415784821203
"129",0,0.0462074686053229,0.00321164886858848,0.0555985919789256,0.198825859532878,0.299056859690728,0.101080909994667,0.0854714919688677,0.0809699506829199,0.129577218677103
"130",0,0.0467086359944408,0.00319429698720574,0.0557411417087748,0.198733311304395,0.298486100430908,0.10101587564234,0.0854648237060819,0.0809184801712811,0.129737334054573
"131",0,0.0472093884726495,0.00317710847330888,0.0558829234966389,0.198639849255849,0.297919348737189,0.100950679950916,0.0854576862287538,0.0808668702616542,0.129896145123041
"132",0,0.0477097261650103,0.00316008033449372,0.0560239445481088,0.198545492601629,0.297356549843751,0.100885328439201,0.0854500869419747,0.0808151253473423,0.130053665778488
"133",0,0.0482519950015514,0.00314294556821986,0.0561642016571458,0.198431737011446,0.296789214695561,0.100814118489968,0.0854394886889226,0.0807588109834845,0.130207487903701
"134",0,0.0487937775383898,0.00312598482998374,0.0563037015607449,0.198317175253783,0.296225752650539,0.100742774299296,0.0854284310762065,0.0807023784609309,0.130360024330126
"135",0,0.0493350740526639,0.00310919137619971,0.0564424516893764,0.198201820507835,0.295666113908755,0.100671302361701,0.0854169232699168,0.0806458333256741,0.130511289507879
"136",0,0.0498758848242503,0.00309255743477983,0.0565804590989742,0.198085690908539,0.295110248939214,0.100599708013346,0.0854049733504505,0.0805891799463584,0.130661297484089
"137",0,0.0504162101384035,0.00307607829609051,0.0567177306958994,0.197968803060263,0.29455810880795,0.100527996227389,0.0853925888070927,0.0805324223347746,0.130810061632137
"138",0,0.050956050287021,0.00305974986308231,0.0568542732141144,0.197851173343376,0.294009645430775,0.100456171765224,0.0853797768078046,0.0804755643156428,0.13095759497296
"139",0,0.0514954055689921,0.00304356865985209,0.056990093243093,0.197732817645203,0.293464811594108,0.100384239217107,0.0853665442648318,0.0804186095688389,0.131103910237975
"140",0,0.0520342762903269,0.00302753163121683,0.0571251972425902,0.197613751437712,0.292923560968384,0.100312203017765,0.0853528978790487,0.0803615616465598,0.131249019886397
"141",0,0.0525726627641813,0.00301163601644667,0.0572595915531875,0.197493989799626,0.292385848107445,0.100240067465436,0.0853388441722037,0.0803044239914482,0.131392936130026
"142",0,0.0531105653107974,0.00299587927382701,0.0573932824045277,0.197373547436371,0.291851628438308,0.10016783673286,0.0853243895067963,0.0802471999470157,0.131535670949498
"143",0,0.0536479842573958,0.00298025902651624,0.057526275921576,0.19725243869733,0.291320858247046,0.100095514876069,0.0853095401008727,0.0801898927656021,0.131677236107592
"144",0,0.0541849199380371,0.00296477302750267,0.0576585781297184,0.197130677589205,0.290793494661931,0.100023105840933,0.0852943020388261,0.0801325056140905,0.131817643159756
"145",0,0.0547684754156664,0.00294914031388406,0.0577901841013566,0.196987602096353,0.29026025966242,0.0999442635132034,0.0852758298617262,0.080070105279887,0.131954139755503
"146",0,0.0553514615566646,0.00293365788578483,0.0579210994418368,0.196843963126091,0.289730375695189,0.0998653547500994,0.085256968864043,0.0800076411566515,0.13208947752364
"147",0,0.0559338788863822,0.0029183194703641,0.058051330525595,0.196699768768623,0.289203803988542,0.0997863846788692,0.0852377271095732,0.0799451177447605,0.13222366882729
"148",0,0.0565157279288837,0.00290311766350044,0.0581808833674478,0.196555032517771,0.288680505691381,0.0997073572569466,0.0852181115577029,0.0798825383444015,0.132356725671965
"149",0,0.0570970092101006,0.00288804826325407,0.0583097638589193,0.196409766409498,0.288160442230485,0.0996282761068843,0.0851981285828334,0.0798199059167686,0.132488659421257
"150",0,0.0576777232594025,0.00287310768447802,0.0584379777428004,0.196263982397524,0.287643575588937,0.099549144674429,0.085177784257584,0.0797572232620289,0.132619481132816
"151",0,0.0582578706101121,0.00285829297099234,0.0585655306414528,0.196117692062521,0.287129868339339,0.0994699662697478,0.0851570844206879,0.0796944930625328,0.132749201622615
"152",0,0.0588374517997665,0.00284360158564171,0.0586924280712861,0.19597090668897,0.286619283668771,0.0993907440823199,0.085136034722522,0.0796317178996762,0.132877831481047
"153",0,0.0594164673702543,0.00282903127854972,0.0588186754528442,0.195823637283473,0.286111785388541,0.0993114811995326,0.0851146406579383,0.079568900271834,0.133005381097032
"154",0,0.0599949178678524,0.00281458000868802,0.0589442781185014,0.195675894591164,0.285607337933386,0.0992321806168479,0.0850929075861154,0.0795060426042332,0.133131860673212
"155",0,0.0605728038432053,0.00280024588778654,0.0590692413181195,0.195527689109497,0.28510590635619,0.0991528452457093,0.0850708407451005,0.0794431472562765,0.133257280238115
"156",0,0.0611501258512646,0.0027860271442912,0.0591935702235195,0.195379031098146,0.284607456319438,0.0990734779191366,0.0850484452621851,0.0793802165265426,0.133381649655477
"157",0,0.0617771238371343,0.00277163924425617,0.0593172589159085,0.195207822370254,0.284102239235245,0.0989873082042373,0.0850226625021345,0.0793119889322015,0.133501956758629
"158",0,0.0624034585057371,0.0027573839105955,0.059440312183495,0.195036252079614,0.283599965053135,0.0989011270478379,0.0849965495429737,0.0792437419481351,0.133621209728476
"159",0,0.0630291306452788,0.00274325525976896,0.0595627356157354,0.194864324729198,0.283100602932085,0.0988149385666506,0.0849701135857184,0.0791754792910561,0.133739419374508
"160",0,0.0636541410393093,0.00272924623457136,0.0596845344575691,0.194692050411008,0.282604121736048,0.0987287457213337,0.0849433607340401,0.0791072034846392,0.133856596181481
"161",0,0.0642784904702873,0.00271535301151762,0.0598057138486818,0.194519437833088,0.282110490402574,0.0986425511609064,0.0849162965198062,0.0790389167304985,0.13397275002264
"162",0,0.0649021797213929,0.0027015723769294,0.0599262787969492,0.194346495713707,0.281619678231918,0.0985563573823971,0.0848889261897242,0.0789706210881532,0.134087890498829
"163",0,0.0655252095771756,0.00268790174131698,0.0600462342065579,0.194173232481849,0.281131654927059,0.0984701667717755,0.0848612547735712,0.0789023185181352,0.13420202700256
"164",0,0.0661475808239187,0.00267433892701934,0.0601655848920958,0.193999656352216,0.280646390625134,0.0983839816182223,0.0848332871297678,0.0788340108984262,0.134315168733199
"165",0,0.0667692942498652,0.00266088203531117,0.0602843355882288,0.193825775340819,0.280163855913192,0.0982978041321739,0.0848050279780863,0.0787657000420025,0.134427324720322
"166",0,0.0673903506453311,0.00264752936737281,0.0604024909569707,0.193651597278911,0.279684021833037,0.0982116364548533,0.084776481919217,0.0786973877062367,0.13453850383807
"167",0,0.0680107508027512,0.00263427936787644,0.0605200555929074,0.193477129824412,0.279206859881322,0.0981254806655371,0.084747653448971,0.0786290755997354,0.134648714816487
"168",0,0.0686304955166809,0.00262113058886109,0.0606370340272357,0.193302380469504,0.27873234200611,0.0980393387865028,0.084718546968273,0.0785607653868437,0.134757966249989
"169",0,0.0693035804944647,0.00260779196807,0.0607534194473661,0.193103557028169,0.278250125972318,0.0979459330288652,0.0846858500371885,0.0784868028333128,0.134862939190247
"170",0,0.0699758945339174,0.00259457285970681,0.0608692160231155,0.192904548413203,0.277770528556752,0.0978525624089275,0.0846528725393813,0.0784128587029546,0.134966945962042
"171",0,0.0706474387164869,0.00258146757780884,0.0609844287599008,0.192705356374884,0.277293524821019,0.0977592303218718,0.0846196210494178,0.0783389361571839,0.135069996221428
"172",0,0.0713182141157034,0.00256846921723882,0.0610990623247404,0.192505988466952,0.2768190893703,0.0976659389996111,0.0845861010343484,0.0782650371516527,0.135172099319453
"173",0,0.0719882218012164,0.00255557417640171,0.0612131212910814,0.192306450893748,0.276347196735212,0.0975726903743644,0.0845523173911534,0.078191163327226,0.135273264009597
"174",0,0.0726574628408789,0.00254277946790337,0.0613266101110931,0.19210674993774,0.275877821672462,0.0974794862418335,0.0845182747400502,0.0781173161940222,0.135373498794017
"175",0,0.0733259383015331,0.00253008273490488,0.0614395331441022,0.191906891649321,0.275410939210067,0.0973863283025689,0.0844839774939656,0.0780434971751196,0.135472811988418
"176",0,0.0739936492494758,0.0025174820338252,0.0615518946706375,0.191706881921667,0.274946524683654,0.0972932181760692,0.0844494299048384,0.0779697076229861,0.135571211736847
"177",0,0.0746605967507705,0.00250497569869568,0.0616636989019806,0.191506726504623,0.274484553756528,0.0972001574187428,0.0844146360967335,0.0778959488370439,0.135668706034882
"178",0,0.0753267818714304,0.00249256226050166,0.0617749499872608,0.191306431017146,0.274025002428444,0.0971071475331695,0.0843796000855095,0.0778222220729105,0.135765302743628
"179",0,0.0759922056775254,0.00248024038967676,0.0618856520184669,0.191106000957244,0.273567847039355,0.097014189975055,0.0843443257930009,0.0777485285490261,0.13586100960065
"180",0,0.0766568692352382,0.00246800885935071,0.0619958090342562,0.190905441708106,0.273113064269442,0.0969212861578247,0.0843088170568984,0.0776748694508993,0.135955834227985
"181",0,0.07738121122919,0.00245555699728531,0.0621054129666452,0.190678099003714,0.272649206881553,0.0968202886812044,0.0842693377730994,0.0775949164440999,0.136045970023208
"182",0,0.0781046528325319,0.00244321565419518,0.062214467496873,0.190450736573658,0.272187708493427,0.0967193684524689,0.0842296204316678,0.077515016131571,0.136135213933607
"183",0,0.0788271954809969,0.00243097904256803,0.0623229772117711,0.190223353768325,0.271728548726745,0.0966185283968402,0.08418967124034,0.0774351713331152,0.136223574799298
"184",0,0.0795488405986088,0.00241884006088372,0.0624309463490102,0.189995956204723,0.271271706586016,0.0965177702121714,0.0841494952377216,0.0773553835917342,0.136311061159132
"185",0,0.0802695896024521,0.00240679513248061,0.0625383790585979,0.18976854811319,0.270817160870215,0.0964170952914291,0.0841090968671133,0.0772756541258851,0.136397680938637
"186",0,0.0809894439051614,0.0023948413294547,0.0626452793728894,0.189541133862711,0.270364890497656,0.0963165048969292,0.084068480289863,0.077195984026012,0.136483441819324
"187",0,0.0817084049158913,0.00238297639149533,0.0627516512367163,0.189313717626566,0.269914874557553,0.0962160002041573,0.0840276494592925,0.0771163743009598,0.136568351307369
"188",0,0.0824264740409147,0.00237119849360062,0.0628574985221068,0.189086303460876,0.269467092351986,0.0961155823164915,0.083986608169907,0.077036825895271,0.136652416748846
"189",0,0.0831436526840388,0.00235950610142148,0.0629628250382223,0.188858895317837,0.269021523420375,0.0960152522840309,0.0839453600924784,0.0769573397076758,0.13673564535392
"190",0,0.0838599422468683,0.00234789788521097,0.0630676345386741,0.188631497057608,0.268578147551783,0.0959150111131353,0.0839039087947675,0.0768779166006988,0.136818044211254
"191",0,0.0845753441289813,0.00233637265853228,0.0631719307266209,0.188404112457607,0.268136944791757,0.0958148597735043,0.0838622577563848,0.0767985574074723,0.13689962029914
"192",0,0.0852898597280405,0.00232492933913331,0.0632757172585871,0.188176745217797,0.26769789544509,0.0957147992027395,0.0838204103790612,0.0767192629360114,0.136980380493539
"193",0,0.0860665668024815,0.00231325811815355,0.0633789857190654,0.187921578678555,0.267249163323545,0.0956063249549496,0.0837744374206523,0.0766334288892398,0.137056256093358
"194",0,0.0868422292130991,0.00230168927592427,0.0634817394233211,0.187666547858472,0.266802578900292,0.0954979665196907,0.0837282645486188,0.0765476789950011,0.137131305265581
"195",0,0.0876168488023275,0.00229021716558101,0.0635839825959615,0.187411650464434,0.266358125205471,0.0953897263650033,0.0836818975499202,0.0764620157095775,0.137205536141724
"196",0,0.0883904273976736,0.00227883482780696,0.0636857191189716,0.187156890498876,0.265915784580142,0.0952816057419865,0.0836353410501066,0.0763764402203233,0.137278956564113
"197",0,0.0891629668169535,0.00226753882196027,0.0637869527927791,0.186902270614391,0.265475539089664,0.095173605606027,0.0835885990861221,0.0762909533973437,0.137351573774759
"198",0,0.0899344688710401,0.00225632635281817,0.0638876873061812,0.186647793636053,0.265037370850199,0.0950657267908001,0.0835416754193956,0.0762055559896687,0.137423394783844
"199",0,0.0907049353649623,0.00224519528999057,0.06398792626636,0.186393462225623,0.264601262082096,0.0949579700518429,0.0834945736096374,0.0761202486714681,0.13749442643802
"200",0,0.0914743680985951,0.00223414393545617,0.0640876732134654,0.186139278959082,0.264167195153653,0.0948503360811216,0.0834472970639827,0.0760350320592188,0.137564675435425
"201",0,0.0922427688671512,0.0022231708790902,0.0641869316304296,0.18588524633878,0.263735152607293,0.0947428255256507,0.0833998490719652,0.0759499067300286,0.137634148349611
"202",0,0.0930101394615054,0.0022122749126137,0.0642857049501573,0.185631366804438,0.263305117173521,0.0946354389968381,0.0833522328261375,0.07586487323109,0.137702851643698
"203",0,0.0937764816684211,0.0022014549683371,0.0643839965604986,0.185377642741598,0.262877071779359,0.0945281770773677,0.0833044514368252,0.0757799320863402,0.137770791681253
"204",0,0.0945417972707084,0.00219071008005987,0.0644818098079441,0.185124076486113,0.26245099955265,0.0944210403255674,0.0832565079422861,0.0756950838005844,0.137837974734087
"205",0,0.09537583061219,0.00217971252789521,0.0645791352703402,0.184839940037578,0.26201391492042,0.0943046235289227,0.0832040233083892,0.0756030258115993,0.137899793982665
"206",0,0.096208647513449,0.00216881212733135,0.064675975951704,0.184556098160526,0.261578806456275,0.0941883605113655,0.0831513726941683,0.0755110828309424,0.137960843754238
"207",0,0.0970402503262634,0.00215800304179466,0.0647723358249694,0.184272546844446,0.261145659976466,0.0940722534696412,0.0830985616937834,0.0754192571234446,0.138021131699191
"208",0,0.0978706413831411,0.00214727804558663,0.0648682185067925,0.183989288780701,0.260714460497504,0.0939563033180542,0.083045594678737,0.0753275496136927,0.138080665175791
"209",0,0.0986998230034165,0.00213663363904728,0.0649636275340164,0.183706325261167,0.260285192676334,0.0938405106652008,0.0829924754045196,0.0752359608960675,0.138139450920231
"210",0,0.0995277974964678,0.00212606700361198,0.0650585663316864,0.183423657790081,0.259857841158035,0.0937248759983697,0.0829392073424481,0.0751444914425193,0.138197495436781
"211",0,0.100354567163024,0.00211557602309638,0.0651530382447757,0.183141287726661,0.259432390633955,0.0936093997295657,0.0828857937577255,0.0750531416514489,0.138254805069748
"212",0,0.101180134296,0.00210515903694095,0.0652470465535161,0.182859216366585,0.259008825889654,0.093494082210862,0.0828322377614441,0.0749619118658429,0.138311386019155
"213",0,0.1020045011811,0.00209481468720395,0.0653405944836889,0.182577444953991,0.258587131834106,0.093378923753991,0.0827785423475155,0.0748708023925915,0.138367244365811
"214",0,0.102827670097225,0.00208454182732477,0.0654336852141284,0.182295974692462,0.258167293515909,0.0932639246401088,0.0827247104143896,0.0747798135124065,0.138422386086045
"215",0,0.10364964331677,0.00207433945721875,0.065526321881877,0.182014806753302,0.257749296133595,0.0931490851269431,0.0826707447805518,0.0746889454867729,0.138476817062969
"216",0,0.104470423105832,0.00206420668185402,0.0656185075859878,0.181733942279693,0.257333125041516,0.0930344054532734,0.0826166481951494,0.0745981985622086,0.138530543094486
"217",0,0.105364022212567,0.00205381029745788,0.0657102324444489,0.181420833031596,0.256905084248969,0.0929099020017794,0.0825577353892702,0.0744998220836609,0.138578558290251
"218",0,0.106256209591595,0.00204350627760837,0.0658014992207893,0.181108180492121,0.25647887936441,0.092785590201343,0.0824986881498891,0.0744015912821247,0.138625855420119
"219",0,0.107146988208838,0.00203328874534245,0.065892311667003,0.180795979303791,0.256054498352803,0.092661471964784,0.0824395118429557,0.0743035082018163,0.138672441712667
"220",0,0.108036361006577,0.00202315041818349,0.0659826731758716,0.18048423095508,0.255631928318788,0.0925375479024975,0.0823802105925171,0.0742055735233752,0.13871832410711
"221",0,0.108924330910267,0.00201308780948994,0.0660725870624514,0.180172935532134,0.255211155956957,0.0924138183184143,0.0823207878986268,0.0741077875950524,0.138763508916607
"222",0,0.109810900832147,0.00200309812676349,0.0661620565315247,0.179862093358769,0.254792167907254,0.0922902833979353,0.0822612469756634,0.0740101506442776,0.138808002225666
"223",0,0.110696073672729,0.00199317929341676,0.0662510847099405,0.179551704631321,0.254374950815302,0.0921669432547587,0.0822015908318962,0.0739126628274397,0.138851809963195
"224",0,0.111579852321759,0.00198332969659357,0.066339674662199,0.179241769501166,0.253959491382345,0.0920437979465318,0.0821418223225629,0.0738153242483778,0.138894937918465
"225",0,0.112462239658916,0.00197354803112343,0.0664278294009044,0.178932288086275,0.253545776395987,0.0919208474947472,0.0820819441875019,0.0737181349780172,0.138937391766528
"226",0,0.113343238554299,0.00196383320632134,0.0665155518943641,0.178623260481903,0.253133792747661,0.0917980918946223,0.0820219590732747,0.0736210950644259,0.138979177083129
"227",0,0.114222851868783,0.00195418427972225,0.0666028450717925,0.178314686768539,0.252723527444033,0.0916755311223013,0.0819618695489283,0.0735242045398351,0.139020299356066
