"","Alive","Death","ODN","ODF","REL","BUP","BUPC","MET","METC","ABS"
"0",0,1.11022302462516e-16,0,0,0,0.25,0.25,0.25,0.25,0
"1",0,0.000143334515837368,0.0372411976435766,0.00280064942373474,0.0287256573462362,0.225537454720675,0.225644297141514,0.225537454720675,0.225644297141514,0.0287256573462362
"2",0,0.000304605490956456,0.0293258605493589,0.00436310468110395,0.0557708894489947,0.216222365248292,0.216365233486314,0.216222365248292,0.216365233486314,0.0450603423603746
"3",0,0.000470213347984139,0.0247760926361091,0.00570807664578737,0.07526235554064,0.20905143048662,0.209220107881182,0.20905143048662,0.209220107881182,0.0572401850938751
"4",0,0.000639214525924081,0.0219939913894678,0.00692300524234363,0.0907487108601516,0.203076393710808,0.203264455771924,0.203076393710808,0.203264455771924,0.0670133790166479
"5",0,0.000811151688846379,0.0176122092707771,0.00785793483744699,0.104371594893735,0.198279463347687,0.198462356826403,0.198279463347687,0.198462356826403,0.0758634689610137
"6",0,0.000985048359334328,0.0158640352489161,0.00873786110804599,0.115158072289446,0.19389405223225,0.194074218319964,0.19389405223225,0.194074218319964,0.0833184418898301
"7",0,0.00116099719600826,0.0147286651392083,0.00956361915141543,0.124457594565766,0.189981314630514,0.190159149269594,0.189981314630514,0.190159149269594,0.0898081961473841
"8",0,0.00133882260211071,0.0139195108758903,0.0103488538604481,0.132659759413907,0.186461400604348,0.186637158609814,0.186461400604348,0.186637158609814,0.095535934819319
"9",0,0.00151835845832204,0.0133010292551573,0.0111020430217917,0.14000333996653,0.183271992551256,0.183445859965002,0.183271992551256,0.183445859965002,0.100639524265683
"10",0,0.00169945598038412,0.0127955442360888,0.0118282423134584,0.146647237318432,0.180365823995541,0.18053793073618,0.180365823995541,0.18053793073618,0.105222010688195
"11",0,0.00188198078253177,0.0123856703153003,0.0125326142743783,0.15269944935868,0.177700684986954,0.177871156623738,0.177700684986954,0.177871156623738,0.109356602047725
"12",0,0.0020658196311566,0.012042599420896,0.0132184617459889,0.158248251496307,0.175245788291415,0.175414730623709,0.175245788291415,0.175414730623709,0.113103829875403
"13",0,0.00225289609342483,0.0117492301256608,0.0138883226823026,0.163359974297563,0.172975549076365,0.173143053282659,0.172975549076365,0.173143053282659,0.116512372083002
"14",0,0.00244110754161975,0.0114943600170175,0.0145442004614055,0.168088590863197,0.170869265185991,0.171035411581274,0.170869265185991,0.171035411581274,0.11962238758223
"15",0,0.0026303722930906,0.0112701422607676,0.015187712333122,0.172477371317413,0.168909351369716,0.169074211270006,0.168909351369716,0.169074211270006,0.122467276516164
"16",0,0.00282061659180854,0.0110709980622775,0.0158201975293128,0.17656215128567,0.16708088663693,0.167244524430554,0.16708088663693,0.167244524430554,0.125075214395963
"17",0,0.00301177351828485,0.0108926526680908,0.016442773903171,0.180373115242133,0.1653711185429,0.165533592861483,0.1653711185429,0.165533592861483,0.127470261859555
"18",0,0.00320378203257243,0.0107318050110737,0.0170563876487734,0.183935971944041,0.163769043632556,0.163930408274454,0.163769043632556,0.163930408274454,0.129673149549519
"19",0,0.00339658620269434,0.0105858548770636,0.0176618484551926,0.187272846324378,0.162265093144671,0.162425397788597,0.162265093144671,0.162425397788597,0.131701882274134
"20",0,0.00359013456560786,0.0104527178562602,0.0182598556841826,0.190402950087546,0.160850888052518,0.161010178818794,0.160850888052518,0.161010178818795,0.133572208063778
"21",0,0.00378437959305089,0.0103306982818781,0.0188510183438276,0.193343095694011,0.159519045264563,0.159677365165288,0.159519045264563,0.159677365165288,0.13529798722753
"22",0,0.00397927724182034,0.0102183980805051,0.0194358705023862,0.19610809757217,0.158263022771119,0.158420412073471,0.158263022771119,0.158420412073471,0.136891486913938
"23",0,0.00417478657204817,0.0101146520213183,0.0200148834769755,0.198711089427049,0.157076994222499,0.157233490747395,0.157076994222499,0.157233490747395,0.138363618562821
"24",0,0.00437086942132181,0.0100184796253842,0.0205884755689326,0.201163778956195,0.15595574654306,0.156111385913958,0.15595574654306,0.156111385913958,0.139724131514129
"25",0,0.00457174529727689,0.00992898066260479,0.0211570168871771,0.203474678900459,0.154894112228294,0.155048927573931,0.154894112228294,0.155048927573931,0.140981498648032
"26",0,0.0047731351792959,0.00984552241013658,0.0217208418299125,0.2056552049275,0.15388834998593,0.154042373134355,0.15388834998593,0.154042373134355,0.142143849412585
"27",0,0.00497500702826537,0.00976748591799151,0.0222802514981381,0.207713888645249,0.152934635489724,0.153087896613512,0.152934635489724,0.153087896613512,0.143218302703884
"28",0,0.00517733070500648,0.00969433864315686,0.0228355179351405,0.209658467393848,0.152029494878965,0.152182022628729,0.152029494878965,0.152182022628729,0.14421131030746
"29",0,0.00538007780637739,0.00962561760869384,0.0233868878150683,0.211495983826153,0.151169763299816,0.151321584921216,0.151169763299816,0.151321584921216,0.145128736501644
"30",0,0.00558322152007029,0.00956091751141004,0.0239345855411673,0.213232869286061,0.150352549369609,0.150503690807593,0.150352549369609,0.150503690807593,0.145975925786889
"31",0,0.0057867364957277,0.00949988174421557,0.0244788158817342,0.214875014606122,0.149575204588629,0.149725690578486,0.149575204588629,0.149725690578486,0.14675776093797
"32",0,0.00599059873024665,0.00944219527276027,0.0250197662317898,0.216427830638808,0.148835296951501,0.148985151100589,0.148835296951501,0.148985151100589,0.147478713022215
"33",0,0.00619478546538954,0.00938757856568507,0.0255576085443986,0.217896300403255,0.148130588127173,0.148279832988373,0.148130588127173,0.148279832988373,0.14814288479018
"34",0,0.0063992750959988,0.0093357826089958,0.0260925009951627,0.219285024151301,0.147459013604167,0.147607670742192,0.147459013604167,0.147607670742192,0.148754048455823
"35",0,0.00660404708744344,0.00928658476517324,0.0266245894240773,0.220598258510195,0.146818665345291,0.146966755396816,0.146818665345291,0.146966755396816,0.149315678728897
"36",0,0.00680908190113816,0.00923978530502877,0.0271540085902417,0.22183995063252,0.146207776576134,0.146355319304535,0.146207776576134,0.146355319304535,0.149830981809733
"37",0,0.00702088349601959,0.00919510818263843,0.0276808789169352,0.223010494881115,0.145624030286044,0.145771043916103,0.145624030286044,0.145771043916103,0.150302486118997
"38",0,0.00723291653007962,0.00915250095042558,0.0282053160795791,0.224116606114165,0.145066577909909,0.145213080602928,0.145066577909909,0.145213080602928,0.150733343300078
"39",0,0.00744516355031899,0.00911180829414179,0.0287274277758958,0.225161470108076,0.144534003303546,0.144680012485105,0.144534003303546,0.144680012485105,0.151126098694266
"40",0,0.00765760788630276,0.00907289444374292,0.0292473142507829,0.22614806112537,0.14402498583493,0.144170518233751,0.14402498583493,0.144170518233751,0.15148311415644
"41",0,0.00787023360376371,0.0090356372638428,0.0297650689672176,0.227079161897856,0.143538292594664,0.143683364278718,0.143538292594664,0.143683364278718,0.151806584520555
"42",0,0.00808302546118378,0.00899992560254088,0.0302807791879524,0.22795738023055,0.143072771168094,0.143217397579609,0.143072771168094,0.143217397579609,0.152098552022366
"43",0,0.00829596886957851,0.00896565792069914,0.0307945265024719,0.228785163622741,0.142627342995048,0.142771538980815,0.142627342995048,0.142771538980815,0.152360919132784
"44",0,0.00850904985541745,0.00893274143898358,0.0313063873161848,0.22956481225974,0.142200997362307,0.142344777202497,0.142200997362307,0.142344777202497,0.152595460000066
"45",0,0.00872225502647672,0.00890109109727057,0.0318164332754963,0.230298490770765,0.14179278603832,0.141936163473437,0.14179278603832,0.141936163473437,0.152803830806478
"46",0,0.00893557154024771,0.00887062871559779,0.0323247316483697,0.23098823877641,0.141401818422166,0.141544806678291,0.141401818422166,0.141544806678291,0.152987579118459
"47",0,0.00914898707467005,0.00884128228699631,0.0328313456666917,0.23163598039757,0.1410272571509,0.141169868963324,0.1410272571509,0.141169868963324,0.153148152345624
"48",0,0.00936248980097376,0.00881298536650099,0.0333363348352769,0.232243532855343,0.140668314115312,0.140810561750722,0.140668314115312,0.140810561750722,0.153286905409837
"49",0,0.00958615336424418,0.00878553382279527,0.0338397487150874,0.232807349710119,0.140323249433348,0.140465143658846,0.140323249433348,0.140465143658846,0.153404428203366
"50",0,0.00980988122792248,0.00875903240755635,0.0343416400312727,0.233334384216054,0.139992350910739,0.14013390311204,0.139992350910739,0.14013390311204,0.153502554071637
"51",0,0.0100336624361937,0.00873341639429085,0.0348420588420997,0.233826177621982,0.139674959672978,0.139816180825286,0.139674959672978,0.139816180825286,0.153582403708906
"52",0,0.0102574864499788,0.00870863330582733,0.0353410524181005,0.23428418872807,0.139370452341562,0.139511353026947,0.139370452341562,0.139511353026947,0.153645028361005
"53",0,0.0104813431292285,0.00868463638684582,0.0358386654438758,0.234709801672218,0.139078239264205,0.139218829688214,0.139078239264205,0.139218829688214,0.153691415462994
"54",0,0.0107052227149659,0.00866138245403808,0.0363349401816174,0.235104331297198,0.138797762496694,0.138938052506347,0.138797762496694,0.138938052506347,0.153722493346097
"55",0,0.0109291158119498,0.00863883131802764,0.0368299166311152,0.235469027771687,0.138528493715084,0.138668492812512,0.138528493715084,0.138668492812512,0.153739135412028
"56",0,0.0111530133723042,0.00861694579403463,0.037323632703799,0.235805080664588,0.138269932232855,0.138409649589067,0.138269932232855,0.138409649589067,0.15374216382143
"57",0,0.0113769066802251,0.00859569126343797,0.037816124362148,0.236113622825408,0.138021603244436,0.138161047712479,0.138021603244436,0.138161047712479,0.153732352954951
"58",0,0.011600787337541,0.00857503538870693,0.0383074257456223,0.236395733897594,0.13778305619488,0.137922236322374,0.13778305619488,0.137922236322374,0.153710432596027
"59",0,0.011824647250086,0.00855494790123149,0.0387975692858393,0.236652443542053,0.137553863269368,0.137692787310403,0.137553863269368,0.137692787310403,0.153677090861249
"60",0,0.012048478614835,0.00853540042741778,0.0392865858124963,0.236884734410913,0.137333617994531,0.137472293920995,0.137333617994531,0.137472293920995,0.153632976903285
"61",0,0.0122845582817331,0.0085161965382235,0.0397744968840742,0.237086996330387,0.137120752212688,0.137259186481936,0.137120752212688,0.137259186481936,0.153577874576335
"62",0,0.0125205874593721,0.00849750271754961,0.0402613302326336,0.237266765643976,0.136916066132509,0.137054266175547,0.136916066132509,0.137054266175547,0.153513149330357
"63",0,0.0127565588125406,0.00847928157934376,0.0407471126147041,0.237424899530133,0.136719212349377,0.136857185344797,0.136719212349377,0.136857185344797,0.153439352074931
"64",0,0.0129924652600167,0.00846150693250945,0.041231869495646,0.237562214927582,0.136529858865186,0.136667611748484,0.136529858865186,0.136667611748484,0.153357002156905
"65",0,0.0132282999671308,0.00844415651576147,0.041715625133478,0.237679493335468,0.136347688991513,0.136485228464184,0.136347688991513,0.136485228464184,0.153266590136767
"66",0,0.0134640563369789,0.00842720976693844,0.0421984026326603,0.23777748321308,0.136172400786067,0.136309733327066,0.136172400786067,0.136309733327066,0.153168579824076
"67",0,0.0136997280014496,0.00841064736528483,0.0426802240051161,0.237856901876708,0.136003706250344,0.136140838122905,0.136003706250344,0.136140838122905,0.153063410004942
"68",0,0.0139353088125708,0.00839445146048284,0.0431611102600983,0.237918437063071,0.135841330503197,0.135978267762365,0.135841330503197,0.135978267762365,0.152951495872652
"69",0,0.0141707928343896,0.00837860534207572,0.0436410814633951,0.237962748550887,0.135685011091881,0.13582175959184,0.135685011091881,0.13582175959184,0.152833230441812
"70",0,0.0144061743351817,0.00836309326962609,0.0441201567898481,0.237990469604026,0.135534497334687,0.135671062735812,0.135534497334687,0.135671062735812,0.152708985860319
"71",0,0.0146414477799951,0.00834790037128114,0.044598354571427,0.238002208301587,0.135389549699257,0.135525937474875,0.135389549699257,0.135525937474875,0.152579114627446
"72",0,0.0148766078235232,0.00833301257210301,0.0450756923417901,0.237998548779269,0.135249939217432,0.1353861546603,0.135249939217432,0.1353861546603,0.152443950727851
"73",0,0.0151273736517306,0.00831820202018211,0.0455521770325566,0.237971580770695,0.135113955331988,0.1352500019962,0.135113955331988,0.1352500019962,0.15230275186846
"74",0,0.0153780010938859,0.00830369736655473,0.0460278244659308,0.237930444445812,0.13498286050817,0.135118743331346,0.13498286050817,0.135118743331346,0.152156824948785
"75",0,0.015628485084362,0.0082894694664194,0.0465026502319656,0.23787565777933,0.134856457508087,0.134992181263832,0.134856457508087,0.134992181263832,0.152006459894084
"76",0,0.0158788207245546,0.00827550192777088,0.0469766692261823,0.237807715319856,0.134734556033901,0.134870125337314,0.134734556033901,0.134870125337314,0.151851930059206
"77",0,0.0161290032806177,0.00826178220596025,0.0474498956963432,0.237727092483124,0.13461697337749,0.134752392690714,0.13461697337749,0.134752392690714,0.151693494197547
"78",0,0.0163790281789683,0.00824829892116156,0.0479223432564246,0.23763424700955,0.134503534432481,0.134638808073556,0.134503534432481,0.134638808073556,0.151531397621822
"79",0,0.0166288910011287,0.00823504135274087,0.0483940249127203,0.237529619925233,0.134394071356794,0.134529203502889,0.134394071356794,0.134529203502889,0.151365873088811
"80",0,0.01687858747861,0.00822199980131705,0.0488649531305288,0.237413636185646,0.134288423154118,0.134423417845918,0.134288423154118,0.134423417845918,0.151197141403826
"81",0,0.0171281134881504,0.00820916523526025,0.0493351398656471,0.237286705490417,0.134186435384125,0.134321296530202,0.134186435384125,0.134321296530202,0.15102541209187
"82",0,0.0173774650470602,0.00819652913342793,0.0498045965905886,0.237149222961171,0.134087959871414,0.134222691252486,0.134087959871414,0.134222691252486,0.150850884019951
"83",0,0.0176266383087043,0.00818408340868089,0.0502733343180572,0.237001569757231,0.133992854421714,0.134127459694748,0.133992854421714,0.134127459694748,0.150673745974403
"84",0,0.0178756295581335,0.00817182036425459,0.0507413636225946,0.236844113653046,0.133900982549519,0.134035465251692,0.133900982549519,0.134035465251692,0.150494177199549
"85",0,0.0181443697585395,0.00815946261291716,0.051208682237471,0.236666424375458,0.133810332133321,0.133944693718848,0.133810332133321,0.133944693718848,0.150311009311277
"86",0,0.0184128967270009,0.00814730639683307,0.0516752996163289,0.236479803779676,0.133722632035944,0.133856875796567,0.133722632035944,0.133856875796567,0.15012567781514
"87",0,0.0186812069560285,0.00813532377441055,0.0521412253983896,0.236284580628745,0.133637765516501,0.133771894633498,0.133637765516501,0.133771894633498,0.149938342942428
"88",0,0.018949297051889,0.00812350216790626,0.0526064688004364,0.236081067788811,0.133555618554346,0.133689636102024,0.133555618554346,0.133689636102024,0.149749154878218
"89",0,0.0192171637358163,0.00811183335199168,0.0530710386512791,0.23586956684012,0.133476080981784,0.133609989931152,0.133476080981784,0.133609989931152,0.149558255594921
"90",0,0.0194848038420171,0.00810031015262419,0.0535349433869062,0.23565036923003,0.133399046803155,0.133532850029922,0.133399046803155,0.133532850029922,0.149365779722269
"91",0,0.0197522143145908,0.00808892583888428,0.0539981910616197,0.23542375686399,0.133324414058754,0.133458114344356,0.133324414058754,0.133458114344356,0.149171855114696
"92",0,0.0200193922043129,0.0080776746073877,0.0544607894118829,0.235190002336436,0.133252084567669,0.133385684601872,0.133252084567669,0.133385684601872,0.148976603100897
"93",0,0.0202863346657307,0.00806655116165711,0.0549227458771891,0.234949369414171,0.133181963815961,0.133315466199554,0.133181963815961,0.133315466199554,0.148780138850222
"94",0,0.0205530389542372,0.00805555053591946,0.0553840676154953,0.234702113380959,0.133113960827614,0.133247368075084,0.133113960827614,0.133247368075084,0.148582571707993
"95",0,0.0208195024231745,0.00804466801841758,0.0558447615162891,0.234448481334956,0.133047988030129,0.133181302572258,0.133047988030129,0.133181302572258,0.148384005502389
"96",0,0.0210857225209965,0.00803389911436191,0.0563048342123519,0.234188712466559,0.132983961121038,0.133117185307413,0.132983961121038,0.133117185307413,0.148184538828829
"97",0,0.0213722832490666,0.00802296156489023,0.0567642792817896,0.233911899847838,0.132919855401329,0.133052989475718,0.132919855401329,0.133052989475718,0.147982886302322
"98",0,0.0216585665282145,0.00801216302588596,0.0572231025610059,0.233629593581062,0.132857508088334,0.132990554226448,0.132857508088334,0.132990554226448,0.147780449674266
"99",0,0.021944570020762,0.00800147790904405,0.0576813102441633,0.233342008059829,0.132796848237343,0.132929808538993,0.132796848237343,0.132929808538993,0.14757732021353
"100",0,0.0222302914674464,0.00799089612144823,0.0581389082490783,0.23304934622685,0.132737805604425,0.132870682095846,0.132737805604425,0.132870682095846,0.147373582534635
"101",0,0.0225157286904389,0.00798041186874345,0.058595902244937,0.232751804015539,0.132680311908626,0.132813106545015,0.132680311908626,0.132813106545015,0.147169316273059
"102",0,0.022800879592759,0.00797002029925782,0.0590522976401106,0.232449571298594,0.132624301258424,0.132757015931003,0.132624301258424,0.132757015931003,0.146964596790424
"103",0,0.0230857421564192,0.00795971689009271,0.0595080995865258,0.232142832286881,0.132569710106206,0.13270234664214,0.132569710106206,0.13270234664214,0.146759495583389
"104",0,0.0233703144403531,0.00794949795555664,0.0599633130387997,0.231831765571855,0.132516477072397,0.132649037236354,0.132516477072397,0.132649037236354,0.146554080375934
"105",0,0.0236545945786202,0.00793936022179921,0.0604179427695284,0.231516544439859,0.132464542914185,0.132597028410052,0.132464542914185,0.132597028410052,0.14634841534172
"106",0,0.0239385807785286,0.00792930065224864,0.0608719933793581,0.231197337054214,0.132413850471722,0.13254626294433,0.132413850471722,0.13254626294433,0.146142561303545
"107",0,0.0242222713187306,0.00791931637468827,0.061325469304952,0.230874306598728,0.132364344604322,0.132496685641134,0.132364344604322,0.132496685641134,0.145936575911988
"108",0,0.0245056645473282,0.00790940464857434,0.0617783748259164,0.230547611410178,0.132315972123422,0.132448243256173,0.132315972123422,0.132448243256173,0.145730513808814
"109",0,0.0248116376380526,0.00789925425859737,0.0622306998331738,0.23020506014762,0.132266512631478,0.13239871308034,0.132266512631478,0.13239871308034,0.14552289669892
"110",0,0.025117273994833,0.00788920856242515,0.0626824479612886,0.229859361318988,0.132218053805925,0.132350184974405,0.132218053805925,0.132350184974405,0.145315230601805
"111",0,0.0254225721956021,0.0078792413016021,0.0631336233535962,0.229510656108167,0.132170552750773,0.132302615989314,0.132170552750773,0.132302615989314,0.14510756956086
"112",0,0.0257275308702156,0.00786934319258482,0.0635842299532351,0.229159076406168,0.132123965959906,0.132255962567503,0.132123965959906,0.132255962567503,0.144899962522979
"113",0,0.0260321487053798,0.00785950960706999,0.0640342715293726,0.228804749542556,0.132078250772577,0.132210181998659,0.132078250772577,0.132210181998659,0.14469245507315
"114",0,0.0263364244452321,0.00784973687638054,0.0644837516592806,0.228447799190735,0.13203336590474,0.132165232956111,0.13203336590474,0.132165232956111,0.144485090106671
"115",0,0.0266403568903544,0.00784002162037498,0.0649326737289873,0.228088345682172,0.131989271454418,0.132121075494288,0.131989271454418,0.132121075494288,0.144277908180699
"116",0,0.0269439448964809,0.00783036131728101,0.0653810409949384,0.227726505934321,0.131945928759726,0.132077670908588,0.131945928759726,0.132077670908588,0.144070947520351
"117",0,0.0272471873734962,0.00782075383525282,0.0658288565971634,0.227362393686612,0.131903300414867,0.132034981751573,0.131903300414867,0.132034981751573,0.143864244174597
"118",0,0.0275500832842887,0.00781119724223512,0.0662761235668567,0.226996119595208,0.131861350258515,0.131992971821397,0.131861350258515,0.131992971821397,0.143657832151586
"119",0,0.0278526316435331,0.00780168972826199,0.0667228448318016,0.226627791290307,0.131820043348672,0.131951606136641,0.131820043348672,0.131951606136641,0.14345174353547
"120",0,0.0281548315164465,0.00779222957216141,0.0671690232208067,0.226257513426195,0.131779345931634,0.131910850905265,0.131779345931634,0.131910850905265,0.143246008590591
"121",0,0.0284800875219161,0.00778249933174143,0.0676146468840108,0.22587281703886,0.131736991530834,0.131868437292657,0.131736991530834,0.131868437292657,0.143039091576489
"122",0,0.0288049529230689,0.00777285122262372,0.0680597181082806,0.225486595760544,0.13169514951605,0.131826536930638,0.13169514951605,0.131826536930638,0.142832509092108
"123",0,0.0291294270369703,0.00776325947030281,0.0685042397555117,0.225098941816784,0.131653794483159,0.131785124377793,0.131653794483159,0.131785124377793,0.142626294198529
"124",0,0.0294535092128168,0.00775371552546469,0.0689482145347822,0.224709939693706,0.131612899728094,0.131744172893921,0.131612899728094,0.131744172893921,0.1424204757892
"125",0,0.0297771988381035,0.00774421553986976,0.0693916450272396,0.224319670863282,0.131572438759215,0.131703655952683,0.131572438759215,0.131703655952683,0.142215080307709
"126",0,0.0301004953399933,0.00773475660383142,0.0698345336656629,0.223928214632319,0.131532385867948,0.13166354781745,0.131532385867948,0.13166354781745,0.142010132387397
"127",0,0.0304233981849357,0.0077253360686631,0.0702768827333277,0.223535648399107,0.131492716159757,0.131623823564172,0.131492716159757,0.131623823564172,0.141805655166108
"128",0,0.030745906877923,0.00771595213194936,0.0707186944253089,0.223142047521659,0.131453405433627,0.131584458962769,0.131453405433627,0.131584458962769,0.141601670250367
"129",0,0.0310680209620436,0.00770660335934589,0.0711599708601919,0.22274748550407,0.131414430222155,0.131545430517438,0.131414430222155,0.131545430517438,0.141398197835163
"130",0,0.0313897400178524,0.00769728849149589,0.0716007140861617,0.222352034040872,0.131375767802169,0.131506715477331,0.131375767802169,0.131506715477331,0.141195256804618
"131",0,0.0317110636626404,0.00768800636587077,0.0720409260849578,0.221955763025688,0.131337396190401,0.131468291832225,0.131337396190401,0.131468291832225,0.140992864815591
"132",0,0.032031991549653,0.00767875588397369,0.0724806087748914,0.221558740554875,0.131299294132111,0.131430138301137,0.131299294132111,0.131430138301137,0.140791038370111
"133",0,0.0323788828552836,0.00766917996268889,0.0729197475602782,0.221146959675089,0.131258904524544,0.131389695124307,0.131258904524544,0.131389695124307,0.140588030648959
"134",0,0.0327253291366973,0.00765967638029126,0.0733583438429103,0.220734814423323,0.131218706694317,0.131349444209372,0.131218706694317,0.131349444209372,0.140385534409399
"135",0,0.0330713303394518,0.00765021693846679,0.0737963997153491,0.220322362935246,0.131178687137766,0.131309372026175,0.131178687137766,0.131309372026175,0.140183571743605
"136",0,0.0334168864235785,0.00764079274149273,0.0742339171385948,0.219909656062962,0.131138830362805,0.131269463057008,0.131138830362805,0.131269463057008,0.139982160793746
"137",0,0.0337619973717782,0.0076314001459814,0.0746708979688222,0.219496742612327,0.131099120609322,0.131229701517326,0.131099120609322,0.131229701517326,0.139781317647796
"138",0,0.0341066631917595,0.00762203653287738,0.0751073439326977,0.219083670243517,0.131059542511741,0.131190072024201,0.131059542511741,0.131190072024201,0.139581057027266
"139",0,0.0344508839164237,0.00761269955382395,0.0755432566249285,0.218670485712917,0.131020081151375,0.131150559639544,0.131020081151375,0.131150559639544,0.139381392610069
"140",0,0.0347946596035907,0.00760338779176111,0.0759786375760908,0.21825723468359,0.13098072193814,0.131111149753978,0.13098072193814,0.131111149753978,0.139182336960732
"141",0,0.0351379903360676,0.00759410022201744,0.0764134882645373,0.217843961895681,0.130941450672745,0.131071828149284,0.130941450672745,0.131071828149284,0.138983901637639
"142",0,0.0354808762214746,0.00758483599546336,0.0768478101220228,0.217430711178064,0.130902253574846,0.131032581026626,0.130902253574846,0.131032581026626,0.13878609728003
"143",0,0.0358233173919312,0.00757559435122903,0.0772816045369725,0.217017525421308,0.13086311729363,0.130993395017156,0.13086311729363,0.130993395017156,0.138588933676986
"144",0,0.0361653140036617,0.00756637458057021,0.0777148728567405,0.216604446546487,0.130824028909787,0.130954257183974,0.130824028909787,0.130954257183974,0.138392419825018
"145",0,0.036535251824398,0.00755679206014813,0.0781475986370299,0.216176464047066,0.130782219239587,0.130912395469674,0.130782219239587,0.130912395469674,0.138194664012834
"146",0,0.0369046898694934,0.00754727616489317,0.0785797827250786,0.21574894844331,0.130740392608134,0.130870517011546,0.130740392608134,0.130870517011546,0.137997483557865
"147",0,0.0372736286309819,0.00753779699851092,0.0790114267371252,0.215321933337998,0.13069854350391,0.130828616279328,0.13069854350391,0.130828616279328,0.137800894728908
"148",0,0.0376420686003818,0.00752834539571493,0.0794425321706092,0.214895445392005,0.130656663966711,0.130786685294751,0.130656663966711,0.130786685294751,0.137604909918366
"149",0,0.038010010278733,0.00751891782520634,0.0798731004324298,0.214469509905439,0.130614745451124,0.130744715495353,0.130614745451124,0.130744715495353,0.137409539665237
"150",0,0.0383774541797973,0.00750951183867508,0.0803031328112863,0.214044151750321,0.130572779552627,0.130702698466946,0.130572779552627,0.130702698466946,0.137214793380774
"151",0,0.0387444008307257,0.00750012526890007,0.0807326304746016,0.213619395599801,0.130530758073353,0.130660625999531,0.130530758073353,0.130660625999531,0.137020679680203
"152",0,0.0391108507721798,0.00749075694155511,0.0811615945410199,0.213195265698797,0.130488672904597,0.130618489972147,0.130488672904597,0.130618489972147,0.136827206292961
"153",0,0.03947680455884,0.00748140609340381,0.0815900260925429,0.212771786023341,0.130446516103641,0.13057628242997,0.130446516103641,0.13057628242997,0.13663438016465
"154",0,0.0398422627596167,0.00747207213867166,0.0820179261799177,0.212348980269426,0.130404279933339,0.130533995623986,0.130404279933339,0.130533995623986,0.136442207537719
"155",0,0.0402072259576841,0.00746275457525239,0.0824452958255031,0.211926871801238,0.130361956882318,0.130491622031219,0.130361956882318,0.130491622031219,0.136250694013248
"156",0,0.0405716947504089,0.00745345294614895,0.0828721360250709,0.211505483595893,0.130319539675499,0.13044915436525,0.130319539675499,0.13044915436525,0.136059844600979
"157",0,0.0409663890031426,0.00744375067240552,0.0832984285003273,0.211068670625274,0.130274008842457,0.130403570025976,0.130274008842457,0.130403570025976,0.135867603461985
"158",0,0.0413605266309034,0.00743411343876137,0.083724173745268,0.210632927403531,0.130228326513398,0.130357834221535,0.130228326513398,0.130357834221535,0.135675937311671
"159",0,0.0417541086202706,0.00742450918409315,0.0841493731028757,0.210198269497904,0.130182492827241,0.130311947077635,0.130182492827241,0.130311947077635,0.135484859785103
"160",0,0.0421471359433511,0.0074149282532115,0.0845740278022212,0.209764705599669,0.130136505066156,0.130265905863784,0.130136505066156,0.130265905863784,0.135294380541667
"161",0,0.0425396095699395,0.00740536707676996,0.0849981389888643,0.209332243521625,0.130090359680507,0.130219707018605,0.130090359680507,0.130219707018605,0.135104507444577
"162",0,0.0429315304716461,0.00739582324291153,0.0854217076940658,0.208900891181286,0.13004405308393,0.1301733469518,0.13004405308393,0.1301733469518,0.134915247338632
"163",0,0.0433228996230335,0.00738629463988742,0.0858447348313915,0.208470656826408,0.129997581729898,0.130126822110068,0.129997581729898,0.130126822110068,0.134726606399349
"164",0,0.0437137180021073,0.00737678022597743,0.0862672212749322,0.208041548770382,0.129950941990901,0.130080128858807,0.129950941990901,0.130080128858807,0.134538590027184
"165",0,0.0441039865912501,0.00736727939773976,0.08668916787202,0.207613575548723,0.129904130248056,0.130033263572028,0.129904130248056,0.130033263572028,0.134351202950098
"166",0,0.0444937063777955,0.00735779173669652,0.0871105754486407,0.207186745891029,0.129857142939954,0.129986222681317,0.129857142939954,0.129986222681317,0.134164449303295
"167",0,0.0448828783543838,0.00734831690776913,0.0875314448121208,0.206761068649611,0.129809976590235,0.129939002703425,0.129809976590235,0.129939002703425,0.133978332688794
"168",0,0.0452715035191854,0.00733885461770312,0.0879517767526756,0.206336552724993,0.129762627824383,0.129891600257075,0.129762627824383,0.129891600257075,0.133792856222528
"169",0,0.045692139036674,0.00732896293375714,0.0883715516091265,0.20589620724674,0.129711868829064,0.129840784186733,0.129711868829064,0.129840784186733,0.133605833142109
"170",0,0.0461121590891643,0.00731913632248086,0.0887907696675191,0.205457366236497,0.129660875110489,0.129789733296233,0.129660875110489,0.129789733296233,0.133419351870895
"171",0,0.0465315651178339,0.00730934097272226,0.0892094321242121,0.205020031775186,0.129609650777584,0.129738451685349,0.129609650777584,0.129738451685349,0.133233425084179
"172",0,0.0469503585365605,0.00729956680783987,0.0896275400635658,0.204584199105091,0.129558196774999,0.129686940290024,0.129558196774999,0.129686940290024,0.133048061356895
"173",0,0.047368540746197,0.00728981019696907,0.0900450944902196,0.204149862953453,0.129506513036009,0.129635199035681,0.129506513036009,0.129635199035681,0.132863267469781
"174",0,0.0477861131396026,0.00728006872514233,0.0904620962957585,0.203717018554613,0.129454599332424,0.129583227694439,0.129454599332424,0.129583227694439,0.132679049231157
"175",0,0.0482030771032242,0.00727034029587723,0.0908785462553168,0.203285661871344,0.129402455358643,0.129531025957866,0.129402455358643,0.129531025957866,0.13249541184122
"176",0,0.0486194340179305,0.00726062394586168,0.0912944451104377,0.202855789303287,0.129350080607759,0.129478593315765,0.129350080607759,0.129478593315765,0.132312359775436
"177",0,0.0490351852603459,0.00725091917295197,0.091709793582316,0.202427397841697,0.129297474470859,0.129425929155804,0.129297474470859,0.129425929155804,0.132129896889363
"178",0,0.0494503322037632,0.00724122566701756,0.09212459237729,0.202000485028419,0.129244636292748,0.129373032819357,0.129244636292748,0.129373032819357,0.131948026499299
"179",0,0.0498648762187971,0.00723154320208712,0.0925388421894399,0.201575048869414,0.129191565404866,0.129319903634447,0.129191565404866,0.129319903634447,0.131766751441636
"180",0,0.050278818673877,0.00722187159231826,0.0929525437019867,0.201151087745479,0.129138261146578,0.129266540937051,0.129138261146578,0.129266540937051,0.131586074119082
"181",0,0.0507272340052377,0.00721173429474663,0.0933656755408982,0.200710434898731,0.129081214023486,0.129209431602197,0.129081214023486,0.129209431602197,0.131403630009021
"182",0,0.0511749706637599,0.00720166485150983,0.0937782378682391,0.200271607417074,0.12902388316318,0.129152038347805,0.12902388316318,0.129152038347805,0.131221676177447
"183",0,0.0516220305306638,0.0071916269356831,0.0941902318338348,0.199834597005444,0.128966275721045,0.129094368322994,0.128966275721045,0.129094368322994,0.131040225606297
"184",0,0.0520684154466137,0.00718160978925122,0.0946016584723914,0.199399388334136,0.128908395345116,0.129036425169922,0.128908395345116,0.129036425169922,0.130859286927531
"185",0,0.0525141272286521,0.00717160959828193,0.0950125187384589,0.198965965825949,0.128850244501477,0.128978211349621,0.128850244501477,0.128978211349621,0.130678866906462
"186",0,0.0529591676763198,0.00716162384951652,0.0954228134698685,0.198534314742417,0.128791825396008,0.128919729071621,0.128791825396008,0.128919729071621,0.13049897132662
"187",0,0.0534035385737262,0.00715165037602566,0.0958325433844538,0.198104421408146,0.128733140066257,0.128860980373647,0.128733140066257,0.128860980373647,0.13031960537784
"188",0,0.0538472416907437,0.00714168823266859,0.0962417091693729,0.197676272889674,0.128674190250919,0.128801966993982,0.128674190250919,0.128801966993982,0.13014077352774
"189",0,0.0542902787847839,0.00713173696946968,0.0966503114952355,0.197249857154573,0.128614977499922,0.128742690481911,0.128614977499922,0.128742690481911,0.12996247963227
"190",0,0.0547326516020682,0.00712179634086204,0.097058351021863,0.196825163019231,0.128555503237237,0.128683152260666,0.128555503237237,0.128683152260666,0.129784727020168
"191",0,0.0551743618785935,0.00711186618920546,0.097465828400923,0.196402180047972,0.128495768798916,0.128623353665488,0.128495768798916,0.128623353665488,0.129607518554498
"192",0,0.0556154113409016,0.00710194639732659,0.0978727442772756,0.195980898449498,0.12843577545845,0.128563295969009,0.12843577545845,0.128563295969009,0.129430856680081
"193",0,0.0560944082211395,0.00709151203482955,0.098279074994537,0.195541478805192,0.128371623397088,0.12849907532137,0.128371623397088,0.12849907532137,0.129252128507386
"194",0,0.0565726555016409,0.00708115112170807,0.0986848206426831,0.195104132957807,0.12830716124057,0.128434544341077,0.12830716124057,0.128434544341077,0.129073828612867
"195",0,0.0570501555180478,0.00707082372321697,0.0990899824033972,0.19466884417873,0.128242398705266,0.128369712740251,0.128242398705266,0.128369712740251,0.128895971285574
"196",0,0.0575269105505035,0.00706051805511442,0.0994945613349391,0.194235588250562,0.128177341573825,0.128304586297658,0.128177341573825,0.128304586297658,0.128718566065916
"197",0,0.0580029228441403,0.00705022997910534,0.0998985584109273,0.193804340916308,0.128111994260466,0.128239169424462,0.128111994260466,0.128239169424462,0.128541620479663
"198",0,0.0584781946166067,0.00703995678002954,0.100301974479456,0.193375079062791,0.128046360831091,0.128173466193027,0.128046360831091,0.128173466193027,0.128365141012881
"199",0,0.0589527280607292,0.00702969612952419,0.100704810260024,0.192947780955306,0.12798044510465,0.128107480424862,0.12798044510465,0.128107480424862,0.128189133535392
"200",0,0.0594265253461276,0.00701944704632291,0.101107066441974,0.192522425879758,0.127914250511757,0.128041215552424,0.127914250511757,0.128041215552424,0.128013603157456
"201",0,0.0598995886215195,0.00700920909363581,0.101508743699958,0.192098994312316,0.127847780218232,0.127974674743051,0.127847780218232,0.127974674743051,0.127838554350004
"202",0,0.0603719200164143,0.00699898205825985,0.101909842700184,0.191677467855935,0.127781037196284,0.127907860970303,0.127781037196284,0.127907860970303,0.127663991036032
"203",0,0.060843521642436,0.00698876582203096,0.102310364103209,0.191257829123538,0.12771402426827,0.127840777057736,0.12771402426827,0.127840777057736,0.127489916656775
"204",0,0.0613143955944048,0.0069785603095266,0.102710308565314,0.190840061618539,0.127646744136343,0.12777342570859,0.127646744136343,0.12777342570859,0.127316334222352
"205",0,0.0618254062993204,0.00696780968596532,0.10310965100637,0.190403336285375,0.127575029597457,0.127701635415382,0.127575029597457,0.127701635415382,0.127140466697292
"206",0,0.0623355910096892,0.00695713685072056,0.103508391511242,0.189968866832092,0.127502996789314,0.127629526584062,0.127502996789314,0.127629526584062,0.126964967049503
"207",0,0.0628449525154348,0.00694649955412725,0.103906531322283,0.189536629739234,0.127430657241886,0.127557110741955,0.127430657241886,0.127557110741955,0.126789850901239
"208",0,0.0633534935366844,0.00693588534975323,0.104304071552642,0.189106593781025,0.127358018266391,0.127484395197958,0.127358018266391,0.127484395197958,0.126615128851198
"209",0,0.0638612167475453,0.00692528988720452,0.104701013227685,0.188678727886998,0.127285085675991,0.127411385763738,0.127285085675991,0.127411385763738,0.12644080937111
"210",0,0.0643681247849542,0.0069147103143257,0.105097357241117,0.188253002381414,0.127211864870816,0.127338087847951,0.127211864870816,0.127338087847951,0.126266899840654
"211",0,0.0648742202519103,0.00690414419587145,0.105493104352412,0.187829389218118,0.127138360945021,0.12726450654909,0.127138360945021,0.12726450654909,0.126093406993469
"212",0,0.065379505719506,0.00689359052538418,0.105888255291132,0.187407861597332,0.12706457853926,0.12719064651134,0.12706457853926,0.12719064651134,0.125920336765447
"213",0,0.0658839837297414,0.00688304887295287,0.106282810773285,0.186988394139365,0.126990521973486,0.127116512057793,0.126990521973486,0.127116512057793,0.125747694422096
"214",0,0.0663876567976308,0.00687251904475827,0.106676771507882,0.186570962811279,0.126916195323986,0.127042107267645,0.126916195323986,0.127042107267645,0.125575484655189
"215",0,0.0668905274128726,0.00686200094667553,0.107070138199836,0.186155544797504,0.126841602471205,0.126967436024052,0.126841602471205,0.126967436024052,0.125403711652598
"216",0,0.0673925980412391,0.00685149452884822,0.107462911551358,0.185742118368022,0.126766747132521,0.12689250204693,0.126766747132521,0.12689250204693,0.125232379151631
"217",0,0.0679375953116551,0.00684040500613469,0.107855064720013,0.18530857894741,0.126687127763054,0.126812799144734,0.126687127763054,0.126812799144734,0.125058502199211
"218",0,0.0684816823045609,0.0068293991814142,0.108246597811662,0.184877437158289,0.126607193497268,0.126732781063224,0.126607193497268,0.126732781063224,0.12488493442309
"219",0,0.0690248622894768,0.00681843185002538,0.108637512170981,0.184448663870098,0.126526957440481,0.126652460906175,0.126526957440481,0.126652460906175,0.124711693126108
"220",0,0.0695671384501938,0.00680748970352135,0.109027809004744,0.184022221870582,0.126446428144084,0.126571847223738,0.126446428144084,0.126571847223738,0.124538790235313
"221",0,0.0701085139125972,0.00679656809920171,0.109417489426576,0.183598074257234,0.126365612521394,0.126490946928842,0.126365612521394,0.126490946928842,0.124366235403918
"222",0,0.0706489917551099,0.0067856639891317,0.10980655440939,0.183176185752924,0.126284517013263,0.126409766472624,0.126284517013263,0.126409766472624,0.124194037121669
"223",0,0.071188575012586,0.00677477478047705,0.110195004783418,0.182756522945566,0.126203147701552,0.126328311942712,0.126203147701552,0.126328311942712,0.124022203189426
"224",0,0.07172726667881,0.00676389941238936,0.110582841347975,0.182339053876313,0.12612151015304,0.126246588910748,0.12612151015304,0.126246588910748,0.123850740556936
"225",0,0.0722650697099008,0.00675303744152174,0.110970064888958,0.18192374822147,0.126039609563024,0.12616460257644,0.126039609563024,0.12616460257644,0.123679655459221
"226",0,0.0728019870268864,0.00674218867700121,0.111356676185846,0.181510577209705,0.125957450838963,0.126082357851372,0.125957450838963,0.126082357851372,0.123508953519891
"227",0,0.0733380215177646,0.00673135303416849,0.111742676014765,0.181099513479546,0.125875038652729,0.125999859411297,0.125875038652729,0.125999859411297,0.123338639825704
"228",0,0.0738731760392345,0.00672053047520589,0.112128065149951,0.180690530934584,0.125792377476629,0.125917111732186,0.125792377476629,0.125917111732186,0.123168718983395
"229",0,0.0744560285085489,0.00670906048112732,0.112512813771435,0.180259277407219,0.125704419148607,0.125829061444527,0.125704419148607,0.125829061444527,0.122995858645403
"230",0,0.0750378719356113,0.00669768381660335,0.11289692200662,0.179830555096075,0.125616155079258,0.125740705129589,0.125616155079258,0.125740705129589,0.122823246727396
