"","Alive","Death","ODN","ODF","REL","BUP","BUPC","MET","METC","ABS"
"0",0,1.11022302462516e-16,0,0,0,0.25,0.25,0.25,0.25,0
"1",0,0.000143334515837368,0.0396476998478453,0.00197213817523869,0.028331159607293,0.225393627061623,0.225393627061623,0.225393627061623,0.225393627061623,0.028331159607293
"2",0,0.000303541899115745,0.0230906636019234,0.00307295045166769,0.0602971008473965,0.216975647765249,0.216975647765249,0.216975647765249,0.216975647765249,0.0453331521389009
"3",0,0.000466968267557544,0.0196622694749357,0.00402286378827209,0.079360989987073,0.209786415032711,0.209786415032711,0.209786415032711,0.209786415032711,0.057341248351318
"4",0,0.000633940666045385,0.0174709220976368,0.00486805662669192,0.0946684191883529,0.2038526741377,0.2038526741377,0.2038526741377,0.2038526741377,0.0669479648704721
"5",0,0.000803926188586934,0.00726072545668313,0.00520803244284458,0.109775090428238,0.199919510513614,0.199919510513614,0.199919510513614,0.199919510513614,0.0772741834291934
"6",0,0.000974742376227966,0.00656958191156392,0.00552561241104198,0.118628159804725,0.195704267275332,0.195704267275332,0.195704267275332,0.195704267275332,0.0854848343951116
"7",0,0.00114736951096805,0.00576450865362838,0.00580407156746385,0.126493278349864,0.192026248907588,0.192026248907588,0.192026248907588,0.192026248907588,0.0926857762877227
"8",0,0.00132157584646297,0.00535067289898609,0.00606289013386926,0.133337814819927,0.188721677700259,0.188721677700259,0.188721677700259,0.188721677700259,0.099040335499719
"9",0,0.00149723419150061,0.00504617120321246,0.00630706370769167,0.139461162227349,0.185743996475086,0.185743996475086,0.185743996475086,0.185743996475086,0.104712382769901
"10",0,0.00167421496651077,0.00473836406797558,0.00653629280175699,0.14500260969971,0.183055113322241,0.183055113322241,0.183055113322241,0.183055113322241,0.109828065175082
"11",0,0.00185239007879723,0.00456594093345505,0.00675730677998682,0.150013935700343,0.180591545584829,0.180591545584829,0.180591545584829,0.180591545584829,0.114444244168103
"12",0,0.00203167660363479,0.00442101241604124,0.00697132261637995,0.154612232903833,0.17833210528511,0.17833210528511,0.17833210528511,0.17833210528511,0.118635334319672
"13",0,0.00221396376317418,0.00430265635716264,0.00717962680277086,0.158847419174373,0.176250565949661,0.176250565949661,0.176250565949661,0.176250565949661,0.122454070103876
"14",0,0.00239721592547548,0.00420176363484671,0.007383056470483,0.1627654375174,0.174326914915574,0.174326914915574,0.174326914915574,0.174326914915574,0.1259448667895
"15",0,0.00258136679702958,0.00411387678234823,0.00758223723845548,0.16640189441991,0.172544007329993,0.172544007329993,0.172544007329993,0.172544007329993,0.129144595442285
"16",0,0.00276635661240288,0.00403759044140265,0.00777773016727556,0.169785996243669,0.170887072995337,0.170887072995337,0.170887072995337,0.170887072995337,0.1320840345539
"17",0,0.00295213151017071,0.0039699121866447,0.00796994943245685,0.172943090509168,0.16934378924561,0.16934378924561,0.16934378924561,0.16934378924561,0.134789759379122
"18",0,0.00313864234145467,0.00390944715502088,0.00815924322265304,0.175894345113173,0.167903436940015,0.167903436940015,0.167903436940015,0.167903436940015,0.137284574407637
"19",0,0.00332584414789572,0.00385499593514097,0.00834590181271744,0.1786580747494,0.166556722528804,0.166556722528804,0.166556722528804,0.166556722528804,0.139588293239631
"20",0,0.00351369560591341,0.00380565284701445,0.00853017188161231,0.181250184234652,0.165295514530333,0.165295514530333,0.165295514530333,0.165295514530333,0.141718237309478
"21",0,0.00370215858457246,0.00376070784274118,0.00871226590216278,0.183684606891601,0.164112654478188,0.164112654478188,0.164112654478188,0.164112654478188,0.143689642866172
"22",0,0.00389119777450797,0.00371956485789559,0.00889236757478093,0.185973638592604,0.163001809728254,0.163001809728254,0.163001809728254,0.163001809728254,0.145515992287194
"23",0,0.00408078036866455,0.00368174410668939,0.00907063746586789,0.188128183739142,0.161957345681592,0.161957345681592,0.161957345681592,0.161957345681592,0.147209271593269
"24",0,0.00427087579543595,0.00364684476413954,0.00924721679692241,0.190157970008163,0.160974226757127,0.160974226757127,0.160974226757127,0.160974226757127,0.148780185606832
"25",0,0.00446557996349395,0.00361451224892483,0.00942222969767364,0.192069909959237,0.160047431187701,0.160047431187701,0.160047431187701,0.160047431187701,0.150238043379865
"26",0,0.00466075030088564,0.00358448180034822,0.00959578746780745,0.193873669871315,0.159173389249355,0.159173389249355,0.159173389249355,0.159173389249355,0.151591753562224
"27",0,0.00485636114604937,0.00355650989677409,0.00976798966901896,0.195576344147419,0.158348418463665,0.158348418463665,0.158348418463665,0.158348418463665,0.152849121286079
"28",0,0.00505238835629296,0.00353038717493348,0.00993892575014678,0.197184370007145,0.15756917779798,0.15756917779798,0.15756917779798,0.15756917779798,0.154017217519562
"29",0,0.00524880917444437,0.00350593258254076,0.0101086764132445,0.198703608168328,0.156832626753158,0.156832626753158,0.156832626753158,0.156832626753158,0.15510246664881
"30",0,0.00544560211142697,0.00348298831325341,0.010277314734836,0.200139411413728,0.156135990554676,0.156135990554676,0.156135990554676,0.156135990554676,0.156110721208051
"31",0,0.00564274684231991,0.00346141643386481,0.0104449071256908,0.201496683065108,0.155476730158502,0.155476730158502,0.155476730158502,0.155476730158502,0.157047325899009
"32",0,0.00584022411418572,0.00344109578011828,0.0106115141403583,0.202779927187902,0.154852516486978,0.154852516486978,0.154852516486978,0.154852516486978,0.157917172829523
"33",0,0.00603801566392914,0.0034219193381995,0.0107771911602543,0.20399329184087,0.154261208146887,0.154261208146887,0.154261208146887,0.154261208146887,0.158724749409201
"34",0,0.00623610414479503,0.00340379219438782,0.0109419889780191,0.205140606460588,0.153700832047479,0.153700832047479,0.153700832047479,0.153700832047479,0.159474180032295
"35",0,0.00643447306038036,0.00338662983380523,0.0111059542997891,0.206225414370578,0.153169566480754,0.153169566480754,0.153169566480754,0.153169566480754,0.160169262512431
"36",0,0.00663310670519801,0.00337035672811969,0.0112691301793228,0.207251001164886,0.152665726292458,0.152665726292458,0.152665726292458,0.152665726292458,0.160813500052642
"37",0,0.00683830953018538,0.00335487904518591,0.0114315551677323,0.208217451401168,0.15218703518299,0.15218703518299,0.15218703518299,0.15218703518299,0.161409664123767
"38",0,0.00704375328702589,0.00334016354264827,0.0115932661406747,0.209130611198111,0.151732754577049,0.151732754577049,0.151732754577049,0.151732754577049,0.161961187523345
"39",0,0.00724942392057137,0.00332615496492298,0.0117542973328541,0.209993127830364,0.151301536964677,0.151301536964677,0.151301536964677,0.151301536964677,0.162470848092581
"40",0,0.00745530799770655,0.00331280315377082,0.0119146805523596,0.210807475138781,0.150892127441246,0.150892127441246,0.150892127441246,0.150892127441246,0.162941223392397
"41",0,0.00766139266971622,0.00330006281066998,0.0120744454160711,0.211575968023059,0.150503355684746,0.150503355684746,0.150503355684746,0.150503355684746,0.1633747083415
"42",0,0.00786766563771713,0.00328789243825772,0.0122336195326817,0.212300775833316,0.150134128892253,0.150134128892253,0.150134128892253,0.150134128892253,0.163773530989017
"43",0,0.00807411512071965,0.00327625437727294,0.0123922286889023,0.212983934405608,0.149783425223323,0.149783425223323,0.149783425223323,0.149783425223323,0.164139766514207
"44",0,0.00828072982636563,0.00326511438119074,0.012550297014481,0.213627356947692,0.149450288001966,0.149450288001966,0.149450288001966,0.149450288001966,0.164475349822409
"45",0,0.00848749892396627,0.00325444108706882,0.0127078471213791,0.214232843843673,0.149133820523881,0.149133820523881,0.149133820523881,0.149133820523881,0.164782086928388
"46",0,0.00869441201955734,0.00324420571568781,0.0128649002287168,0.214802091409663,0.148833181352464,0.148833181352464,0.148833181352464,0.148833181352464,0.165061665216518
"47",0,0.00890145913280838,0.00323438180130223,0.0130214762746505,0.215336699808891,0.148547580065208,0.148547580065208,0.148547580065208,0.148547580065208,0.165315662721518
"48",0,0.00910863067560841,0.00322494496281216,0.0131775940172014,0.215838180213402,0.148276273398129,0.148276273398129,0.148276273398129,0.148276273398129,0.165545556538459
"49",0,0.00932570545494316,0.00321583393598543,0.0133332693026414,0.216303201023445,0.148017497992443,0.148017497992443,0.148017497992443,0.148017497992443,0.165751998313214
"50",0,0.00954288824852356,0.0032070687978738,0.0134885188478138,0.21673794678508,0.147771649611112,0.147771649611112,0.147771649611112,0.147771649611112,0.16593697887626
"51",0,0.00976017015705211,0.00319862994958002,0.013643358467707,0.217143693013211,0.147538107460102,0.147538107460102,0.147538107460102,0.147538107460102,0.166101718572041
"52",0,0.00997754261463302,0.00319049895212643,0.0137978030843171,0.217521650607479,0.147316285440137,0.147316285440137,0.147316285440137,0.147316285440137,0.166247362980897
"53",0,0.0101949973735856,0.00318265899935129,0.0139518668064315,0.217872969224241,0.147105629796857,0.147105629796857,0.147105629796857,0.147105629796857,0.166374988408961
"54",0,0.0104125264900538,0.00317509405810134,0.0141055629660093,0.21819874111059,0.146905617116607,0.146905617116607,0.146905617116607,0.146905617116607,0.166485606908816
"55",0,0.0106301223101908,0.00316778943977198,0.014258904184102,0.218500004753417,0.146715752155573,0.146715752155573,0.146715752155573,0.146715752155573,0.166580170690227
"56",0,0.010847777457362,0.00316073170133298,0.0144119024311794,0.218777748346284,0.146535565970673,0.146535565970673,0.146535565970673,0.146535565970673,0.166659576181149
"57",0,0.0110654848201366,0.00315390829332839,0.0145645690699878,0.219032913028094,0.14636461424206,0.14636461424206,0.14636461424206,0.14636461424206,0.166724667820215
"58",0,0.0112832375409231,0.00314730748979283,0.0147169148954056,0.219266395754121,0.146202475698793,0.146202475698793,0.146202475698793,0.146202475698793,0.166776241524587
"59",0,0.0115010290052509,0.00314091831321359,0.0148689501706549,0.219479051961761,0.146048750665871,0.146048750665871,0.146048750665871,0.146048750665871,0.166815047885637
"60",0,0.011718852831651,0.00313473047879192,0.0150206846608328,0.219671698034246,0.145903059719803,0.145903059719803,0.145903059719803,0.145903059719803,0.166841795115266
"61",0,0.0119486610395377,0.00312868803885244,0.0151721254865494,0.219839194461833,0.145763769433279,0.145763769433279,0.145763769433279,0.145763769433279,0.166856253240113
"62",0,0.0121784862438777,0.00312283061633492,0.0153232815659606,0.219988305330464,0.145631797214295,0.145631797214295,0.145631797214295,0.145631797214295,0.166859907386181
"63",0,0.0124083224342703,0.00311714933950186,0.0154741614432083,0.220119735780711,0.145506818380487,0.145506818380487,0.145506818380487,0.145506818380487,0.166853357480362
"64",0,0.0126381638058432,0.00311163552877065,0.0156247732416267,0.220234162190695,0.145388523757587,0.145388523757587,0.145388523757587,0.145388523757587,0.166837170202716
"65",0,0.0128680047518793,0.00310628139629048,0.0157751247078767,0.220332232524459,0.145276618847337,0.145276618847337,0.145276618847337,0.145276618847337,0.166811881230146
"66",0,0.0130978398565913,0.00310107914470987,0.01592522321031,0.220414567582419,0.145170823224665,0.145170823224665,0.145170823224665,0.145170823224665,0.166777997307312
"67",0,0.0133276638878441,0.00309602169694537,0.0160750757748025,0.220481762353111,0.145070869584062,0.145070869584062,0.145070869584062,0.145070869584062,0.166735997951051
"68",0,0.0135574717904402,0.00309110267809577,0.016224689118835,0.220534387391248,0.144976502994994,0.144976502994994,0.144976502994994,0.144976502994994,0.166686337041405
"69",0,0.0137872586797534,0.00308631606841953,0.0163740696682314,0.220572990173217,0.144887480259055,0.144887480259055,0.144887480259055,0.144887480259055,0.166629444374157
"70",0,0.0140170198355823,0.00308165618350717,0.016523223573399,0.220598096230373,0.14480356927456,0.14480356927456,0.14480356927456,0.14480356927456,0.166565727078899
"71",0,0.0142467506962756,0.00307711764180687,0.0166721567239797,0.220610210231371,0.144724548441603,0.144724548441603,0.144724548441603,0.144724548441603,0.166495570940153
"72",0,0.0144764468531129,0.00307269534882344,0.0168208747627556,0.220609816998172,0.144650206102581,0.144650206102581,0.144650206102581,0.144650206102581,0.166419341626812
"73",0,0.014721468384592,0.00306832568906964,0.0169693803338646,0.220589716897993,0.144578719337736,0.144578719337736,0.144578719337736,0.144578719337736,0.166336231343538
"74",0,0.0149664379176518,0.00306406579965363,0.0171176786951585,0.220558161713771,0.14451149708343,0.14451149708343,0.14451149708343,0.14451149708343,0.166247667540047
"75",0,0.0152113512677416,0.00305991091328653,0.0172657749437947,0.220515572607494,0.144448356008932,0.144448356008932,0.144448356008932,0.144448356008932,0.166153966231957
"76",0,0.0154562043875992,0.00305585606978048,0.0174136739360748,0.220462357129785,0.144389120435213,0.144389120435213,0.144389120435213,0.144389120435213,0.166055426735907
"77",0,0.0157009933634612,0.00305189704997401,0.0175613803245766,0.220398908238308,0.14433362204395,0.14433362204395,0.14433362204395,0.14433362204395,0.165952332847879
"78",0,0.0159457144111099,0.00304802927965057,0.0177088985394978,0.220325604578423,0.144281699816052,0.144281699816052,0.144281699816052,0.144281699816052,0.165844953927112
"79",0,0.0161903638715233,0.00304424875443663,0.0178562328174312,0.220242811006383,0.144233199477735,0.144233199477735,0.144233199477735,0.144233199477735,0.165733545639286
"80",0,0.0164349382069668,0.00304055205404947,0.0180033872297717,0.220150879217485,0.144187973159047,0.144187973159047,0.144187973159047,0.144187973159047,0.165618350655537
"81",0,0.0166794339972759,0.00303693592714156,0.0181503656903196,0.220050148431237,0.144145879138643,0.144145879138643,0.144145879138643,0.144145879138643,0.165499599399452
"82",0,0.0169238479361674,0.0030333972869341,0.018297171963257,0.219940945869578,0.144106781558032,0.144106781558032,0.144106781558032,0.144106781558032,0.165377510711934
"83",0,0.017168176827671,0.00302993318908451,0.0184438096700304,0.219823587237932,0.144070550150337,0.144070550150337,0.144070550150337,0.144070550150337,0.165252292473933
"84",0,0.0174124175826774,0.00302654082876551,0.0185902822961156,0.219698377184025,0.144037059980308,0.144037059980308,0.144037059980308,0.144037059980308,0.165124142187183
"85",0,0.0176761290005896,0.00302314309359138,0.0187365896963503,0.219555830898034,0.14400413187426,0.14400413187426,0.14400413187426,0.14400413187426,0.164991779814393
"86",0,0.0179397305641518,0.00301981551669758,0.0188827351901754,0.219406195568689,0.14397368541818,0.14397368541818,0.14397368541818,0.14397368541818,0.164856781487565
"87",0,0.0182032193534564,0.00301655514163217,0.0190287220422904,0.219249732516104,0.143945612278169,0.143945612278169,0.143945612278169,0.143945612278169,0.164719321833843
"88",0,0.0184665925440819,0.00301335859093312,0.0191745533530474,0.219086697161,0.143919808047512,0.143919808047512,0.143919808047512,0.143919808047512,0.16457956616089
"89",0,0.0187298474053793,0.00301022326510301,0.019320232097724,0.218917337176295,0.143896172198692,0.143896172198692,0.143896172198692,0.143896172198692,0.164437671260731
"90",0,0.0189929812983644,0.00300714597718776,0.0194657610962385,0.218741892283587,0.143874608301525,0.143874608301525,0.143874608301525,0.143874608301525,0.164293786138521
"91",0,0.0192559916729089,0.00300412411616873,0.0196111430425113,0.218560594405088,0.143855023601398,0.143855023601398,0.143855023601398,0.143855023601398,0.164148052357731
"92",0,0.0195188760653858,0.00300115567909335,0.0197563805340748,0.218373667971344,0.143837328846218,0.143837328846218,0.143837328846218,0.143837328846218,0.164000604365229
"93",0,0.019781632096435,0.00299823875675862,0.019901476075884,0.218181330332447,0.143821438206399,0.143821438206399,0.143821438206399,0.143821438206399,0.16385156991288
"94",0,0.0200442574686405,0.00299537153561114,0.0200464320849578,0.217983791936991,0.143807269141251,0.143807269141251,0.143807269141251,0.143807269141251,0.163701070408795
"95",0,0.0203067499642465,0.00299255227682536,0.0201912508939782,0.217781256540426,0.143794742269606,0.143794742269606,0.143794742269606,0.143794742269606,0.163549221246102
"96",0,0.0205691074429188,0.00298977931901266,0.0203359347550516,0.217573921409285,0.143783781241622,0.143783781241622,0.143783781241622,0.143783781241622,0.163396132107243
"97",0,0.0208516240618565,0.00298697396354859,0.0204804822163514,0.217351850764678,0.14377217051276,0.14377217051276,0.14377217051276,0.14377217051276,0.163240386942524
"98",0,0.0211339815461001,0.00298421555587651,0.0206248954690223,0.217125553831248,0.143761955079435,0.143761955079435,0.143761955079435,0.143761955079435,0.163083533280012
"99",0,0.0214161779323236,0.00298150210166377,0.0207691766988304,0.216895196061856,0.14375306915487,0.14375306915487,0.14375306915487,0.14375306915487,0.162925670585847
"100",0,0.021698211324349,0.00297883111684753,0.020913327970446,0.216660940887401,0.143745448999866,0.143745448999866,0.143745448999866,0.143745448999866,0.162766892701494
"101",0,0.0219800798926263,0.00297620087145447,0.0210573512656287,0.216422947594065,0.14373903297937,0.14373903297937,0.14373903297937,0.14373903297937,0.162607288458744
"102",0,0.0222617818732059,0.0029736089832375,0.0212012484497407,0.216181370921828,0.143733761885579,0.143733761885579,0.143733761885579,0.143733761885579,0.16244694222967
"103",0,0.0225433155658685,0.00297105362080321,0.0213450212999407,0.215936361050015,0.14372957859246,0.14372957859246,0.14372957859246,0.14372957859246,0.162285934093532
"104",0,0.0228246793327035,0.00296853353827307,0.0214886715337066,0.215688063752192,0.143726427962345,0.143726427962345,0.143726427962345,0.143726427962345,0.162124339993746
"105",0,0.0231058715967707,0.00296604754788767,0.0216322008108969,0.215436620665789,0.143724256843458,0.143724256843458,0.143724256843458,0.143724256843458,0.161962232004823
"106",0,0.0233868908406135,0.00296359452394105,0.0217756107367642,0.215182169331957,0.143723014007528,0.143723014007528,0.143723014007528,0.143723014007528,0.161799678536614
"107",0,0.0236677356047684,0.00296117338323456,0.0219189028639939,0.214924843274085,0.143722650087357,0.143722650087357,0.143722650087357,0.143722650087357,0.161636744524489
"108",0,0.0239484044862808,0.00295878308985031,0.0220620786950045,0.214664772079765,0.143723117511571,0.143723117511571,0.143723117511571,0.143723117511571,0.161473491602816
"109",0,0.0242515649308933,0.002956336456257,0.0222051356296515,0.214390820867381,0.143721964955063,0.143721964955063,0.143721964955063,0.143721964955063,0.161308282295566
"110",0,0.0245545212156638,0.00295392293382838,0.0223480751773017,0.214114597751987,0.143721523685109,0.143721523685109,0.143721523685109,0.143721523685109,0.161142788180782
"111",0,0.024857272130013,0.00295154100475636,0.0224908988753794,0.213836205589944,0.14372175365202,0.14372175365202,0.14372175365202,0.14372175365202,0.160977067791829
"112",0,0.0251598165093517,0.00294918857786585,0.0226336081591766,0.213555747810272,0.14372261576546,0.14372261576546,0.14372261576546,0.14372261576546,0.160811175881495
"113",0,0.0254621532355551,0.00294686437441184,0.0227762044030606,0.213273325917602,0.143724072021216,0.143724072021216,0.143724072021216,0.143724072021216,0.160645163984506
"114",0,0.0257642812367725,0.00294456635782519,0.0229186888816509,0.21298903892833,0.143726085920279,0.143726085920279,0.143726085920279,0.143726085920279,0.160479080914307
"115",0,0.0260661994861797,0.00294229308411209,0.0230610628002163,0.21270298324905,0.14372862213571,0.14372862213571,0.14372862213571,0.14372862213571,0.160312972837603
"116",0,0.0263679070012365,0.00294004373601168,0.0232033273252071,0.212415252752378,0.143731646459991,0.143731646459991,0.143731646459991,0.143731646459991,0.160146883345204
"117",0,0.0266694028430078,0.00293781753771429,0.0233454835854214,0.212125938981458,0.143735125850485,0.143735125850485,0.143735125850485,0.143735125850485,0.159980853650458
"118",0,0.0269706861152713,0.0029356137600539,0.0234875326742734,0.211835131104356,0.143739028405704,0.143739028405704,0.143739028405704,0.143739028405704,0.159814922723231
"119",0,0.0272717559635891,0.00293343169976726,0.0236294756510246,0.211542915915969,0.143743323339133,0.143743323339133,0.143743323339133,0.143743323339133,0.159649127413118
"120",0,0.027572611574354,0.00293127068596838,0.0237713135423635,0.211249377847993,0.143747980947666,0.143747980947666,0.143747980947666,0.143747980947666,0.159483502558657
"121",0,0.0278965642766976,0.00292904122763883,0.0239130431643947,0.210943089290644,0.143750481031209,0.143750481031209,0.143750481031209,0.143750481031209,0.15931633791579
"122",0,0.0282202721142665,0.00292683592245476,0.0240546655888067,0.210635875199694,0.143753256346943,0.143753256346943,0.143753256346943,0.143753256346943,0.159149325787008
"123",0,0.028543734485395,0.00292465354571793,0.0241961819323051,0.210327796889812,0.143756282887316,0.143756282887316,0.143756282887316,0.143756282887316,0.158982501597504
"124",0,0.0288669508182325,0.00292249227678212,0.0243375932225609,0.210018917730062,0.143759536982628,0.143759536982628,0.143759536982628,0.143759536982628,0.158815898021849
"125",0,0.0291899205719111,0.00292035111884001,0.0244789004400238,0.209709300507194,0.143762995462881,0.143762995462881,0.143762995462881,0.143762995462881,0.158649545510508
"126",0,0.029512643236948,0.00291822827747579,0.0246201044771002,0.209399006786092,0.143766636117662,0.143766636117662,0.143766636117662,0.143766636117662,0.158483472751738
"127",0,0.0298351183344449,0.00291612256381107,0.0247612061692445,0.209088096729928,0.143770437376054,0.143770437376054,0.143770437376054,0.143770437376054,0.158317706698357
"128",0,0.0301573454158315,0.00291403342119883,0.0249022063257515,0.208776629133034,0.143774378277111,0.143774378277111,0.143774378277111,0.143774378277111,0.15815227259574
"129",0,0.0304793240626572,0.00291196032520723,0.0250431057304514,0.208464661582818,0.143778438539108,0.143778438539108,0.143778438539108,0.143778438539108,0.157987194142434
"130",0,0.0308010538861274,0.00290990278901447,0.0251839051435401,0.208152250368149,0.143782598556605,0.143782598556605,0.143782598556605,0.143782598556605,0.157822493586751
"131",0,0.0311225345265802,0.00290786034245329,0.0253246053023616,0.207839450438807,0.143786839393884,0.143786839393884,0.143786839393884,0.143786839393884,0.157658191814262
"132",0,0.0314437656529184,0.00290583253926233,0.0254652069225774,0.207526315375272,0.143791142771806,0.143791142771806,0.143791142771806,0.143791142771806,0.157494308422747
"133",0,0.0317911439186181,0.00290371802079193,0.025605705951162,0.207199958074055,0.143792646616171,0.143792646616171,0.143792646616171,0.143792646616171,0.157328887570688
"134",0,0.032138236387739,0.00290162231451289,0.0257461031862747,0.206873638225891,0.143794142981978,0.143794142981978,0.143794142981978,0.143794142981978,0.157163827957671
"135",0,0.0324850429766117,0.00289954429422377,0.0258863994896941,0.20654738663829,0.143795618508445,0.143795618508445,0.143795618508445,0.143795618508445,0.156999152567402
"136",0,0.0328315636173029,0.00289748215952478,0.0260265956350611,0.206221237632326,0.143797059718494,0.143797059718494,0.143797059718494,0.143797059718494,0.156834882081809
"137",0,0.0331777982596393,0.00289543503653466,0.0261666923549174,0.205895226005341,0.143798453225295,0.143798453225295,0.143798453225295,0.143798453225295,0.156671035442388
"138",0,0.0335237468722632,0.00289340112965804,0.026306690293563,0.205569386263877,0.143799786274968,0.143799786274968,0.143799786274968,0.143799786274968,0.156507630340767
"139",0,0.033869409442186,0.00289137933244315,0.0264465900424585,0.205243752378885,0.143801046397869,0.143801046397869,0.143801046397869,0.143801046397869,0.156344683212552
"140",0,0.0342147859750024,0.00288936924598269,0.0265863921746726,0.204918357794038,0.143802221393064,0.143802221393064,0.143802221393064,0.143802221393064,0.156182209238048
"141",0,0.0345598764951445,0.00288737050044718,0.0267260972453097,0.204593235574194,0.143803299422783,0.143803299422783,0.143803299422783,0.143803299422783,0.156020222493771
"142",0,0.0349046810458067,0.0028853827609914,0.0268657057932128,0.204268418269245,0.14380426902445,0.14380426902445,0.14380426902445,0.14380426902445,0.155858736032945
"143",0,0.0352491996887822,0.00288340570417437,0.0270052183414879,0.203943937837128,0.143805119117858,0.143805119117858,0.143805119117858,0.143805119117858,0.155697761956996
"144",0,0.0355934325042319,0.00288143902666587,0.0271446353984918,0.203619825579789,0.143805839004194,0.143805839004194,0.143805839004194,0.143805839004194,0.155537311474044
"145",0,0.0359659647939834,0.0028793727319793,0.0272839522975989,0.20328221040778,0.143803311154788,0.143803311154788,0.143803311154788,0.143803311154788,0.155375255149507
"146",0,0.0363381700424469,0.00287732175050402,0.0274231696567006,0.202945318219374,0.14380059459064,0.14380059459064,0.14380059459064,0.14380059459064,0.155213641968414
"147",0,0.0367100486149871,0.00287528500122936,0.0275622881694186,0.202609157707162,0.143797683073136,0.143797683073136,0.143797683073136,0.143797683073136,0.155052488214659
"148",0,0.037081600880573,0.00287326068053814,0.0277013084410298,0.20227374212845,0.143794569944419,0.143794569944419,0.143794569944419,0.143794569944419,0.154891808091734
"149",0,0.037452827214585,0.00287124798745253,0.0278402310393671,0.201939085976894,0.143791248366488,0.143791248366488,0.143791248366488,0.143791248366488,0.154731614315751
"150",0,0.0378237280004599,0.00286924510563488,0.0279790564429101,0.201605204121943,0.14378771192393,0.14378771192393,0.14378771192393,0.14378771192393,0.154571918633332
"151",0,0.038194303629547,0.00286725097556088,0.0281177850796684,0.201272111513724,0.143783954251656,0.143783954251656,0.143783954251656,0.143783954251656,0.154412731794877
"152",0,0.0385645545017395,0.00286526530009458,0.0282564173642822,0.200939823176855,0.14377996902907,0.14377996902907,0.14377996902907,0.14377996902907,0.154254063540751
"153",0,0.0389344810261349,0.00286328780993782,0.0283949536983064,0.200608354348606,0.143775750091628,0.143775750091628,0.143775750091628,0.143775750091628,0.154095922750502
"154",0,0.0393040836212996,0.00286131826960882,0.0285333944718571,0.200277720310767,0.143771291452672,0.143771291452672,0.143771291452672,0.143771291452672,0.153938317515778
"155",0,0.0396733627154163,0.00285935645185426,0.0286717400639794,0.199947936286576,0.143766587319529,0.143766587319529,0.143766587319529,0.143766587319529,0.153781255204057
"156",0,0.0400423187463428,0.0028574021474673,0.0288099908435358,0.199619017352573,0.14376163210033,0.14376163210033,0.14376163210033,0.14376163210033,0.15362474250876
"157",0,0.0404420652653389,0.00285533527516522,0.0289481415299594,0.199275972604404,0.143753008112557,0.143753008112557,0.143753008112557,0.143753008112557,0.153466452874905
"158",0,0.0408414416346501,0.00285328160922995,0.0290861926267556,0.198934144789981,0.143744081046544,0.143744081046544,0.143744081046544,0.143744081046544,0.153308615153208
"159",0,0.0412404486237631,0.00285124005461817,0.0292241447240151,0.198593525722177,0.143734849613623,0.143734849613623,0.143734849613623,0.143734849613623,0.153151242420935
"160",0,0.0416390869945337,0.00284920874130388,0.0293619983202073,0.198254112724548,0.14372531187195,0.14372531187195,0.14372531187195,0.14372531187195,0.152994345731606
"161",0,0.042037357504852,0.0028471868928308,0.029499753877687,0.197915904977539,0.143715465498366,0.143715465498366,0.143715465498366,0.143715465498366,0.152837934753627
"162",0,0.0424352609109099,0.00284517260976696,0.0296374117653028,0.197578902560051,0.143705308456354,0.143705308456354,0.143705308456354,0.143705308456354,0.152682018328554
"163",0,0.0428327979673285,0.00284316483137683,0.0297749723014856,0.197243106104488,0.143694838591825,0.143694838591825,0.143694838591825,0.143694838591825,0.152526604428023
"164",0,0.0432299694282088,0.00284116332517546,0.0299124357945339,0.196908516783181,0.14368405363454,0.14368405363454,0.14368405363454,0.14368405363454,0.152371700130743
"165",0,0.0436267760482013,0.00283916788703459,0.0300498025428267,0.196575136443138,0.143672951325617,0.143672951325617,0.143672951325617,0.143672951325617,0.15221731177633
"166",0,0.0440232185830987,0.00283717834715324,0.0301870728364944,0.19624296740881,0.143661529447018,0.143661529447018,0.143661529447018,0.143661529447018,0.15206344503637
"167",0,0.0444192977902811,0.00283519454204652,0.0303242469576906,0.195912012356378,0.143649785844461,0.143649785844461,0.143649785844461,0.143649785844461,0.15191010497576
"168",0,0.0448150144290491,0.00283321632559236,0.0304613251814495,0.195582274204879,0.143637718439899,0.143637718439899,0.143637718439899,0.143637718439899,0.151757296099436
"169",0,0.0452435365420569,0.00283111525008171,0.0305983017397031,0.195237895420097,0.143621655124874,0.143621655124874,0.143621655124874,0.143621655124874,0.151602530548563
"170",0,0.0456716433859061,0.00282902608288916,0.0307351770628891,0.194895085140478,0.143605220266744,0.143605220266744,0.143605220266744,0.143605220266744,0.151448187260862
"171",0,0.0460993360984416,0.00282694769591698,0.0308719516759058,0.194553822360505,0.143588416035016,0.143588416035016,0.143588416035016,0.143588416035016,0.151294278029166
"172",0,0.0465266157994644,0.00282487814930815,0.0310086260086063,0.194214092339724,0.143571243772497,0.143571243772497,0.143571243772497,0.143571243772497,0.151140812612909
"173",0,0.0469534835952539,0.00282281667326737,0.0311452004551698,0.193875882680951,0.143553704294422,0.143553704294422,0.143553704294422,0.143553704294422,0.15098779941767
"174",0,0.0473799405814511,0.00282076128255985,0.0312816753120029,0.193539182291129,0.143535798610616,0.143535798610616,0.143535798610616,0.143535798610616,0.150835246090391
"175",0,0.0478059878434401,0.00281871090409065,0.0314180508245941,0.193203980992896,0.143517527492825,0.143517527492825,0.143517527492825,0.143517527492825,0.150683159463681
"176",0,0.0482316264578045,0.00281666534770615,0.0315543272304379,0.192870269508075,0.143498891482022,0.143498891482022,0.143498891482022,0.143498891482022,0.150531545527887
"177",0,0.0486568574937956,0.00281462445271769,0.0316905047592207,0.192538039589673,0.143479891028443,0.143479891028443,0.143479891028443,0.143479891028443,0.15038040959082
"178",0,0.0490816820142369,0.0028125880936557,0.0318265836345354,0.192207283801144,0.143460526526786,0.143460526526786,0.143460526526786,0.143460526526786,0.150229756349285
"179",0,0.0495061010762553,0.00281055615017806,0.0319625640740929,0.191877995372507,0.143440798344159,0.143440798344159,0.143440798344159,0.143440798344159,0.150079589950332
"180",0,0.0499301157318702,0.00280852851919067,0.0320984462905747,0.191550168074909,0.143420706836629,0.143420706836629,0.143420706836629,0.143420706836629,0.14992991403694
"181",0,0.0503896723494747,0.00280636550134556,0.0322342239240953,0.191206754198044,0.143396239935382,0.143396239935382,0.143396239935382,0.143396239935382,0.149778024285512
"182",0,0.0508487644862268,0.00280421386525972,0.0323698973661052,0.190865166048406,0.143371363340615,0.143371363340615,0.143371363340615,0.143371363340615,0.149626504871542
"183",0,0.0513073936339553,0.00280207240471369,0.0325054671115178,0.190525372016607,0.143346081791755,0.143346081791755,0.143346081791755,0.143346081791755,0.149475367666189
"184",0,0.0517655612558453,0.00279993905038971,0.032640933553868,0.190187347574114,0.143320399038618,0.143320399038618,0.143320399038618,0.143320399038618,0.14932462241131
"185",0,0.0522232687919996,0.00279781300662527,0.0327762970499199,0.189851071000523,0.143294318173542,0.143294318173542,0.143294318173542,0.143294318173542,0.149174277456764
"186",0,0.0526805176630432,0.00279569214113925,0.0329115578513929,0.189516522243951,0.143267842423164,0.143267842423164,0.143267842423164,0.143267842423164,0.149024340407819
"187",0,0.0531373092707599,0.00279357533077402,0.0330467161567896,0.189183682481981,0.143240974675879,0.143240974675879,0.143240974675879,0.143240974675879,0.148874818056178
"188",0,0.0535936450000065,0.00279146241016929,0.0331817721579341,0.188852534105912,0.143213717494479,0.143213717494479,0.143213717494479,0.143213717494479,0.148725716348061
"189",0,0.0540495262206292,0.002789353245758,0.0333167260401644,0.188523060855362,0.143186073270857,0.143186073270857,0.143186073270857,0.143186073270857,0.148577040554659
"190",0,0.0545049542887092,0.00278724774133355,0.0334515779841497,0.188195247571473,0.143158044266835,0.143158044266835,0.143158044266835,0.143158044266835,0.148428795346995
"191",0,0.0549599305475975,0.00278514580515817,0.0335863281660669,0.18786908003387,0.14312963264691,0.14312963264691,0.14312963264691,0.14312963264691,0.148280984859668
"192",0,0.0554144563287788,0.00278304736344731,0.0337209767584891,0.187544544817943,0.143100840498418,0.143100840498418,0.143100840498418,0.143100840498418,0.14813361273767
"193",0,0.0559083403271293,0.0027807971640975,0.0338555166295388,0.187202917224073,0.143067188448383,0.143067188448383,0.143067188448383,0.143067188448383,0.147983674861631
"194",0,0.0564017035999897,0.00277855849335729,0.0339899481593569,0.186863314798539,0.143033108272305,0.143033108272305,0.143033108272305,0.143033108272305,0.147834041859537
"195",0,0.0568945480037398,0.00277633001461047,0.0341242718429512,0.18652569632228,0.14299860677216,0.14299860677216,0.14299860677216,0.14299860677216,0.147684726727778
"196",0,0.0573868753543745,0.00277410945446728,0.034258488063975,0.18619002864063,0.142963689584499,0.142963689584499,0.142963689584499,0.142963689584499,0.147535740148558
"197",0,0.0578786874344128,0.00277189595676694,0.0343925971665912,0.185856281911447,0.142928361555517,0.142928361555517,0.142928361555517,0.142928361555517,0.147387091308714
"198",0,0.0583699859974244,0.00276968716428039,0.0345265993788161,0.185524428331953,0.142892627626719,0.142892627626719,0.142892627626719,0.142892627626719,0.147238788620649
"199",0,0.0588607727689457,0.00276748186054852,0.0346604948710974,0.18519444163541,0.142856492306551,0.142856492306551,0.142856492306551,0.142856492306551,0.147090839637793
"200",0,0.0593510494489587,0.00276527989137454,0.0347942838079013,0.184866297078864,0.142819959688545,0.142819959688545,0.142819959688545,0.142819959688545,0.146943251018722
"201",0,0.059840817714358,0.00276308113808398,0.034927966347937,0.184539971585656,0.142783033624915,0.142783033624915,0.142783033624915,0.142783033624915,0.146796028714306
"202",0,0.0603300792206033,0.00276088552295685,0.0350615426461491,0.184215443466345,0.142745717773762,0.142745717773762,0.142745717773762,0.142745717773762,0.146649178048898
"203",0,0.0608188356031117,0.00275869297247812,0.0351950128538752,0.183892692232766,0.142708015637142,0.142708015637142,0.142708015637142,0.142708015637142,0.146502703789203
"204",0,0.0613070884784411,0.00275650343263569,0.035328377119813,0.183571698434844,0.142669930584991,0.142669930584991,0.142669930584991,0.142669930584991,0.146356610194304
"205",0,0.0618372329084824,0.00275415100258056,0.0354616277869849,0.183232684218981,0.142626654085577,0.142626654085577,0.142626654085577,0.142626654085577,0.146207687740662
"206",0,0.0623667947784651,0.00275181032399391,0.035594765233725,0.182895837634512,0.142582946802407,0.142582946802407,0.142582946802407,0.142582946802407,0.146059004819674
"207",0,0.0628957763065738,0.00274947995687348,0.0357277899602211,0.182561109899368,0.142538817032698,0.142538817032698,0.142538817032698,0.142538817032698,0.145910575746173
"208",0,0.0634241796590617,0.00274715748427937,0.0358607023483036,0.182228461021012,0.142494271778912,0.142494271778912,0.142494271778912,0.142494271778912,0.145762412371695
"209",0,0.0639520069584644,0.002744842006056,0.0359935027383282,0.181897854714474,0.142449317155337,0.142449317155337,0.142449317155337,0.142449317155337,0.145614524961329
"210",0,0.0644792602890253,0.00274253100190908,0.0361261913464566,0.18156925703411,0.142403959340117,0.142403959340117,0.142403959340117,0.142403959340117,0.145466922968029
"211",0,0.0650059416979042,0.00274022319132435,0.0362587683283057,0.181242635818543,0.142358204006954,0.142358204006954,0.142358204006954,0.142358204006954,0.145319614936105
"212",0,0.0655320531982161,0.00273791842709656,0.0363912338339563,0.180917960682476,0.142312056348433,0.142312056348433,0.142312056348433,0.142312056348433,0.145172608464521
"213",0,0.0660575967720409,0.00273561660054778,0.0365235880082237,0.18059520316123,0.142265521262893,0.142265521262893,0.142265521262893,0.142265521262893,0.145025910406384
"214",0,0.0665825743724824,0.00273331764654664,0.0366558309927743,0.180274336407261,0.142218603406388,0.142218603406388,0.142218603406388,0.142218603406388,0.144879526955385
"215",0,0.0671069879254178,0.00273102150402005,0.0367879629262735,0.179955334986404,0.142171307234721,0.142171307234721,0.142171307234721,0.142171307234721,0.144733463719
"216",0,0.0676308393310002,0.0027287281326152,0.0369199839454129,0.179638174698723,0.142123637030204,0.142123637030204,0.142123637030204,0.142123637030204,0.144587725771433
"217",0,0.0681997765843834,0.00272625832910813,0.0370518857550639,0.179301733882003,0.142070375021558,0.142070375021558,0.142070375021558,0.142070375021558,0.144438845363209
"218",0,0.0687680615426639,0.00272380088816453,0.0371836687475305,0.178967571405158,0.142016689446277,0.142016689446277,0.142016689446277,0.142016689446277,0.144290139631377
"219",0,0.069335696805448,0.00272135423355945,0.0373153334453916,0.178635631558066,0.14196258984692,0.14196258984692,0.14196258984692,0.14196258984692,0.144141624569855
"220",0,0.0699026849076961,0.00271891575948958,0.0374468802436544,0.17830586824032,0.141908084332687,0.141908084332687,0.141908084332687,0.141908084332687,0.143993313518091
"221",0,0.0704690283295182,0.00271648450134707,0.0375783094929104,0.177978239471884,0.141853180023622,0.141853180023622,0.141853180023622,0.141853180023622,0.143845218109852
"222",0,0.0710347295026724,0.00271405772757719,0.0377096214091391,0.177652705910601,0.141797884084112,0.141797884084112,0.141797884084112,0.141797884084112,0.143697349113564
"223",0,0.0715997908120899,0.00271163406808082,0.0378408161435892,0.177329230237251,0.141742203104404,0.141742203104404,0.141742203104404,0.141742203104404,0.143549716321374
"224",0,0.072164214599569,0.00270921337531791,0.0379718938420893,0.177007777154561,0.14168614312933,0.14168614312933,0.14168614312933,0.14168614312933,0.143402328511142
"225",0,0.0727280031674215,0.00270679554415535,0.0381028546453814,0.1766883135376,0.141629709861016,0.141629709861016,0.141629709861016,0.141629709861016,0.143255193661377
"226",0,0.0732911587809967,0.00270438051647051,0.0382336986914051,0.176370808102592,0.141572908716069,0.141572908716069,0.141572908716069,0.141572908716069,0.14310831904426
"227",0,0.0738536836708402,0.00270196823825761,0.0383644261154436,0.176055231183462,0.141515744871915,0.141515744871915,0.141515744871915,0.141515744871915,0.142961711304336
"228",0,0.0744155800345563,0.00269955867795016,0.0384950370512367,0.175741554535134,0.141458223296479,0.141458223296479,0.141458223296479,0.141458223296479,0.142815376515208
"229",0,0.0750278808701377,0.00269695089445916,0.038625522177562,0.175406356089371,0.14139446666029,0.14139446666029,0.14139446666029,0.14139446666029,0.14266542332731
"230",0,0.0756394458779505,0.00269435673919735,0.0387558819226491,0.175073546609257,0.141330298198809,0.141330298198809,0.141330298198809,0.141330298198809,0.14251557605571
