"","Alive","Death","ODN","ODF","REL","BUP","BUPC","MET","METC","ABS"
"0",0,1.11022302462516e-16,0,0,0,0.25,0.25,0.25,0.25,0
"1",0,0.000143334515837368,0.0329477196288563,0.00375471806295568,0.029560509690111,0.225573727295889,0.226442876910175,0.225520623884595,0.226495980321469,0.029560509690111
"2",0,0.000303174676319906,0.0258895073150428,0.00584165792915357,0.0553586114497847,0.216058430519403,0.217219190398972,0.215987312445891,0.217290308472484,0.0460518067929492
"3",0,0.000467132346529064,0.0216188301442721,0.00760653254404825,0.0739546245904414,0.208807151954527,0.210175930534589,0.208723174962994,0.210259907526122,0.0583867153964778
"4",0,0.000634197493261102,0.0190094469616527,0.0091872072546856,0.088654644696305,0.202790921491362,0.204315618833247,0.202697279748449,0.20440926057616,0.0683014229448781
"5",0,0.000803922815321045,0.0156687060112218,0.0104581149891548,0.101331855350647,0.197947655529918,0.199396789051028,0.197858141612505,0.199486302968441,0.077048511671763
"6",0,0.000975607183390959,0.0142110475543905,0.011649753815381,0.111600477816863,0.193573776589159,0.194975228835908,0.193486866155792,0.195062139269274,0.084465102779842
"7",0,0.00114922226696745,0.0132737794961919,0.0127745690862521,0.120496007229338,0.189666190990224,0.191027723457355,0.18958147617236,0.191112438275219,0.0909185930260925
"8",0,0.00132460103478327,0.0125936700266604,0.0138476576755099,0.128372373809554,0.186149048584732,0.187475907988415,0.186066255837716,0.18755870073543,0.0966117843071999
"9",0,0.00150158192506511,0.0120649981921826,0.0148791602101407,0.135440548121417,0.182959945830773,0.184256096972529,0.182878868254699,0.184337174548603,0.101681625944591
"10",0,0.00168002121409605,0.0116339216620886,0.0158760029837252,0.141843056013258,0.180050325910831,0.181318811198168,0.179970798545192,0.181398338563807,0.106228723908834
"11",0,0.00185979216324272,0.0112761043666929,0.0168438390845003,0.147682221147227,0.177380629628222,0.178624051109918,0.17730251189343,0.178702168844709,0.110328681762057
"12",0,0.00204078453956846,0.0109721133691064,0.0177867877283639,0.153037726702588,0.174919922810095,0.176140470124664,0.174843096363115,0.176217296571644,0.114041801790855
"13",0,0.00222489299277828,0.0107093266699829,0.0187080662208118,0.15797113216873,0.172642714613661,0.173842252697337,0.172567078546258,0.17391788876474,0.117416647325701
"14",0,0.00241004909486597,0.0104791502819514,0.0196102583718481,0.162533264424196,0.170528420037184,0.171708561167918,0.170453886930494,0.171783094274608,0.120493315416933
"15",0,0.0025961739699919,0.0102753685728331,0.0204954787696404,0.166765241019689,0.168559567469578,0.169721718990133,0.168486060838282,0.169795225621429,0.123305164748424
"16",0,0.00278319642764291,0.010093360677518,0.0213654866435317,0.170701357182086,0.166721356590279,0.167866759372687,0.16664880882005,0.167939307142917,0.125880367143287
"17",0,0.00297105185492064,0.00992957555141373,0.0222217635514702,0.174370606159244,0.165001128794772,0.166130885793829,0.164929479616923,0.166202534971678,0.128242973705749
"18",0,0.00315968130681155,0.00978122898554023,0.0230655712178965,0.177797770687362,0.163387961001455,0.164503059468898,0.163317156310065,0.164573864160287,0.130413706861685
"19",0,0.00334903076054971,0.00964609945641429,0.0238979945317918,0.181004237969857,0.161872353704917,0.162973682731668,0.161802344625286,0.163043691811299,0.132410564408218
"20",0,0.00353905049881764,0.00952238784614708,0.0247199742056166,0.184008619665965,0.160445987652506,0.161534352228126,0.160376729796114,0.161603610084518,0.13424928802219
"21",0,0.00372969459516648,0.00940861838931204,0.0255323320197912,0.186827231921069,0.159101531536148,0.160177663964427,0.159032984396701,0.160246211103875,0.13594373207351
"22",0,0.00392092048124448,0.00930356698388899,0.026335790628009,0.189474472736598,0.15783248820378,0.158897057477984,0.157764614661742,0.158964931020021,0.137506157806733
"23",0,0.00411268858004188,0.00920620829655919,0.0271309893079799,0.191963122577972,0.156633070332397,0.157686689917718,0.156565836243979,0.157753924006136,0.138947470737216
"24",0,0.00430496199287933,0.00911567597921885,0.0279184966325173,0.194304586676471,0.155498098939511,0.156541333295329,0.1554314727923,0.15660795944254,0.140277414249234
"25",0,0.00450187751957887,0.00903117204813231,0.0286988168217682,0.196507192871645,0.154422438363258,0.15545580478381,0.154356391215429,0.155521851931639,0.14150445444474
"26",0,0.00469923973865771,0.00895213384743562,0.0294724060104819,0.198582055189874,0.153402371988278,0.154426352671113,0.153336876758426,0.154491847900966,0.142636715894768
"27",0,0.00489701766094341,0.00887800878392818,0.0302396755446636,0.200537506428047,0.152434098811512,0.153449141183877,0.152369130297718,0.153514109697671,0.143681311591639
"28",0,0.0050951821327444,0.00880832085711252,0.0310009976232689,0.202381109025452,0.151514165632183,0.152520685830378,0.151449700327991,0.15258515113457,0.1446446874363
"29",0,0.00529370567842136,0.00874265552026789,0.0317567101970474,0.204119751041067,0.15063942597591,0.151637811868284,0.150575441910278,0.151701795933917,0.145532701874808
"30",0,0.00549256236081297,0.008680649341122,0.0325071211102465,0.205759726562351,0.149807004831382,0.150797618668286,0.149743481428179,0.150861142071489,0.146350693626133
"31",0,0.00569172765733128,0.00862198203436989,0.0332525116193701,0.207306804069568,0.149014268351805,0.149997449077345,0.148951186307138,0.150060531122012,0.147103539761061
"32",0,0.00589117834962716,0.00856637016235821,0.0339931394135009,0.208766284928365,0.148258797700688,0.149234862994873,0.148196138874364,0.149297521821196,0.147795705755027
"33",0,0.00609089242501837,0.00851356185972225,0.0347292412055242,0.210143053802577,0.147538366411578,0.148507614499349,0.147476113730811,0.148569867180116,0.148431288885305
"34",0,0.00629084898809673,0.00846333246520538,0.0354610349699146,0.211441622281436,0.146850920689844,0.147813631949619,0.146789058063487,0.147875494575976,0.149014056016422
"35",0,0.00649102818119629,0.00841548087635295,0.0361887218846212,0.212666166810895,0.146194562202948,0.147151000602103,0.14613307444483,0.147212488360221,0.149547476636833
"36",0,0.00669141111260751,0.00836982648609535,0.0369124880235389,0.213820561814961,0.145567532986314,0.146517947366626,0.145506405746461,0.14657907460648,0.150034751856917
"37",0,0.00689835270768591,0.00832612184946408,0.0376325002026993,0.214905267654184,0.144967528075539,0.145912148283018,0.144906748095541,0.145972928263017,0.150478404868851
"38",0,0.00710546611263418,0.008284317304735,0.0383489183978006,0.21592680819891,0.144393702684323,0.145332750658828,0.144333257106958,0.145393196236192,0.15088158329962
"39",0,0.00731273446341074,0.00824427119920974,0.039061891659149,0.216888313739559,0.143844647424025,0.144778333110633,0.143784524060187,0.144838456474472,0.151246827869355
"40",0,0.00752014165590187,0.00820586022717277,0.0397715588606892,0.217792707661065,0.1433190478186,0.144247570019363,0.143259235101367,0.144307382736596,0.151576495919245
"41",0,0.00772767230123039,0.00816897349998817,0.0404780496009899,0.218642725994313,0.142815676603668,0.143739223752178,0.142756163546456,0.143798736809389,0.151872777891788
"42",0,0.00793531168383677,0.00813351019232238,0.0411814850070003,0.219440933596241,0.142333386507921,0.143252137388952,0.142274162665485,0.143311361231389,0.152137711726853
"43",0,0.00814304572268132,0.00809937813741345,0.0418819784446639,0.220189738407004,0.14187110370269,0.142785228087991,0.141812159136641,0.14284417265404,0.152373195706875
"44",0,0.00835086093541526,0.008066492960479,0.0425796361709988,0.220891404099473,0.141427821858632,0.142337481093706,0.141369147105552,0.142396155846786,0.152580999928958
"45",0,0.00855874440532134,0.0080347772181748,0.043274557911381,0.221548061491595,0.141002596808177,0.14190794435088,0.140944182850276,0.14196635830878,0.152762776655414
"46",0,0.00876668375072653,0.00800415967226996,0.0439668373776259,0.222161718817895,0.140594541722961,0.141495723638332,0.140536379961075,0.141553885400217,0.152920069658897
"47",0,0.0089746670966574,0.00797457466496691,0.0446565627347794,0.222734271003154,0.140202822747987,0.141099978163522,0.140144904976674,0.141157895934835,0.153054322677423
"48",0,0.00918268304852987,0.00794596157367336,0.0453438170228576,0.223267508056848,0.139826655041889,0.140719916567133,0.139768973426431,0.14077759818259,0.153166887080048
"49",0,0.00940054405874713,0.00791813929573247,0.0460286701532999,0.223758083300201,0.139464309808926,0.140353796680955,0.139406857323037,0.140411249166844,0.153258350212258
"50",0,0.0096184132216699,0.00789119851210287,0.0467111957708506,0.224212702577429,0.139116070498452,0.140001903391523,0.139058839988439,0.140059133901536,0.153330542137997
"51",0,0.00983628000107073,0.007865079044405,0.0473914638107918,0.224632884438195,0.138781281001605,0.139663575142238,0.138724265625661,0.139720590518181,0.153384580417854
"52",0,0.0100541342666677,0.00783973283751687,0.0480695403952431,0.225020066366349,0.138459320487324,0.139338185961824,0.138402513698521,0.139394992750627,0.153421513235928
"53",0,0.0102719662771016,0.0078151172075859,0.0487454880953544,0.225375612531683,0.138149601687816,0.139025143728858,0.138092997218225,0.13908174819845,0.153442325054926
"54",0,0.0104897666625473,0.00779119294599651,0.0494193661747394,0.225700819060683,0.137851568830668,0.138723888105397,0.137795160675338,0.138780296260727,0.153447941283904
"55",0,0.0107075264079863,0.00776792355125974,0.0500912308009023,0.225996918577793,0.137564695625591,0.138433888471969,0.137508478029407,0.138490106068153,0.15343923246694
"56",0,0.0109252368373476,0.00774527508171376,0.050761135263528,0.226265084181028,0.137288483327608,0.138154641982578,0.137232450772579,0.138210674537607,0.153417018016011
"57",0,0.0111428895986052,0.00772321586624422,0.0514291301632489,0.226506433167544,0.137022458978301,0.137885671791986,0.136966606171599,0.137941524598688,0.153382069663785
"58",0,0.0113604766497213,0.00770171628546849,0.052095263583477,0.226722030451664,0.13676617377929,0.137626525415545,0.136710495642035,0.1376822035528,0.15333511464
"59",0,0.0115779902453814,0.00768074859497694,0.0527595812481676,0.226912891716139,0.136519201587451,0.137376773211574,0.136463693244188,0.137432281554837,0.153276838597286
"60",0,0.0117954229244709,0.00766028677377857,0.0534221266671792,0.227079986325624,0.136281137522319,0.137136006976891,0.136225794291143,0.137191350208066,0.153207888310528
"61",0,0.0120246978162647,0.00764015830198714,0.0540829312833332,0.227217989296499,0.136050427075543,0.136902660612708,0.135995244994522,0.136957842693729,0.153128047925415
"62",0,0.0122538678770763,0.00762050840844433,0.0547420342497772,0.227334128192217,0.135827860856515,0.136677530097868,0.135772835607017,0.136732555347365,0.15303867936372
"63",0,0.012482926112983,0.00760130167991282,0.0553994733214743,0.22742924819614,0.1356130929522,0.136460266653369,0.135558220383455,0.136515139222115,0.15294033147835
"64",0,0.0127118657777726,0.00758251400471755,0.0560552844993661,0.227504154787513,0.135405792738997,0.136250536926686,0.135351068860322,0.136305260805361,0.152833521599265
"65",0,0.0129406803658731,0.00756412503606465,0.0567095021288586,0.227559618593924,0.135205644835718,0.136048022937653,0.135151065809145,0.136102601964226,0.152718738328538
"66",0,0.0131693636038369,0.00754611623850971,0.0573621589964579,0.227596377766803,0.135012348469295,0.135852421462545,0.134957910601143,0.135906859330696,0.152596443530713
"67",0,0.0133979094417259,0.00752847019426911,0.0580132864050102,0.227615139862156,0.134825616749027,0.135663443261277,0.134771316484116,0.135717743526187,0.152467074076232
"68",0,0.0136263120447265,0.00751117062170836,0.0586629142731171,0.227616583362411,0.134645175885828,0.135480812300196,0.134591009801503,0.135534978384521,0.152331043325988
"69",0,0.0138545657851803,0.00749420220313489,0.0593110712137364,0.227601359181248,0.13447076449224,0.135304265047725,0.134416729292631,0.135358300247334,0.152188742536769
"70",0,0.0140826652349568,0.00747755047706264,0.0599577846053312,0.227570092053925,0.134302132922062,0.135133549808905,0.134248225432629,0.135187457298338,0.152040542166791
"71",0,0.014310605158161,0.00746120176425545,0.0606030806576544,0.227523381835808,0.134139042648649,0.13496842609864,0.134085259811004,0.135022208936285,0.151886793089543
"72",0,0.0145383805041657,0.00744514310975833,0.0612469844730002,0.227461804721092,0.133981265680824,0.134808664052814,0.133927604547827,0.134862325185811,0.151727827724708
"73",0,0.0147812133502145,0.00742917600253463,0.0618895074956959,0.227377852647134,0.13382711107456,0.134652560451448,0.133773569472736,0.134706102053272,0.151562907452404
"74",0,0.0150238541219203,0.00741349972034415,0.0625306723648388,0.227280249091,0.133677825018571,0.134501370159382,0.133624400214885,0.134554794963068,0.151393334345991
"75",0,0.0152662980553899,0.00739808617780384,0.0631705013311239,0.227169504240816,0.133533211289572,0.134354895300527,0.133479900649613,0.134408205940486,0.151219397014669
"76",0,0.01550854054948,0.0073829202353802,0.0638090157225591,0.227046105124878,0.133393080511862,0.13421294491636,0.133339881495777,0.134266143932445,0.151041367511258
"77",0,0.0157505771637964,0.00736799047268971,0.0644462359875984,0.226910519992363,0.133257250862255,0.134075335668389,0.133204161020836,0.134128425509809,0.150859503322264
"78",0,0.0159924036143549,0.00735328685311687,0.0650821817425934,0.226763199767977,0.133125547988503,0.1339418917861,0.133072564957592,0.133994874817011,0.150674048472751
"79",0,0.0162340157687149,0.00733879992403111,0.0657168717971698,0.226604579016734,0.132997804763841,0.133812444767588,0.132944926261784,0.133865323269645,0.150485234430492
"80",0,0.0164754096410467,0.00732452090494659,0.0663503242153885,0.226435076561369,0.132873860923323,0.133686833025467,0.132821084747894,0.133739609200896,0.150293280779669
"81",0,0.0167165813874092,0.0073104415282004,0.0669825563554768,0.226255096173037,0.132753562757262,0.133564901579642,0.132700886782629,0.133617577554276,0.150098395882068
"82",0,0.0169575273011603,0.00729655395475265,0.0676135849044702,0.226065027203799,0.132636762813789,0.13344650175796,0.132584184987585,0.133499079584165,0.149900777492319
"83",0,0.0171982438085159,0.00728285072765059,0.0682434259100042,0.22586524518194,0.132523319612663,0.133331490907837,0.132470837953185,0.133383972567315,0.149700613330888
"84",0,0.0174387274642621,0.0072693247414968,0.0688720948099659,0.225656112378511,0.132413097372075,0.133219732120893,0.132360709965605,0.133272119527363,0.149498081619828
"85",0,0.0176982238710471,0.00725573583755552,0.0694995906178318,0.225427747580228,0.132304112456438,0.133109227633465,0.132251818285714,0.133161521804189,0.149292021913531
"86",0,0.017957453140015,0.00724234139359386,0.0701259271043039,0.225190892776229,0.132198068577118,0.133001693030929,0.132145865864356,0.13305389574369,0.149083862369766
"87",0,0.018216412045397,0.00722911419320573,0.0707511182097767,0.224945870849684,0.132094849794979,0.132897011359548,0.132042736823866,0.13294912433066,0.148873762392884
"88",0,0.0184750974719107,0.00721604261366098,0.0713751773392215,0.224692988967861,0.131994342800341,0.132795068334622,0.13194231791368,0.132847093221282,0.148661871337421
"89",0,0.0187335064162073,0.00720311924421751,0.0719981173827314,0.224432543300455,0.13189643810951,0.132695753536434,0.131844499706916,0.132747691939028,0.148448330364501
"90",0,0.0189916359849838,0.00719033802756162,0.0726199507439809,0.224164820176594,0.131801030263711,0.132598960648946,0.131749176797047,0.132650814115611,0.148233273241565
"91",0,0.0192494833921989,0.00717769328793194,0.0732406893425026,0.223890096687568,0.13170801780655,0.132504587371698,0.131656247779075,0.132556357399172,0.148016826933303
"92",0,0.0195070459560216,0.00716517986715384,0.0738603446628649,0.223608640894603,0.131617303095106,0.132412535244979,0.131565615059845,0.132464223280239,0.147799111939188
"93",0,0.0197643210958925,0.00715279294678409,0.074478927778772,0.223320712164737,0.131528792165914,0.132322709517018,0.131477184723959,0.132374316958972,0.147580242647952
"94",0,0.0200213063296093,0.00714052796199604,0.0750964493723991,0.223026561466545,0.131442394596911,0.132235019005478,0.131390866395755,0.132286547206634,0.147360327664673
"95",0,0.0202779992704597,0.00712838056088479,0.0757129197516342,0.222726431649392,0.131358023369151,0.132149375958227,0.131306573101073,0.132200826226305,0.147139470112874
"96",0,0.0205343976244231,0.00711634658239227,0.0763283488660021,0.222420557714459,0.131275594731439,0.132065695916969,0.131224221131954,0.132117069516454,0.146917767915908
"97",0,0.0208103215690282,0.00710418289603796,0.0769427300562886,0.222098635815195,0.131193117641323,0.131981973841255,0.131141820336787,0.13203327114579,0.146693946698295
"98",0,0.0210859139461195,0.00709215571948896,0.077556072053174,0.221771603692481,0.131112398878988,0.131900029026911,0.13106117669523,0.131951251210669,0.146469398776939
"99",0,0.0213611726872591,0.00708024005150764,0.0781683839900174,0.221439670990771,0.131033368157307,0.131819790538237,0.130982219959939,0.131870938735605,0.146244214889357
"100",0,0.021636095799795,0.00706842658142945,0.0787796746689234,0.221103036052418,0.1309559558092,0.13174118808366,0.130904880502158,0.131792263390701,0.146018479111715
"101",0,0.0219106813700786,0.00705671014810406,0.0793899525710656,0.22076189045858,0.130880094110611,0.131664153338843,0.130829090634699,0.131715156814755,0.145792270553264
"102",0,0.0221849275629546,0.00704508684881338,0.0799992258758795,0.220416419982036,0.13080571758155,0.131588620289453,0.130754784910618,0.131639552960384,0.145565663988311
"103",0,0.0224588326201969,0.00703355305635379,0.0806075024537619,0.220066804999194,0.130732763056336,0.131514525234706,0.130681900197234,0.131565388093809,0.145338730288408
"104",0,0.0227323948585819,0.00702210556731399,0.0812147899074744,0.219713220511994,0.130661169577862,0.13144180669671,0.130610375569553,0.13149260070502,0.14511153660549
"105",0,0.0230056126680264,0.00701074142674276,0.0818210955883835,0.219355836313103,0.130590878343038,0.131370405367797,0.130540152255617,0.131421131455218,0.144884146582074
"106",0,0.0232784845096893,0.00699945784590699,0.0824264266083091,0.218994817120514,0.130521832639348,0.131300264047248,0.130471173573048,0.131350923113548,0.144656620542388
"107",0,0.0235510089140729,0.00698825216597386,0.083030789849678,0.218630322704901,0.130453977776733,0.131231327572813,0.130403384860955,0.131281920488591,0.144429015666281
"108",0,0.0238231844791444,0.00697712184032293,0.0836341919747411,0.218262508017417,0.130387261018335,0.131163542750989,0.130336733410711,0.131214070358613,0.144201386149726
"109",0,0.0241169779944337,0.00696580008989786,0.0842366214302242,0.217879890381028,0.130319504245948,0.131094716324591,0.130269042069404,0.131145178501135,0.143972268963339
"110",0,0.024410380271762,0.00695458280781852,0.0848380838591609,0.21749446079447,0.130252756236282,0.131026911176775,0.130202358711739,0.131077308701317,0.143743157440675
"111",0,0.024703390151298,0.0069434443207992,0.0854385855035004,0.217106356346523,0.13018697465547,0.13096008454524,0.130136641030402,0.131010418170308,0.143514105276459
"112",0,0.0249960065229038,0.00693237609520392,0.0860381323859625,0.216715704987187,0.130122116480277,0.130894192994137,0.130071846027728,0.130944463446687,0.143285161059913
"113",0,0.0252882283312544,0.00692137407633042,0.0866367303150853,0.216322630354451,0.130058139516032,0.130829193932522,0.130007931533621,0.130879401914933,0.143056370025771
"114",0,0.0255800545764729,0.00691043552066915,0.0872343849003905,0.21592725268211,0.129995002786894,0.130765046051339,0.129944856593173,0.130815192245059,0.142827774643892
"115",0,0.025871484313466,0.0068995579191129,0.0878311015385142,0.215529689128296,0.129932666669111,0.130701709383201,0.129882581604077,0.130751794448235,0.142599414995986
"116",0,0.0261625166507828,0.00688873916596977,0.0884268854534841,0.215130053682053,0.129871092827009,0.130639145255393,0.129821068251669,0.130689169830733,0.142371328882907
"117",0,0.0264531507495062,0.0068779773688912,0.089021741709455,0.214728457234902,0.129810244202844,0.130577316282219,0.129760279498652,0.130627280986411,0.142143551967119
"118",0,0.0267433858220604,0.00686727076123622,0.0896156752188587,0.214325007624325,0.129750084994277,0.130516186343029,0.129700179562536,0.13056609177477,0.141916117898908
"119",0,0.0270332211309793,0.00685661766487071,0.0902086907489242,0.213919809674496,0.129690580624253,0.130455720552071,0.129640733885521,0.130505567290802,0.141689058428082
"120",0,0.0273226559876601,0.00684601647333017,0.0908007929273927,0.213512965242373,0.129631697707373,0.130395885224682,0.129581909100888,0.130445673831167,0.141462403505134
"121",0,0.0276341015439903,0.00683519630272278,0.0913919678836696,0.213092767808189,0.129571218196169,0.130334447042131,0.12952148813611,0.13038417710219,0.141234635984829
"122",0,0.0279451017867566,0.00682445940782321,0.0919822193680199,0.212671339837513,0.12951126641757,0.130273544860492,0.129461594388805,0.130323216889257,0.141007257043764
"123",0,0.0282556562904495,0.00681378062600558,0.0925715518159344,0.212248769993713,0.129451817436891,0.130213153456918,0.129402202942298,0.130262767951511,0.140780299486279
"124",0,0.0285657646597876,0.00680315213114373,0.093159969511241,0.21182513936308,0.129392844947658,0.130153246247715,0.129343287507439,0.130202803687934,0.140553791944003
"125",0,0.0288754265360555,0.00679257060294575,0.0937474765884385,0.211400526261486,0.129334322842756,0.130093796860151,0.129284821993718,0.130143297709188,0.140327760605262
"126",0,0.0291846415985105,0.0067820340178787,0.0943340770453482,0.210975007082957,0.129276225638748,0.130034779604687,0.129226780930878,0.130084224312558,0.140102229768435
"127",0,0.0294934095643384,0.00677154055905579,0.0949197747263958,0.210548656570495,0.129218528637337,0.129976169561616,0.129169139634595,0.130025558564357,0.13987722218181
"128",0,0.0298017301880622,0.00676108879084838,0.0955045733611493,0.210121547663016,0.129161207884753,0.129917942557946,0.129111874164911,0.129967276277788,0.139652759111526
"129",0,0.0301096032609627,0.00675067746672465,0.0960884765748851,0.209693751513863,0.129104240184839,0.1298600751832,0.129054961339158,0.129909354028881,0.139428860447487
"130",0,0.030417028610385,0.00674030544133492,0.0966714878945949,0.209265337483506,0.129047603098321,0.129802544789431,0.128998378731193,0.129851769156559,0.139205544794676
"131",0,0.0307240060989792,0.00672997163385628,0.0972536107534367,0.208836373132063,0.128991274933258,0.129745329481815,0.128942104661847,0.129794499753226,0.138982829551519
"132",0,0.0310305356239051,0.00671967501199792,0.0978348484944626,0.208406924219605,0.128935234730907,0.129688408104484,0.128886118184783,0.129737524650607,0.138760730979248
"133",0,0.0313617883811832,0.00670911221016958,0.0984151837413378,0.207963883426093,0.128876985858505,0.129629266986029,0.128827923756094,0.12967832908844,0.138537526552147
"134",0,0.031692541113385,0.0066986231694792,0.0989946189810087,0.20752073588088,0.12881895087231,0.129570345149609,0.128769942878274,0.129619353143646,0.138314888811409
"135",0,0.032022794021389,0.00668818042635982,0.0995731575287856,0.207077536500074,0.128761116661805,0.129511629286558,0.128712162453283,0.12956058349508,0.138092839626666
"136",0,0.0323525473189,0.00667777587952862,0.100150802586365,0.206634333111307,0.128703468056711,0.1294531040367,0.128654567322786,0.129502004770625,0.137871396917076
"137",0,0.0326818012408091,0.00666740644214566,0.100727557242487,0.206191171763746,0.128645989607976,0.129394753770182,0.128597142049111,0.129443601329047,0.137650576554496
"138",0,0.0330105560455551,0.00665707045337189,0.101303424485023,0.2057480976241,0.128588666083179,0.129336563136858,0.128539871407594,0.129385357812444,0.137430392951875
"139",0,0.033338812015706,0.00664676646130223,0.101878407180406,0.205305155233765,0.128531482665819,0.129278517181611,0.128482740590611,0.12932725925682,0.137210859413961
"140",0,0.0336665694578571,0.00663649342039726,0.102452508115065,0.204862388295171,0.128474424927306,0.129220601336088,0.12842573517848,0.129269291084913,0.136991988184722
"141",0,0.0339938287025234,0.00662625047655234,0.103025730005506,0.204419839652886,0.128417478858465,0.129162801453372,0.128368841170791,0.129211439141046,0.136773790538859
"142",0,0.034320590103877,0.00661603686925628,0.103598075503338,0.203977551247466,0.128360630884753,0.129105103824174,0.128312045001563,0.129153689707364,0.13655627685821
"143",0,0.0346468540393846,0.0066058518912507,0.104169547198623,0.203535564070733,0.128303867870866,0.129047495181708,0.128255333543846,0.129096029508729,0.13633945669486
"144",0,0.0349726209093859,0.00659569487134661,0.104740147622485,0.203093918131305,0.128247177119525,0.128989962700566,0.128198694108496,0.129038445711596,0.136123338825295
"145",0,0.0353249237161949,0.00658524044190845,0.10530985707826,0.202638614189779,0.128187861082549,0.128929790566303,0.128139430315607,0.128978221333245,0.135906061276155
"146",0,0.0356766715932318,0.0065748540317671,0.105878677254481,0.202184001584784,0.128128556368634,0.128869633197835,0.128080177633465,0.128918011933004,0.135689416402799
"147",0,0.0360278652871535,0.00656450661330008,0.106446610762934,0.201730111038275,0.128069257775795,0.128809485256105,0.128020930868773,0.128857812163127,0.135473420234537
"148",0,0.0363785055427175,0.006554189881805,0.107013660125639,0.201276966556472,0.128009957586936,0.128749338893493,0.127961682312689,0.12879761416774,0.135258084932509
"149",0,0.0367285931129671,0.00654390088976306,0.107579827774606,0.200824591068692,0.127950647492487,0.128689185677379,0.127902423663433,0.128737409506433,0.135043420814239
"150",0,0.0370781287624338,0.00653363820294808,0.108145116063604,0.200373007350751,0.127891319133729,0.12862901719157,0.12784314656632,0.128677189758979,0.134829436969665
"151",0,0.0374271132682558,0.00652340059963067,0.108709527245205,0.199922238270174,0.127831964326927,0.12856882517024,0.127783842842982,0.128616946654184,0.134616141622402
"152",0,0.0377755474204885,0.00651318728304181,0.109273063514326,0.199472306530603,0.127772575043323,0.128508601499196,0.127724504470194,0.128556672072325,0.134403542166502
"153",0,0.0381234320223955,0.00650299765067918,0.109835727018078,0.199023234626845,0.127713143452589,0.128448338262793,0.127665123623126,0.128496358092255,0.134191645251238
"154",0,0.0384707678905443,0.00649283118957861,0.110397519860219,0.19857504477186,0.127653661948281,0.128388027770513,0.127605692700742,0.128435997018052,0.133980456850209
"155",0,0.0388175558547755,0.00648268743336476,0.110958444103842,0.198127758826413,0.127594123161482,0.128327662570965,0.127546204339423,0.128375581393024,0.133769982316711
"156",0,0.0391637967580898,0.00647256594417749,0.111518501773294,0.197681398240748,0.127534519967795,0.128267235459044,0.127486651419949,0.12831510400689,0.133560226430014
"157",0,0.0395386680469987,0.00646211579203745,0.112077670912592,0.197220956845393,0.127471917577368,0.128203791915932,0.127424100415253,0.128251609078046,0.13334916941638
"158",0,0.0399129276014736,0.00645173168848709,0.112635952690318,0.196761779450735,0.127409197633508,0.128140232931534,0.127361431729049,0.128187998835993,0.133138747438902
"159",0,0.0402865766629906,0.00644138261114149,0.113193349293554,0.19630387903797,0.12734636050097,0.128076558775103,0.127298645732177,0.128124273543895,0.132928973842199
"160",0,0.0406596164574498,0.00643105985554154,0.113749862833479,0.195847261977188,0.127283403626949,0.128012766803869,0.127235739877553,0.128060430553266,0.132719858014705
"161",0,0.0410320482074564,0.00642076048068741,0.114305495344632,0.195391934064602,0.127220323623441,0.127948853546406,0.127172710782476,0.127996466387371,0.132511407562928
"162",0,0.0414038731364298,0.00641048316631696,0.114860248796761,0.194937901490778,0.127157116861463,0.127884815359627,0.12710955481931,0.12793237740178,0.132303628967533
"163",0,0.0417750924702576,0.0064002268149447,0.115414125069644,0.194485171083128,0.127093779719288,0.127820648579669,0.127046268369201,0.127868159929756,0.132096527964111
"164",0,0.0421457074379973,0.00638999078100705,0.115967125999517,0.194033750012372,0.127030308567405,0.127756349529837,0.126982847805778,0.127803810291465,0.131890109574622
"165",0,0.0425157192725433,0.00637977462159916,0.116519253389085,0.193583645727324,0.126966699821655,0.12769191457753,0.126919289548071,0.127739324851114,0.131684378191079
"166",0,0.0428851292110562,0.00636957798352832,0.117070509011737,0.193134865860166,0.126902949976599,0.12762734016887,0.126855590093818,0.127674700051651,0.131479337642575
"167",0,0.0432539384952334,0.00635940055712918,0.117620894613856,0.19268741813539,0.126839055625849,0.127562622849457,0.126791746039765,0.127609932435541,0.13127499124778
"168",0,0.0436221483714748,0.00634924205696279,0.118170411916334,0.192241310292398,0.126775013474966,0.127497759277496,0.126727754094559,0.127545018657903,0.131071341857908
"169",0,0.0440205994278784,0.00633873171668013,0.118719037297719,0.191780803945188,0.126707693124242,0.127429598152308,0.126660485197264,0.127476806079286,0.130866245059434
"170",0,0.0444183802945631,0.00632828694827864,0.119266771611406,0.191321968795356,0.126640177083893,0.127361242554358,0.126593020539208,0.127408399099044,0.130661753073894
"171",0,0.0448154926682351,0.00631787515505901,0.119813616800696,0.190864804629997,0.126572469602052,0.12729269666551,0.126525364372771,0.127339801894791,0.130457878210889
"172",0,0.0452119382175125,0.00630748729672147,0.120359574741417,0.190409304700492,0.12650457170996,0.127223961455595,0.126457517733111,0.127271015432443,0.130254628712747
"173",0,0.045607718597281,0.00629712041260317,0.120904647241002,0.189955462063922,0.126436483428627,0.127155036890149,0.126389480644789,0.127202039673986,0.130052011047642
"174",0,0.0460028354536794,0.00628677324628994,0.121448836050411,0.189503270584147,0.126368204402618,0.127085922630559,0.126321252751782,0.127132874281395,0.129850030599118
"175",0,0.0463972904262635,0.00627644477401124,0.12199214283744,0.189052725170991,0.12629973416636,0.127016618197492,0.126252833589614,0.127063518774238,0.129648692063589
"176",0,0.0467910851490713,0.00626613444614483,0.122534569235487,0.188603821457357,0.126231072132606,0.126947122983661,0.126184222572469,0.126993972543797,0.129447999479407
"177",0,0.0471842212516385,0.00625584192322325,0.123076116853777,0.188156555718398,0.126162217652696,0.126877436318126,0.126115419053232,0.12692423491759,0.129247956311319
"178",0,0.0475767003597354,0.00624556695647946,0.123616787281453,0.187710924760106,0.126093170055654,0.126807557506755,0.126046422362507,0.126854305199901,0.129048565517408
"179",0,0.0479685240959126,0.00623530933907313,0.124156582089671,0.187266925812412,0.126023928673282,0.126737485857796,0.12597723183369,0.126784182697388,0.128849829600775
"180",0,0.0483596940799207,0.00622506888578474,0.124695502832845,0.186824556437286,0.125954492857229,0.126667220699216,0.125907846820019,0.126713866736426,0.128651750651274
"181",0,0.0487833485538617,0.00621444740122922,0.125233523841637,0.186367046632137,0.125881466384293,0.126593343279989,0.125834872542303,0.126639937121979,0.12845201424257
"182",0,0.0492062704010203,0.00620389348398114,0.12577064576759,0.185911503506645,0.125808199855389,0.126519226427413,0.125761658175392,0.12656576810741,0.128252834275159
"183",0,0.0496284617588384,0.00619337224393811,0.126306870441912,0.185457916721454,0.12573470047871,0.126444877303468,0.125688210930459,0.126491366851718,0.128054223269503
"184",0,0.050049924723778,0.00618287407604984,0.126842199631751,0.185006269254623,0.125660971911006,0.126370299523217,0.125614534466922,0.1264167369673,0.127856189445353
"185",0,0.0504706613682866,0.00617239589846771,0.127376635039238,0.184556544181408,0.125587016633229,0.126295495531593,0.125540631268047,0.126341880896775,0.127658739182955
"186",0,0.0508906737468351,0.00616193645329234,0.127910178313811,0.184108725732026,0.125512836635959,0.126220467360131,0.125466503322331,0.126266800673759,0.127461877761855
"187",0,0.0513099638986577,0.00615149473186081,0.128442831023639,0.183662799535154,0.12543843370803,0.12614521680507,0.125392152418375,0.126191498094724,0.12726560978449
"188",0,0.0517285338492063,0.00614107023305915,0.128974594707853,0.183218752262137,0.125363809427257,0.126069745444204,0.125317580134166,0.126115974737295,0.127069939204822
"189",0,0.0521463856115407,0.00613066267900618,0.129505470887296,0.182776571531632,0.125288965228079,0.125994054708896,0.125242787904474,0.1260402320325,0.126874869416576
"190",0,0.0525635211873855,0.00612027188655922,0.130035461068675,0.182336245781799,0.125213902446234,0.125918145930222,0.125167777065449,0.125964271311007,0.126680403322669
"191",0,0.0529799425679602,0.00610989771489215,0.130564566746578,0.181897764147828,0.125138622348225,0.125842020368993,0.125092548884058,0.12588809383316,0.126486543388306
"192",0,0.0533956517346549,0.0060995400437202,0.131092789404574,0.181461116355984,0.125063126152038,0.125765679236764,0.125017104578783,0.125811700810019,0.126293291683461
"193",0,0.0538470315731008,0.0060887619836759,0.131620100650034,0.181008050937346,0.124983647934205,0.125685331788391,0.124937679818336,0.12573129990426,0.126098095410651
"194",0,0.0542976090957538,0.00607805598534855,0.132146501000032,0.180557176600942,0.124903907646171,0.125604722506387,0.124857992979114,0.125650637173444,0.125903397012809
"195",0,0.0547473868948369,0.00606738384142089,0.132671992271754,0.180108474785294,0.124823914967308,0.125523861037468,0.124778053742606,0.12556972226217,0.125709210197142
"196",0,0.055196367507107,0.00605673508088989,0.133196576217489,0.179661919857107,0.124743675608529,0.125442753064358,0.124697867821535,0.125488560851352,0.125515543991632
"197",0,0.0556445534343037,0.00604610638634514,0.133720254523754,0.179217486522793,0.124663193924385,0.125361402919126,0.124617439571902,0.125407157271609,0.125322405445781
"198",0,0.0560919471505473,0.00603549643627859,0.134243028824395,0.178775150974146,0.124582473669284,0.12527981441763,0.124536772744776,0.125325515342139,0.125129800440804
"199",0,0.05653855110579,0.00602490418365708,0.13476490066948,0.178334891144061,0.124501518315874,0.125197991056643,0.124455870811527,0.125243638560991,0.124937734151977
"200",0,0.0569843677277292,0.00601432913780953,0.135285871582556,0.177896686309421,0.12442033104727,0.125115936034752,0.124374736954466,0.125161530127556,0.124746211078441
"201",0,0.0574293994236386,0.00600377105153789,0.135805943072289,0.177460516979973,0.124338914833464,0.125033652333585,0.124293374142992,0.125079193024058,0.124555235138462
"202",0,0.0578736485817942,0.00599322977986977,0.136325116636874,0.177026364751899,0.124257272482324,0.124951142770442,0.124211785184492,0.124996630068274,0.12436480974403
"203",0,0.0583171175726263,0.00598270522245758,0.136843393766077,0.176594212167662,0.124175406673754,0.124868410033069,0.124129972758478,0.124913843948344,0.124174937857533
"204",0,0.0587598087496805,0.00597219729968426,0.137360775942288,0.176164042594311,0.12409331998415,0.124785456704459,0.124047939441017,0.124830837247591,0.123985622036819
"205",0,0.0592401333751035,0.00596124520787718,0.137877233128865,0.175716759266772,0.124006996701814,0.124698240768988,0.12396167120889,0.124743566261912,0.123794154079779
"206",0,0.0597195812087735,0.00595036856892331,0.138392765808286,0.17527182671851,0.123920407000912,0.12461075842722,0.123875136564008,0.124656028864124,0.123603126839243
"207",0,0.0601981552967686,0.00593952711664725,0.138907375837081,0.174829219856191,0.123833562279404,0.124523021055,0.123788346905778,0.124568236428626,0.123412555224502
"208",0,0.0606758586159446,0.00592870984165989,0.139421065005972,0.174388906350789,0.123746469694774,0.124435035792034,0.12370130939283,0.124480196093978,0.123222449212018
"209",0,0.0611526940975781,0.00591791327882893,0.139933835039261,0.173950854428114,0.123659134925159,0.124346808304327,0.123614029704092,0.124391913525394,0.123032816697247
"210",0,0.0616286646360302,0.00590713606397842,0.140445687608277,0.173515034061744,0.123571562971092,0.124258343668407,0.12352651283586,0.12430339380364,0.122843664350971
"211",0,0.0621037730928713,0.00589637712489522,0.140956624298962,0.173081417230535,0.123483758492658,0.124169646580601,0.123438763446179,0.124214641627081,0.122654998106219
"212",0,0.062578022299239,0.00588563597670722,0.141466646672275,0.172649977492783,0.123395725803399,0.124080721381211,0.123350785847076,0.124125661337534,0.122466823189775
"213",0,0.063051415058093,0.00587491239080469,0.141975756276415,0.17222068986234,0.123307468952782,0.123991572142067,0.123262584086746,0.124036457008103,0.122279144222649
"214",0,0.0635239541459997,0.00586420624554339,0.142483954651379,0.17179353064794,0.123218991781601,0.12390220272367,0.123174162004851,0.123947032500421,0.122091965298595
"215",0,0.0639956423145949,0.00585351746536772,0.142991243331033,0.171368477299701,0.123130297959475,0.123812616813351,0.123085523269989,0.123857391502837,0.121905290043652
"216",0,0.0644664822918255,0.00584284599557338,0.143497623844136,0.170945508275545,0.123041391011986,0.123722817952782,0.122996671406811,0.123767537557958,0.121719121663384
"217",0,0.0649774731117286,0.00583170064325134,0.144003064113681,0.170504425789922,0.122947941958065,0.123628448979294,0.12290327924458,0.123673111692779,0.121530554466699
"218",0,0.0654875055858325,0.00582063550358827,0.144507564620431,0.17006581461173,0.122854233300471,0.123533820303003,0.122809627491634,0.12357842611184,0.121342372471469
"219",0,0.0659965832377229,0.00580960766155116,0.145011127310899,0.169629644260049,0.122760277916679,0.123438944786295,0.122715729026449,0.123483493676525,0.121154592123829
"220",0,0.0665047095064853,0.00579860539800639,0.145513754062618,0.169195876709274,0.122666084122725,0.12334383073447,0.122621592165754,0.123388322691441,0.120967224609227
"221",0,0.0670118877742699,0.00578762503661503,0.146015446683871,0.168764474670704,0.122571658622576,0.123248484846519,0.122527223613849,0.123292919855246,0.120780278896349
"222",0,0.0675181213764799,0.00577666513683144,0.146516206927677,0.168335402851254,0.122477007366532,0.123152913161391,0.122432629316024,0.123197291211898,0.120593762651913
"223",0,0.0680234136066852,0.00576572457275302,0.147016036457709,0.167908628217687,0.122382135911323,0.123057121281817,0.122337814826364,0.123101442366776,0.120407682758885
"224",0,0.0685277677194861,0.00575480284564798,0.147514936912762,0.167484119537821,0.122287049415284,0.122961114401766,0.122242785301129,0.123005378515922,0.120222045350183
"225",0,0.0690311869332512,0.00574389972987642,0.148012909919744,0.167061847243615,0.122191752727669,0.122864897401189,0.122147545587772,0.122909104541086,0.120036855915798
"226",0,0.0695336744323034,0.00573301511340062,0.148509957098495,0.166641783255349,0.122096250448895,0.12276847490813,0.122052100285079,0.122812625071946,0.119852119386402
"227",0,0.0700352333687303,0.00572214893275264,0.149006080063944,0.166223900813881,0.122000546971564,0.122671851340466,0.121956453784153,0.122715944527877,0.119667840196632
"228",0,0.070535866863932,0.00571130114608389,0.149501280427138,0.165808174334503,0.121904646510358,0.122575030936199,0.121860610298283,0.122619067148275,0.119484022335229
"229",0,0.0710810110014124,0.00569992835532186,0.149995522612348,0.165372426826965,0.121803704221286,0.122473137505372,0.121759726998581,0.122517114728077,0.119297427750636
"230",0,0.0716251017794984,0.00568864376129965,0.150488807089303,0.164939262876886,0.121702514827887,0.122370996830065,0.121658596610059,0.122414915047892,0.11911116117711
"231",0,0.0721681432761994,0.00567739987279917,0.150981135949084,0.164508646870773,0.121601092884642,0.122268623453408,0.12155723368796,0.12231248265009,0.118925241355046
